word,word_len,word_upper,word_lower,word_digits,line_symbolic_percent,line_space_percent,line_num_world,line_num_columns,line_front_spaces_perc,line_back_spaces
MNRAS,5,1.0,0.0,0.0,0.39378238341968913,0.6062176165803108,15,30,0.23711340206185566,0.005154639175257714
"000,",4,0.0,0.0,0.75,0.39378238341968913,0.6062176165803108,15,30,0.23711340206185566,0.005154639175257714
1–10,4,0.0,0.0,0.75,0.39378238341968913,0.6062176165803108,15,30,0.23711340206185566,0.005154639175257714
(2021),6,0.0,0.0,0.6666666666666666,0.39378238341968913,0.6062176165803108,15,30,0.23711340206185566,0.005154639175257714
Preprint,8,0.125,0.875,0.0,0.39378238341968913,0.6062176165803108,15,30,0.23711340206185566,0.005154639175257714
11,2,0.0,0.0,1.0,0.39378238341968913,0.6062176165803108,15,30,0.23711340206185566,0.005154639175257714
January,7,0.14285714285714285,0.8571428571428571,0.0,0.39378238341968913,0.6062176165803108,15,30,0.23711340206185566,0.005154639175257714
2021,4,0.0,0.0,1.0,0.39378238341968913,0.6062176165803108,15,30,0.23711340206185566,0.005154639175257714
Compiled,8,0.125,0.875,0.0,0.39378238341968913,0.6062176165803108,15,30,0.23711340206185566,0.005154639175257714
using,5,0.0,1.0,0.0,0.39378238341968913,0.6062176165803108,15,30,0.23711340206185566,0.005154639175257714
MNRAS,5,1.0,0.0,0.0,0.39378238341968913,0.6062176165803108,15,30,0.23711340206185566,0.005154639175257714
LATEX,5,1.0,0.0,0.0,0.39378238341968913,0.6062176165803108,15,30,0.23711340206185566,0.005154639175257714
style,5,0.0,1.0,0.0,0.39378238341968913,0.6062176165803108,15,30,0.23711340206185566,0.005154639175257714
file,4,0.0,1.0,0.0,0.39378238341968913,0.6062176165803108,15,30,0.23711340206185566,0.005154639175257714
v3.0,4,0.0,0.25,0.5,0.39378238341968913,0.6062176165803108,15,30,0.23711340206185566,0.005154639175257714
Activity,8,0.125,0.875,0.0,0.5344827586206896,0.4655172413793104,9,1,0.23711340206185566,0.4020618556701031
of,2,0.0,1.0,0.0,0.5344827586206896,0.4655172413793104,9,1,0.23711340206185566,0.4020618556701031
the,3,0.0,1.0,0.0,0.5344827586206896,0.4655172413793104,9,1,0.23711340206185566,0.4020618556701031
first,5,0.0,1.0,0.0,0.5344827586206896,0.4655172413793104,9,1,0.23711340206185566,0.4020618556701031
interstellar,12,0.0,1.0,0.0,0.5344827586206896,0.4655172413793104,9,1,0.23711340206185566,0.4020618556701031
comet,5,0.0,1.0,0.0,0.5344827586206896,0.4655172413793104,9,1,0.23711340206185566,0.4020618556701031
2I/Borisov,10,0.2,0.6,0.1,0.5344827586206896,0.4655172413793104,9,1,0.23711340206185566,0.4020618556701031
around,6,0.0,1.0,0.0,0.5344827586206896,0.4655172413793104,9,1,0.23711340206185566,0.4020618556701031
perihelion:,11,0.0,0.9090909090909091,0.0,0.5344827586206896,0.4655172413793104,9,1,0.23711340206185566,0.4020618556701031
Results,7,0.14285714285714285,0.8571428571428571,0.0,0.379746835443038,0.620253164556962,4,1,0.23711340206185566,0.5927835051546392
from,4,0.0,1.0,0.0,0.379746835443038,0.620253164556962,4,1,0.23711340206185566,0.5927835051546392
Indian,6,0.16666666666666666,0.8333333333333334,0.0,0.379746835443038,0.620253164556962,4,1,0.23711340206185566,0.5927835051546392
observatories,13,0.0,1.0,0.0,0.379746835443038,0.620253164556962,4,1,0.23711340206185566,0.5927835051546392
Aravind,7,0.14285714285714285,0.8571428571428571,0.0,0.5384615384615384,0.46153846153846156,9,1,0.23711340206185566,0.3969072164948454
"Krishnakumar1,2?",16,0.0625,0.6875,0.125,0.5384615384615384,0.46153846153846156,9,1,0.23711340206185566,0.3969072164948454
",",1,0.0,0.0,0.0,0.5384615384615384,0.46153846153846156,9,1,0.23711340206185566,0.3969072164948454
Shashikiran,11,0.09090909090909091,0.9090909090909091,0.0,0.5384615384615384,0.46153846153846156,9,1,0.23711340206185566,0.3969072164948454
Ganesh1,7,0.14285714285714285,0.7142857142857143,0.14285714285714285,0.5384615384615384,0.46153846153846156,9,1,0.23711340206185566,0.3969072164948454
",",1,0.0,0.0,0.0,0.5384615384615384,0.46153846153846156,9,1,0.23711340206185566,0.3969072164948454
Kumar,5,0.2,0.8,0.0,0.5384615384615384,0.46153846153846156,9,1,0.23711340206185566,0.3969072164948454
Venkataramani3,14,0.07142857142857142,0.8571428571428571,0.07142857142857142,0.5384615384615384,0.46153846153846156,9,1,0.23711340206185566,0.3969072164948454
",",1,0.0,0.0,0.0,0.5384615384615384,0.46153846153846156,9,1,0.23711340206185566,0.3969072164948454
Devendra,8,0.125,0.875,0.0,0.5267857142857143,0.4732142857142857,8,1,0.23711340206185566,0.4226804123711341
"Sahu,4",6,0.16666666666666666,0.5,0.16666666666666666,0.5267857142857143,0.4732142857142857,8,1,0.23711340206185566,0.4226804123711341
Dorje,5,0.2,0.8,0.0,0.5267857142857143,0.4732142857142857,8,1,0.23711340206185566,0.4226804123711341
"Angchuk,4",9,0.1111111111111111,0.6666666666666666,0.1111111111111111,0.5267857142857143,0.4732142857142857,8,1,0.23711340206185566,0.4226804123711341
Thirupathi,10,0.1,0.9,0.0,0.5267857142857143,0.4732142857142857,8,1,0.23711340206185566,0.4226804123711341
"Sivarani,4",10,0.1,0.7,0.1,0.5267857142857143,0.4732142857142857,8,1,0.23711340206185566,0.4226804123711341
Athira,6,0.16666666666666666,0.8333333333333334,0.0,0.5267857142857143,0.4732142857142857,8,1,0.23711340206185566,0.4226804123711341
Unni4,5,0.2,0.6,0.2,0.5267857142857143,0.4732142857142857,8,1,0.23711340206185566,0.4226804123711341
1,1,0.0,0.0,1.0,0.4574468085106383,0.5425531914893618,6,1,0.23711340206185566,0.5154639175257731
Physical,8,0.125,0.875,0.0,0.4574468085106383,0.5425531914893618,6,1,0.23711340206185566,0.5154639175257731
Research,8,0.125,0.875,0.0,0.4574468085106383,0.5425531914893618,6,1,0.23711340206185566,0.5154639175257731
"Laboratory,",11,0.09090909090909091,0.8181818181818182,0.0,0.4574468085106383,0.5425531914893618,6,1,0.23711340206185566,0.5154639175257731
"Ahmedabad,",10,0.1,0.8,0.0,0.4574468085106383,0.5425531914893618,6,1,0.23711340206185566,0.5154639175257731
India,5,0.2,0.8,0.0,0.4574468085106383,0.5425531914893618,6,1,0.23711340206185566,0.5154639175257731
2,1,0.0,0.0,1.0,0.5,0.5,6,1,0.23711340206185566,0.4742268041237113
Instituteof,11,0.09090909090909091,0.9090909090909091,0.0,0.5,0.5,6,1,0.23711340206185566,0.4742268041237113
Technology,10,0.1,0.9,0.0,0.5,0.5,6,1,0.23711340206185566,0.4742268041237113
"Gandhinagar,",12,0.08333333333333333,0.8333333333333334,0.0,0.5,0.5,6,1,0.23711340206185566,0.4742268041237113
"Gandhinagar,",12,0.08333333333333333,0.8333333333333334,0.0,0.5,0.5,6,1,0.23711340206185566,0.4742268041237113
India,5,0.2,0.8,0.0,0.5,0.5,6,1,0.23711340206185566,0.4742268041237113
3,1,0.0,0.0,1.0,0.358974358974359,0.641025641025641,5,1,0.23711340206185566,0.5979381443298969
Auburn,6,0.16666666666666666,0.8333333333333334,0.0,0.358974358974359,0.641025641025641,5,1,0.23711340206185566,0.5979381443298969
"University,",11,0.09090909090909091,0.8181818181818182,0.0,0.358974358974359,0.641025641025641,5,1,0.23711340206185566,0.5979381443298969
"Auburn,",7,0.14285714285714285,0.7142857142857143,0.0,0.358974358974359,0.641025641025641,5,1,0.23711340206185566,0.5979381443298969
USA,3,1.0,0.0,0.0,0.358974358974359,0.641025641025641,5,1,0.23711340206185566,0.5979381443298969
4,1,0.0,0.0,1.0,0.46938775510204084,0.5306122448979591,7,1,0.23711340206185566,0.4948453608247423
Indian,6,0.16666666666666666,0.8333333333333334,0.0,0.46938775510204084,0.5306122448979591,7,1,0.23711340206185566,0.4948453608247423
Institute,9,0.1111111111111111,0.8888888888888888,0.0,0.46938775510204084,0.5306122448979591,7,1,0.23711340206185566,0.4948453608247423
of,2,0.0,1.0,0.0,0.46938775510204084,0.5306122448979591,7,1,0.23711340206185566,0.4948453608247423
"Astrophysics,",13,0.07692307692307693,0.8461538461538461,0.0,0.46938775510204084,0.5306122448979591,7,1,0.23711340206185566,0.4948453608247423
"Bangalore,",10,0.1,0.8,0.0,0.46938775510204084,0.5306122448979591,7,1,0.23711340206185566,0.4948453608247423
India,5,0.2,0.8,0.0,0.46938775510204084,0.5306122448979591,7,1,0.23711340206185566,0.4948453608247423
arXiv:2101.02752v1,18,0.05555555555555555,0.2777777777777778,0.5555555555555556,0.9069767441860465,0.09302325581395354,5,1,0.0,0.7783505154639175
[astro-ph.EP],13,0.15384615384615385,0.5384615384615384,0.0,0.9069767441860465,0.09302325581395354,5,1,0.0,0.7783505154639175
7,1,0.0,0.0,1.0,0.9069767441860465,0.09302325581395354,5,1,0.0,0.7783505154639175
Jan,3,0.3333333333333333,0.6666666666666666,0.0,0.9069767441860465,0.09302325581395354,5,1,0.0,0.7783505154639175
2021,4,0.0,0.0,1.0,0.9069767441860465,0.09302325581395354,5,1,0.0,0.7783505154639175
Accepted,8,0.125,0.875,0.0,0.43617021276595747,0.5638297872340425,8,1,0.23711340206185566,0.5154639175257731
XXX.,4,0.75,0.0,0.0,0.43617021276595747,0.5638297872340425,8,1,0.23711340206185566,0.5154639175257731
Received,8,0.125,0.875,0.0,0.43617021276595747,0.5638297872340425,8,1,0.23711340206185566,0.5154639175257731
YYY;,4,0.75,0.0,0.0,0.43617021276595747,0.5638297872340425,8,1,0.23711340206185566,0.5154639175257731
in,2,0.0,1.0,0.0,0.43617021276595747,0.5638297872340425,8,1,0.23711340206185566,0.5154639175257731
original,8,0.0,1.0,0.0,0.43617021276595747,0.5638297872340425,8,1,0.23711340206185566,0.5154639175257731
form,4,0.0,1.0,0.0,0.43617021276595747,0.5638297872340425,8,1,0.23711340206185566,0.5154639175257731
ZZZ,3,1.0,0.0,0.0,0.43617021276595747,0.5638297872340425,8,1,0.23711340206185566,0.5154639175257731
ABSTRACT,8,1.0,0.0,0.0,0.14814814814814814,0.8518518518518519,1,1,0.23711340206185566,0.7216494845360825
Comet,5,0.2,0.8,0.0,0.6294117647058823,0.37058823529411766,18,1,0.23711340206185566,0.12371134020618557
2I/Borisov,10,0.2,0.6,0.1,0.6294117647058823,0.37058823529411766,18,1,0.23711340206185566,0.12371134020618557
is,2,0.0,1.0,0.0,0.6294117647058823,0.37058823529411766,18,1,0.23711340206185566,0.12371134020618557
the,3,0.0,1.0,0.0,0.6294117647058823,0.37058823529411766,18,1,0.23711340206185566,0.12371134020618557
first,5,0.0,1.0,0.0,0.6294117647058823,0.37058823529411766,18,1,0.23711340206185566,0.12371134020618557
true,4,0.0,1.0,0.0,0.6294117647058823,0.37058823529411766,18,1,0.23711340206185566,0.12371134020618557
interstellar,12,0.0,1.0,0.0,0.6294117647058823,0.37058823529411766,18,1,0.23711340206185566,0.12371134020618557
comet,5,0.0,1.0,0.0,0.6294117647058823,0.37058823529411766,18,1,0.23711340206185566,0.12371134020618557
discovered.,11,0.0,0.9090909090909091,0.0,0.6294117647058823,0.37058823529411766,18,1,0.23711340206185566,0.12371134020618557
Here,4,0.25,0.75,0.0,0.6294117647058823,0.37058823529411766,18,1,0.23711340206185566,0.12371134020618557
we,2,0.0,1.0,0.0,0.6294117647058823,0.37058823529411766,18,1,0.23711340206185566,0.12371134020618557
present,7,0.0,1.0,0.0,0.6294117647058823,0.37058823529411766,18,1,0.23711340206185566,0.12371134020618557
results,7,0.0,1.0,0.0,0.6294117647058823,0.37058823529411766,18,1,0.23711340206185566,0.12371134020618557
from,4,0.0,1.0,0.0,0.6294117647058823,0.37058823529411766,18,1,0.23711340206185566,0.12371134020618557
observational,13,0.0,1.0,0.0,0.6294117647058823,0.37058823529411766,18,1,0.23711340206185566,0.12371134020618557
programs,8,0.0,1.0,0.0,0.6294117647058823,0.37058823529411766,18,1,0.23711340206185566,0.12371134020618557
at,2,0.0,1.0,0.0,0.6294117647058823,0.37058823529411766,18,1,0.23711340206185566,0.12371134020618557
two,3,0.0,1.0,0.0,0.6294117647058823,0.37058823529411766,18,1,0.23711340206185566,0.12371134020618557
Indian,6,0.16666666666666666,0.8333333333333334,0.0,0.6149068322981367,0.3850931677018633,17,1,0.23711340206185566,0.1701030927835051
"observatories,",14,0.0,0.9285714285714286,0.0,0.6149068322981367,0.3850931677018633,17,1,0.23711340206185566,0.1701030927835051
2,1,0.0,0.0,1.0,0.6149068322981367,0.3850931677018633,17,1,0.23711340206185566,0.1701030927835051
m,1,0.0,1.0,0.0,0.6149068322981367,0.3850931677018633,17,1,0.23711340206185566,0.1701030927835051
Himalayan,9,0.1111111111111111,0.8888888888888888,0.0,0.6149068322981367,0.3850931677018633,17,1,0.23711340206185566,0.1701030927835051
Chandra,7,0.14285714285714285,0.8571428571428571,0.0,0.6149068322981367,0.3850931677018633,17,1,0.23711340206185566,0.1701030927835051
Telescope,9,0.1111111111111111,0.8888888888888888,0.0,0.6149068322981367,0.3850931677018633,17,1,0.23711340206185566,0.1701030927835051
at,2,0.0,1.0,0.0,0.6149068322981367,0.3850931677018633,17,1,0.23711340206185566,0.1701030927835051
the,3,0.0,1.0,0.0,0.6149068322981367,0.3850931677018633,17,1,0.23711340206185566,0.1701030927835051
Indian,6,0.16666666666666666,0.8333333333333334,0.0,0.6149068322981367,0.3850931677018633,17,1,0.23711340206185566,0.1701030927835051
Astronomical,12,0.08333333333333333,0.9166666666666666,0.0,0.6149068322981367,0.3850931677018633,17,1,0.23711340206185566,0.1701030927835051
"Observatory,",12,0.08333333333333333,0.8333333333333334,0.0,0.6149068322981367,0.3850931677018633,17,1,0.23711340206185566,0.1701030927835051
Hanle,5,0.2,0.8,0.0,0.6149068322981367,0.3850931677018633,17,1,0.23711340206185566,0.1701030927835051
(HCT),5,0.6,0.0,0.0,0.6149068322981367,0.3850931677018633,17,1,0.23711340206185566,0.1701030927835051
and,3,0.0,1.0,0.0,0.6149068322981367,0.3850931677018633,17,1,0.23711340206185566,0.1701030927835051
1.2,3,0.0,0.0,0.6666666666666666,0.6149068322981367,0.3850931677018633,17,1,0.23711340206185566,0.1701030927835051
m,1,0.0,1.0,0.0,0.6149068322981367,0.3850931677018633,17,1,0.23711340206185566,0.1701030927835051
telescope,9,0.0,1.0,0.0,0.6097560975609756,0.3902439024390244,19,1,0.23711340206185566,0.15463917525773196
at,2,0.0,1.0,0.0,0.6097560975609756,0.3902439024390244,19,1,0.23711340206185566,0.15463917525773196
the,3,0.0,1.0,0.0,0.6097560975609756,0.3902439024390244,19,1,0.23711340206185566,0.15463917525773196
Mount,5,0.2,0.8,0.0,0.6097560975609756,0.3902439024390244,19,1,0.23711340206185566,0.15463917525773196
Abu,3,0.3333333333333333,0.6666666666666666,0.0,0.6097560975609756,0.3902439024390244,19,1,0.23711340206185566,0.15463917525773196
Infrared,8,0.125,0.875,0.0,0.6097560975609756,0.3902439024390244,19,1,0.23711340206185566,0.15463917525773196
Observatory,11,0.09090909090909091,0.9090909090909091,0.0,0.6097560975609756,0.3902439024390244,19,1,0.23711340206185566,0.15463917525773196
(MIRO).,7,0.5714285714285714,0.0,0.0,0.6097560975609756,0.3902439024390244,19,1,0.23711340206185566,0.15463917525773196
Two,3,0.3333333333333333,0.6666666666666666,0.0,0.6097560975609756,0.3902439024390244,19,1,0.23711340206185566,0.15463917525773196
epochs,6,0.0,1.0,0.0,0.6097560975609756,0.3902439024390244,19,1,0.23711340206185566,0.15463917525773196
of,2,0.0,1.0,0.0,0.6097560975609756,0.3902439024390244,19,1,0.23711340206185566,0.15463917525773196
imaging,7,0.0,1.0,0.0,0.6097560975609756,0.3902439024390244,19,1,0.23711340206185566,0.15463917525773196
and,3,0.0,1.0,0.0,0.6097560975609756,0.3902439024390244,19,1,0.23711340206185566,0.15463917525773196
spectroscopy,12,0.0,1.0,0.0,0.6097560975609756,0.3902439024390244,19,1,0.23711340206185566,0.15463917525773196
were,4,0.0,1.0,0.0,0.6097560975609756,0.3902439024390244,19,1,0.23711340206185566,0.15463917525773196
carried,7,0.0,1.0,0.0,0.6097560975609756,0.3902439024390244,19,1,0.23711340206185566,0.15463917525773196
out,3,0.0,1.0,0.0,0.6097560975609756,0.3902439024390244,19,1,0.23711340206185566,0.15463917525773196
at,2,0.0,1.0,0.0,0.6097560975609756,0.3902439024390244,19,1,0.23711340206185566,0.15463917525773196
the,3,0.0,1.0,0.0,0.6097560975609756,0.3902439024390244,19,1,0.23711340206185566,0.15463917525773196
HCT,3,1.0,0.0,0.0,0.5950920245398773,0.4049079754601227,21,1,0.23711340206185566,0.15979381443298968
and,3,0.0,1.0,0.0,0.5950920245398773,0.4049079754601227,21,1,0.23711340206185566,0.15979381443298968
three,5,0.0,1.0,0.0,0.5950920245398773,0.4049079754601227,21,1,0.23711340206185566,0.15979381443298968
epochs,6,0.0,1.0,0.0,0.5950920245398773,0.4049079754601227,21,1,0.23711340206185566,0.15979381443298968
of,2,0.0,1.0,0.0,0.5950920245398773,0.4049079754601227,21,1,0.23711340206185566,0.15979381443298968
imaging,7,0.0,1.0,0.0,0.5950920245398773,0.4049079754601227,21,1,0.23711340206185566,0.15979381443298968
at,2,0.0,1.0,0.0,0.5950920245398773,0.4049079754601227,21,1,0.23711340206185566,0.15979381443298968
MIRO.,5,0.8,0.0,0.0,0.5950920245398773,0.4049079754601227,21,1,0.23711340206185566,0.15979381443298968
We,2,0.5,0.5,0.0,0.5950920245398773,0.4049079754601227,21,1,0.23711340206185566,0.15979381443298968
found,5,0.0,1.0,0.0,0.5950920245398773,0.4049079754601227,21,1,0.23711340206185566,0.15979381443298968
CN,2,1.0,0.0,0.0,0.5950920245398773,0.4049079754601227,21,1,0.23711340206185566,0.15979381443298968
to,2,0.0,1.0,0.0,0.5950920245398773,0.4049079754601227,21,1,0.23711340206185566,0.15979381443298968
be,2,0.0,1.0,0.0,0.5950920245398773,0.4049079754601227,21,1,0.23711340206185566,0.15979381443298968
the,3,0.0,1.0,0.0,0.5950920245398773,0.4049079754601227,21,1,0.23711340206185566,0.15979381443298968
dominant,8,0.0,1.0,0.0,0.5950920245398773,0.4049079754601227,21,1,0.23711340206185566,0.15979381443298968
molecular,9,0.0,1.0,0.0,0.5950920245398773,0.4049079754601227,21,1,0.23711340206185566,0.15979381443298968
emission,8,0.0,1.0,0.0,0.5950920245398773,0.4049079754601227,21,1,0.23711340206185566,0.15979381443298968
on,2,0.0,1.0,0.0,0.5950920245398773,0.4049079754601227,21,1,0.23711340206185566,0.15979381443298968
both,4,0.0,1.0,0.0,0.5950920245398773,0.4049079754601227,21,1,0.23711340206185566,0.15979381443298968
"epochs,",7,0.0,0.8571428571428571,0.0,0.5950920245398773,0.4049079754601227,21,1,0.23711340206185566,0.15979381443298968
31/11/2019,10,0.0,0.0,0.8,0.5950920245398773,0.4049079754601227,21,1,0.23711340206185566,0.15979381443298968
and,3,0.0,1.0,0.0,0.6149425287356322,0.38505747126436785,22,1,0.23711340206185566,0.1030927835051546
"22/12/2019,",11,0.0,0.0,0.7272727272727273,0.6149425287356322,0.38505747126436785,22,1,0.23711340206185566,0.1030927835051546
at,2,0.0,1.0,0.0,0.6149425287356322,0.38505747126436785,22,1,0.23711340206185566,0.1030927835051546
distances,9,0.0,1.0,0.0,0.6149425287356322,0.38505747126436785,22,1,0.23711340206185566,0.1030927835051546
of,2,0.0,1.0,0.0,0.6149425287356322,0.38505747126436785,22,1,0.23711340206185566,0.1030927835051546
rH,2,0.5,0.5,0.0,0.6149425287356322,0.38505747126436785,22,1,0.23711340206185566,0.1030927835051546
=,1,0.0,0.0,0.0,0.6149425287356322,0.38505747126436785,22,1,0.23711340206185566,0.1030927835051546
2.013,5,0.0,0.0,0.8,0.6149425287356322,0.38505747126436785,22,1,0.23711340206185566,0.1030927835051546
and,3,0.0,1.0,0.0,0.6149425287356322,0.38505747126436785,22,1,0.23711340206185566,0.1030927835051546
2.031,5,0.0,0.0,0.8,0.6149425287356322,0.38505747126436785,22,1,0.23711340206185566,0.1030927835051546
AU,2,1.0,0.0,0.0,0.6149425287356322,0.38505747126436785,22,1,0.23711340206185566,0.1030927835051546
respectively.,13,0.0,0.9230769230769231,0.0,0.6149425287356322,0.38505747126436785,22,1,0.23711340206185566,0.1030927835051546
The,3,0.3333333333333333,0.6666666666666666,0.0,0.6149425287356322,0.38505747126436785,22,1,0.23711340206185566,0.1030927835051546
comet,5,0.0,1.0,0.0,0.6149425287356322,0.38505747126436785,22,1,0.23711340206185566,0.1030927835051546
was,3,0.0,1.0,0.0,0.6149425287356322,0.38505747126436785,22,1,0.23711340206185566,0.1030927835051546
inferred,8,0.0,1.0,0.0,0.6149425287356322,0.38505747126436785,22,1,0.23711340206185566,0.1030927835051546
to,2,0.0,1.0,0.0,0.6149425287356322,0.38505747126436785,22,1,0.23711340206185566,0.1030927835051546
be,2,0.0,1.0,0.0,0.6149425287356322,0.38505747126436785,22,1,0.23711340206185566,0.1030927835051546
relatively,10,0.0,1.0,0.0,0.6149425287356322,0.38505747126436785,22,1,0.23711340206185566,0.1030927835051546
depleted,8,0.0,1.0,0.0,0.6149425287356322,0.38505747126436785,22,1,0.23711340206185566,0.1030927835051546
in,2,0.0,1.0,0.0,0.6149425287356322,0.38505747126436785,22,1,0.23711340206185566,0.1030927835051546
Carbon,6,0.16666666666666666,0.8333333333333334,0.0,0.6149425287356322,0.38505747126436785,22,1,0.23711340206185566,0.1030927835051546
bearing,7,0.0,1.0,0.0,0.5952380952380952,0.40476190476190477,23,1,0.23711340206185566,0.134020618556701
molecules,9,0.0,1.0,0.0,0.5952380952380952,0.40476190476190477,23,1,0.23711340206185566,0.134020618556701
on,2,0.0,1.0,0.0,0.5952380952380952,0.40476190476190477,23,1,0.23711340206185566,0.134020618556701
the,3,0.0,1.0,0.0,0.5952380952380952,0.40476190476190477,23,1,0.23711340206185566,0.134020618556701
basis,5,0.0,1.0,0.0,0.5952380952380952,0.40476190476190477,23,1,0.23711340206185566,0.134020618556701
of,2,0.0,1.0,0.0,0.5952380952380952,0.40476190476190477,23,1,0.23711340206185566,0.134020618556701
low,3,0.0,1.0,0.0,0.5952380952380952,0.40476190476190477,23,1,0.23711340206185566,0.134020618556701
C2,2,0.5,0.0,0.5,0.5952380952380952,0.40476190476190477,23,1,0.23711340206185566,0.134020618556701
and,3,0.0,1.0,0.0,0.5952380952380952,0.40476190476190477,23,1,0.23711340206185566,0.134020618556701
C3,2,0.5,0.0,0.5,0.5952380952380952,0.40476190476190477,23,1,0.23711340206185566,0.134020618556701
abundances.,11,0.0,0.9090909090909091,0.0,0.5952380952380952,0.40476190476190477,23,1,0.23711340206185566,0.134020618556701
We,2,0.5,0.5,0.0,0.5952380952380952,0.40476190476190477,23,1,0.23711340206185566,0.134020618556701
find,4,0.0,1.0,0.0,0.5952380952380952,0.40476190476190477,23,1,0.23711340206185566,0.134020618556701
the,3,0.0,1.0,0.0,0.5952380952380952,0.40476190476190477,23,1,0.23711340206185566,0.134020618556701
production,10,0.0,1.0,0.0,0.5952380952380952,0.40476190476190477,23,1,0.23711340206185566,0.134020618556701
rate,4,0.0,1.0,0.0,0.5952380952380952,0.40476190476190477,23,1,0.23711340206185566,0.134020618556701
"ratio,",6,0.0,0.8333333333333334,0.0,0.5952380952380952,0.40476190476190477,23,1,0.23711340206185566,0.134020618556701
Q(C2,4,0.5,0.0,0.25,0.5952380952380952,0.40476190476190477,23,1,0.23711340206185566,0.134020618556701
)/Q(CN),7,0.42857142857142855,0.0,0.0,0.5952380952380952,0.40476190476190477,23,1,0.23711340206185566,0.134020618556701
=,1,0.0,0.0,0.0,0.5952380952380952,0.40476190476190477,23,1,0.23711340206185566,0.134020618556701
0.54,4,0.0,0.0,0.75,0.5952380952380952,0.40476190476190477,23,1,0.23711340206185566,0.134020618556701
±,1,0.0,0.0,0.0,0.5952380952380952,0.40476190476190477,23,1,0.23711340206185566,0.134020618556701
"0.18,",5,0.0,0.0,0.6,0.5952380952380952,0.40476190476190477,23,1,0.23711340206185566,0.134020618556701
pre-perihelion,14,0.0,0.9285714285714286,0.0,0.630057803468208,0.36994219653179194,19,1,0.23711340206185566,0.10824742268041232
and,3,0.0,1.0,0.0,0.630057803468208,0.36994219653179194,19,1,0.23711340206185566,0.10824742268041232
Q(C2,4,0.5,0.0,0.25,0.630057803468208,0.36994219653179194,19,1,0.23711340206185566,0.10824742268041232
)/Q(CN),7,0.42857142857142855,0.0,0.0,0.630057803468208,0.36994219653179194,19,1,0.23711340206185566,0.10824742268041232
=,1,0.0,0.0,0.0,0.630057803468208,0.36994219653179194,19,1,0.23711340206185566,0.10824742268041232
0.34,4,0.0,0.0,0.75,0.630057803468208,0.36994219653179194,19,1,0.23711340206185566,0.10824742268041232
±,1,0.0,0.0,0.0,0.630057803468208,0.36994219653179194,19,1,0.23711340206185566,0.10824742268041232
0.12,4,0.0,0.0,0.75,0.630057803468208,0.36994219653179194,19,1,0.23711340206185566,0.10824742268041232
post-perihelion.,16,0.0,0.875,0.0,0.630057803468208,0.36994219653179194,19,1,0.23711340206185566,0.10824742268041232
This,4,0.25,0.75,0.0,0.630057803468208,0.36994219653179194,19,1,0.23711340206185566,0.10824742268041232
classifies,10,0.0,1.0,0.0,0.630057803468208,0.36994219653179194,19,1,0.23711340206185566,0.10824742268041232
the,3,0.0,1.0,0.0,0.630057803468208,0.36994219653179194,19,1,0.23711340206185566,0.10824742268041232
comet,5,0.0,1.0,0.0,0.630057803468208,0.36994219653179194,19,1,0.23711340206185566,0.10824742268041232
as,2,0.0,1.0,0.0,0.630057803468208,0.36994219653179194,19,1,0.23711340206185566,0.10824742268041232
being,5,0.0,1.0,0.0,0.630057803468208,0.36994219653179194,19,1,0.23711340206185566,0.10824742268041232
moderately,10,0.0,1.0,0.0,0.630057803468208,0.36994219653179194,19,1,0.23711340206185566,0.10824742268041232
depleted,8,0.0,1.0,0.0,0.630057803468208,0.36994219653179194,19,1,0.23711340206185566,0.10824742268041232
in,2,0.0,1.0,0.0,0.630057803468208,0.36994219653179194,19,1,0.23711340206185566,0.10824742268041232
carbon,6,0.0,1.0,0.0,0.630057803468208,0.36994219653179194,19,1,0.23711340206185566,0.10824742268041232
chain,5,0.0,1.0,0.0,0.6331360946745562,0.3668639053254438,17,1,0.23711340206185566,0.12886597938144329
molecules.,10,0.0,0.9,0.0,0.6331360946745562,0.3668639053254438,17,1,0.23711340206185566,0.12886597938144329
Using,5,0.2,0.8,0.0,0.6331360946745562,0.3668639053254438,17,1,0.23711340206185566,0.12886597938144329
the,3,0.0,1.0,0.0,0.6331360946745562,0.3668639053254438,17,1,0.23711340206185566,0.12886597938144329
results,7,0.0,1.0,0.0,0.6331360946745562,0.3668639053254438,17,1,0.23711340206185566,0.12886597938144329
from,4,0.0,1.0,0.0,0.6331360946745562,0.3668639053254438,17,1,0.23711340206185566,0.12886597938144329
spectroscopic,13,0.0,1.0,0.0,0.6331360946745562,0.3668639053254438,17,1,0.23711340206185566,0.12886597938144329
"observations,",13,0.0,0.9230769230769231,0.0,0.6331360946745562,0.3668639053254438,17,1,0.23711340206185566,0.12886597938144329
we,2,0.0,1.0,0.0,0.6331360946745562,0.3668639053254438,17,1,0.23711340206185566,0.12886597938144329
believe,7,0.0,1.0,0.0,0.6331360946745562,0.3668639053254438,17,1,0.23711340206185566,0.12886597938144329
the,3,0.0,1.0,0.0,0.6331360946745562,0.3668639053254438,17,1,0.23711340206185566,0.12886597938144329
comet,5,0.0,1.0,0.0,0.6331360946745562,0.3668639053254438,17,1,0.23711340206185566,0.12886597938144329
to,2,0.0,1.0,0.0,0.6331360946745562,0.3668639053254438,17,1,0.23711340206185566,0.12886597938144329
have,4,0.0,1.0,0.0,0.6331360946745562,0.3668639053254438,17,1,0.23711340206185566,0.12886597938144329
a,1,0.0,1.0,0.0,0.6331360946745562,0.3668639053254438,17,1,0.23711340206185566,0.12886597938144329
chemically,10,0.0,1.0,0.0,0.6331360946745562,0.3668639053254438,17,1,0.23711340206185566,0.12886597938144329
heterogeneous,13,0.0,1.0,0.0,0.6331360946745562,0.3668639053254438,17,1,0.23711340206185566,0.12886597938144329
surface,7,0.0,1.0,0.0,0.6358381502890174,0.36416184971098264,18,1,0.23711340206185566,0.10824742268041232
having,6,0.0,1.0,0.0,0.6358381502890174,0.36416184971098264,18,1,0.23711340206185566,0.10824742268041232
variation,9,0.0,1.0,0.0,0.6358381502890174,0.36416184971098264,18,1,0.23711340206185566,0.10824742268041232
in,2,0.0,1.0,0.0,0.6358381502890174,0.36416184971098264,18,1,0.23711340206185566,0.10824742268041232
abundance,9,0.0,1.0,0.0,0.6358381502890174,0.36416184971098264,18,1,0.23711340206185566,0.10824742268041232
of,2,0.0,1.0,0.0,0.6358381502890174,0.36416184971098264,18,1,0.23711340206185566,0.10824742268041232
carbon,6,0.0,1.0,0.0,0.6358381502890174,0.36416184971098264,18,1,0.23711340206185566,0.10824742268041232
chain,5,0.0,1.0,0.0,0.6358381502890174,0.36416184971098264,18,1,0.23711340206185566,0.10824742268041232
molecules.,10,0.0,0.9,0.0,0.6358381502890174,0.36416184971098264,18,1,0.23711340206185566,0.10824742268041232
From,4,0.25,0.75,0.0,0.6358381502890174,0.36416184971098264,18,1,0.23711340206185566,0.10824742268041232
imaging,7,0.0,1.0,0.0,0.6358381502890174,0.36416184971098264,18,1,0.23711340206185566,0.10824742268041232
observations,12,0.0,1.0,0.0,0.6358381502890174,0.36416184971098264,18,1,0.23711340206185566,0.10824742268041232
we,2,0.0,1.0,0.0,0.6358381502890174,0.36416184971098264,18,1,0.23711340206185566,0.10824742268041232
infer,5,0.0,1.0,0.0,0.6358381502890174,0.36416184971098264,18,1,0.23711340206185566,0.10824742268041232
a,1,0.0,1.0,0.0,0.6358381502890174,0.36416184971098264,18,1,0.23711340206185566,0.10824742268041232
dust-to-gas,11,0.0,0.8181818181818182,0.0,0.6358381502890174,0.36416184971098264,18,1,0.23711340206185566,0.10824742268041232
ratio,5,0.0,1.0,0.0,0.6358381502890174,0.36416184971098264,18,1,0.23711340206185566,0.10824742268041232
similar,7,0.0,1.0,0.0,0.6358381502890174,0.36416184971098264,18,1,0.23711340206185566,0.10824742268041232
to,2,0.0,1.0,0.0,0.5798816568047337,0.4201183431952663,26,1,0.23711340206185566,0.12886597938144329
carbon,6,0.0,1.0,0.0,0.5798816568047337,0.4201183431952663,26,1,0.23711340206185566,0.12886597938144329
chain,5,0.0,1.0,0.0,0.5798816568047337,0.4201183431952663,26,1,0.23711340206185566,0.12886597938144329
depleted,8,0.0,1.0,0.0,0.5798816568047337,0.4201183431952663,26,1,0.23711340206185566,0.12886597938144329
comets,6,0.0,1.0,0.0,0.5798816568047337,0.4201183431952663,26,1,0.23711340206185566,0.12886597938144329
of,2,0.0,1.0,0.0,0.5798816568047337,0.4201183431952663,26,1,0.23711340206185566,0.12886597938144329
the,3,0.0,1.0,0.0,0.5798816568047337,0.4201183431952663,26,1,0.23711340206185566,0.12886597938144329
Solar,5,0.2,0.8,0.0,0.5798816568047337,0.4201183431952663,26,1,0.23711340206185566,0.12886597938144329
system.,7,0.0,0.8571428571428571,0.0,0.5798816568047337,0.4201183431952663,26,1,0.23711340206185566,0.12886597938144329
We,2,0.5,0.5,0.0,0.5798816568047337,0.4201183431952663,26,1,0.23711340206185566,0.12886597938144329
also,4,0.0,1.0,0.0,0.5798816568047337,0.4201183431952663,26,1,0.23711340206185566,0.12886597938144329
compute,7,0.0,1.0,0.0,0.5798816568047337,0.4201183431952663,26,1,0.23711340206185566,0.12886597938144329
the,3,0.0,1.0,0.0,0.5798816568047337,0.4201183431952663,26,1,0.23711340206185566,0.12886597938144329
nucleus,7,0.0,1.0,0.0,0.5798816568047337,0.4201183431952663,26,1,0.23711340206185566,0.12886597938144329
size,4,0.0,1.0,0.0,0.5798816568047337,0.4201183431952663,26,1,0.23711340206185566,0.12886597938144329
to,2,0.0,1.0,0.0,0.5798816568047337,0.4201183431952663,26,1,0.23711340206185566,0.12886597938144329
be,2,0.0,1.0,0.0,0.5798816568047337,0.4201183431952663,26,1,0.23711340206185566,0.12886597938144329
in,2,0.0,1.0,0.0,0.5798816568047337,0.4201183431952663,26,1,0.23711340206185566,0.12886597938144329
the,3,0.0,1.0,0.0,0.5798816568047337,0.4201183431952663,26,1,0.23711340206185566,0.12886597938144329
range,5,0.0,1.0,0.0,0.5798816568047337,0.4201183431952663,26,1,0.23711340206185566,0.12886597938144329
0.18,4,0.0,0.0,0.75,0.5798816568047337,0.4201183431952663,26,1,0.23711340206185566,0.12886597938144329
≤,1,0.0,0.0,0.0,0.5798816568047337,0.4201183431952663,26,1,0.23711340206185566,0.12886597938144329
r,1,0.0,1.0,0.0,0.5798816568047337,0.4201183431952663,26,1,0.23711340206185566,0.12886597938144329
≤,1,0.0,0.0,0.0,0.5798816568047337,0.4201183431952663,26,1,0.23711340206185566,0.12886597938144329
3.1,3,0.0,0.0,0.6666666666666666,0.5798816568047337,0.4201183431952663,26,1,0.23711340206185566,0.12886597938144329
Km.,3,0.3333333333333333,0.3333333333333333,0.0,0.5798816568047337,0.4201183431952663,26,1,0.23711340206185566,0.12886597938144329
Our,3,0.3333333333333333,0.6666666666666666,0.0,0.5833333333333334,0.41666666666666663,15,1,0.23711340206185566,0.25773195876288657
observations,12,0.0,1.0,0.0,0.5833333333333334,0.41666666666666663,15,1,0.23711340206185566,0.25773195876288657
show,4,0.0,1.0,0.0,0.5833333333333334,0.41666666666666663,15,1,0.23711340206185566,0.25773195876288657
that,4,0.0,1.0,0.0,0.5833333333333334,0.41666666666666663,15,1,0.23711340206185566,0.25773195876288657
2I/Borisov’s,12,0.16666666666666666,0.5833333333333334,0.08333333333333333,0.5833333333333334,0.41666666666666663,15,1,0.23711340206185566,0.25773195876288657
behaviour,9,0.0,1.0,0.0,0.5833333333333334,0.41666666666666663,15,1,0.23711340206185566,0.25773195876288657
is,2,0.0,1.0,0.0,0.5833333333333334,0.41666666666666663,15,1,0.23711340206185566,0.25773195876288657
analogous,9,0.0,1.0,0.0,0.5833333333333334,0.41666666666666663,15,1,0.23711340206185566,0.25773195876288657
to,2,0.0,1.0,0.0,0.5833333333333334,0.41666666666666663,15,1,0.23711340206185566,0.25773195876288657
that,4,0.0,1.0,0.0,0.5833333333333334,0.41666666666666663,15,1,0.23711340206185566,0.25773195876288657
of,2,0.0,1.0,0.0,0.5833333333333334,0.41666666666666663,15,1,0.23711340206185566,0.25773195876288657
the,3,0.0,1.0,0.0,0.5833333333333334,0.41666666666666663,15,1,0.23711340206185566,0.25773195876288657
Solar,5,0.2,0.8,0.0,0.5833333333333334,0.41666666666666663,15,1,0.23711340206185566,0.25773195876288657
system,6,0.0,1.0,0.0,0.5833333333333334,0.41666666666666663,15,1,0.23711340206185566,0.25773195876288657
comets.,7,0.0,0.8571428571428571,0.0,0.5833333333333334,0.41666666666666663,15,1,0.23711340206185566,0.25773195876288657
Key,3,0.3333333333333333,0.6666666666666666,0.0,0.6410256410256411,0.3589743589743589,11,1,0.23711340206185566,0.19587628865979378
words:,6,0.0,0.8333333333333334,0.0,0.6410256410256411,0.3589743589743589,11,1,0.23711340206185566,0.19587628865979378
comets:general,14,0.0,0.9285714285714286,0.0,0.6410256410256411,0.3589743589743589,11,1,0.23711340206185566,0.19587628865979378
–,1,0.0,0.0,0.0,0.6410256410256411,0.3589743589743589,11,1,0.23711340206185566,0.19587628865979378
comets:,7,0.0,0.8571428571428571,0.0,0.6410256410256411,0.3589743589743589,11,1,0.23711340206185566,0.19587628865979378
individual:,11,0.0,0.9090909090909091,0.0,0.6410256410256411,0.3589743589743589,11,1,0.23711340206185566,0.19587628865979378
2I/Borisov,10,0.2,0.6,0.1,0.6410256410256411,0.3589743589743589,11,1,0.23711340206185566,0.19587628865979378
–,1,0.0,0.0,0.0,0.6410256410256411,0.3589743589743589,11,1,0.23711340206185566,0.19587628865979378
techniques:photometric,22,0.0,0.9545454545454546,0.0,0.6410256410256411,0.3589743589743589,11,1,0.23711340206185566,0.19587628865979378
–,1,0.0,0.0,0.0,0.6410256410256411,0.3589743589743589,11,1,0.23711340206185566,0.19587628865979378
techniques:spectroscopic,24,0.0,0.9583333333333334,0.0,0.6410256410256411,0.3589743589743589,11,1,0.23711340206185566,0.19587628865979378
1,1,0.0,0.0,1.0,0.3612565445026178,0.6387434554973822,16,32,0.23711340206185566,0.015463917525773141
INTRODUCTION,12,1.0,0.0,0.0,0.3612565445026178,0.6387434554973822,16,32,0.23711340206185566,0.015463917525773141
The,3,0.3333333333333333,0.6666666666666666,0.0,0.3612565445026178,0.6387434554973822,16,32,0.23711340206185566,0.015463917525773141
comet,5,0.0,1.0,0.0,0.3612565445026178,0.6387434554973822,16,32,0.23711340206185566,0.015463917525773141
possessed,9,0.0,1.0,0.0,0.3612565445026178,0.6387434554973822,16,32,0.23711340206185566,0.015463917525773141
a,1,0.0,1.0,0.0,0.3612565445026178,0.6387434554973822,16,32,0.23711340206185566,0.015463917525773141
very,4,0.0,1.0,0.0,0.3612565445026178,0.6387434554973822,16,32,0.23711340206185566,0.015463917525773141
large,5,0.0,1.0,0.0,0.3612565445026178,0.6387434554973822,16,32,0.23711340206185566,0.015463917525773141
eccentricity,12,0.0,1.0,0.0,0.3612565445026178,0.6387434554973822,16,32,0.23711340206185566,0.015463917525773141
of,2,0.0,1.0,0.0,0.3612565445026178,0.6387434554973822,16,32,0.23711340206185566,0.015463917525773141
e,1,0.0,1.0,0.0,0.3612565445026178,0.6387434554973822,16,32,0.23711340206185566,0.015463917525773141
=,1,0.0,0.0,0.0,0.3612565445026178,0.6387434554973822,16,32,0.23711340206185566,0.015463917525773141
3.379,5,0.0,0.0,0.8,0.3612565445026178,0.6387434554973822,16,32,0.23711340206185566,0.015463917525773141
and,3,0.0,1.0,0.0,0.3612565445026178,0.6387434554973822,16,32,0.23711340206185566,0.015463917525773141
a,1,0.0,1.0,0.0,0.3612565445026178,0.6387434554973822,16,32,0.23711340206185566,0.015463917525773141
very,4,0.0,1.0,0.0,0.3612565445026178,0.6387434554973822,16,32,0.23711340206185566,0.015463917525773141
high,4,0.0,1.0,0.0,0.291005291005291,0.7089947089947091,13,1,0.6288659793814433,0.02577319587628868
hyperbolic,10,0.0,1.0,0.0,0.291005291005291,0.7089947089947091,13,1,0.6288659793814433,0.02577319587628868
excess,6,0.0,1.0,0.0,0.291005291005291,0.7089947089947091,13,1,0.6288659793814433,0.02577319587628868
velocity,8,0.0,1.0,0.0,0.291005291005291,0.7089947089947091,13,1,0.6288659793814433,0.02577319587628868
of,2,0.0,1.0,0.0,0.291005291005291,0.7089947089947091,13,1,0.6288659793814433,0.02577319587628868
v,1,0.0,1.0,0.0,0.291005291005291,0.7089947089947091,13,1,0.6288659793814433,0.02577319587628868
∼,1,0.0,0.0,0.0,0.291005291005291,0.7089947089947091,13,1,0.6288659793814433,0.02577319587628868
32,2,0.0,0.0,1.0,0.291005291005291,0.7089947089947091,13,1,0.6288659793814433,0.02577319587628868
Km/s,4,0.25,0.5,0.0,0.291005291005291,0.7089947089947091,13,1,0.6288659793814433,0.02577319587628868
(Guzik,6,0.16666666666666666,0.6666666666666666,0.0,0.291005291005291,0.7089947089947091,13,1,0.6288659793814433,0.02577319587628868
et,2,0.0,1.0,0.0,0.291005291005291,0.7089947089947091,13,1,0.6288659793814433,0.02577319587628868
al.,3,0.0,0.6666666666666666,0.0,0.291005291005291,0.7089947089947091,13,1,0.6288659793814433,0.02577319587628868
"2020),",6,0.0,0.0,0.6666666666666666,0.291005291005291,0.7089947089947091,13,1,0.6288659793814433,0.02577319587628868
Comets,6,0.16666666666666666,0.8333333333333334,0.0,0.4954954954954955,0.5045045045045045,11,1,0.23711340206185566,0.4278350515463918
are,3,0.0,1.0,0.0,0.4954954954954955,0.5045045045045045,11,1,0.23711340206185566,0.4278350515463918
made,4,0.0,1.0,0.0,0.4954954954954955,0.5045045045045045,11,1,0.23711340206185566,0.4278350515463918
up,2,0.0,1.0,0.0,0.4954954954954955,0.5045045045045045,11,1,0.23711340206185566,0.4278350515463918
of,2,0.0,1.0,0.0,0.4954954954954955,0.5045045045045045,11,1,0.23711340206185566,0.4278350515463918
pristine,8,0.0,1.0,0.0,0.4954954954954955,0.5045045045045045,11,1,0.23711340206185566,0.4278350515463918
material,8,0.0,1.0,0.0,0.4954954954954955,0.5045045045045045,11,1,0.23711340206185566,0.4278350515463918
inherited,9,0.0,1.0,0.0,0.4954954954954955,0.5045045045045045,11,1,0.23711340206185566,0.4278350515463918
from,4,0.0,1.0,0.0,0.4954954954954955,0.5045045045045045,11,1,0.23711340206185566,0.4278350515463918
the,3,0.0,1.0,0.0,0.4954954954954955,0.5045045045045045,11,1,0.23711340206185566,0.4278350515463918
proto-,6,0.0,0.8333333333333334,0.0,0.4954954954954955,0.5045045045045045,11,1,0.23711340206185566,0.4278350515463918
further,7,0.0,1.0,0.0,0.32989690721649484,0.6701030927835052,9,1,0.6288659793814433,0.0
confirming,10,0.0,1.0,0.0,0.32989690721649484,0.6701030927835052,9,1,0.6288659793814433,0.0
the,3,0.0,1.0,0.0,0.32989690721649484,0.6701030927835052,9,1,0.6288659793814433,0.0
interstellar,12,0.0,1.0,0.0,0.32989690721649484,0.6701030927835052,9,1,0.6288659793814433,0.0
origin.,7,0.0,0.8571428571428571,0.0,0.32989690721649484,0.6701030927835052,9,1,0.6288659793814433,0.0
The,3,0.3333333333333333,0.6666666666666666,0.0,0.32989690721649484,0.6701030927835052,9,1,0.6288659793814433,0.0
interstellar,12,0.0,1.0,0.0,0.32989690721649484,0.6701030927835052,9,1,0.6288659793814433,0.0
"comet,",6,0.0,0.8333333333333334,0.0,0.32989690721649484,0.6701030927835052,9,1,0.6288659793814433,0.0
ini-,4,0.0,0.75,0.0,0.32989690721649484,0.6701030927835052,9,1,0.6288659793814433,0.0
solar,5,0.0,1.0,0.0,0.48214285714285715,0.5178571428571428,13,1,0.23711340206185566,0.4226804123711341
nebula,6,0.0,1.0,0.0,0.48214285714285715,0.5178571428571428,13,1,0.23711340206185566,0.4226804123711341
and,3,0.0,1.0,0.0,0.48214285714285715,0.5178571428571428,13,1,0.23711340206185566,0.4226804123711341
they,4,0.0,1.0,0.0,0.48214285714285715,0.5178571428571428,13,1,0.23711340206185566,0.4226804123711341
have,4,0.0,1.0,0.0,0.48214285714285715,0.5178571428571428,13,1,0.23711340206185566,0.4226804123711341
spent,5,0.0,1.0,0.0,0.48214285714285715,0.5178571428571428,13,1,0.23711340206185566,0.4226804123711341
most,4,0.0,1.0,0.0,0.48214285714285715,0.5178571428571428,13,1,0.23711340206185566,0.4226804123711341
of,2,0.0,1.0,0.0,0.48214285714285715,0.5178571428571428,13,1,0.23711340206185566,0.4226804123711341
their,5,0.0,1.0,0.0,0.48214285714285715,0.5178571428571428,13,1,0.23711340206185566,0.4226804123711341
time,4,0.0,1.0,0.0,0.48214285714285715,0.5178571428571428,13,1,0.23711340206185566,0.4226804123711341
in,2,0.0,1.0,0.0,0.48214285714285715,0.5178571428571428,13,1,0.23711340206185566,0.4226804123711341
the,3,0.0,1.0,0.0,0.48214285714285715,0.5178571428571428,13,1,0.23711340206185566,0.4226804123711341
farther,7,0.0,1.0,0.0,0.48214285714285715,0.5178571428571428,13,1,0.23711340206185566,0.4226804123711341
tially,6,0.0,1.0,0.0,0.30158730158730157,0.6984126984126984,11,1,0.6288659793814433,0.02577319587628868
identified,10,0.0,1.0,0.0,0.30158730158730157,0.6984126984126984,11,1,0.6288659793814433,0.02577319587628868
as,2,0.0,1.0,0.0,0.30158730158730157,0.6984126984126984,11,1,0.6288659793814433,0.02577319587628868
C/2019,6,0.16666666666666666,0.0,0.6666666666666666,0.30158730158730157,0.6984126984126984,11,1,0.6288659793814433,0.02577319587628868
"Q4,",3,0.3333333333333333,0.0,0.3333333333333333,0.30158730158730157,0.6984126984126984,11,1,0.6288659793814433,0.02577319587628868
was,3,0.0,1.0,0.0,0.30158730158730157,0.6984126984126984,11,1,0.6288659793814433,0.02577319587628868
later,5,0.0,1.0,0.0,0.30158730158730157,0.6984126984126984,11,1,0.6288659793814433,0.02577319587628868
named,5,0.0,1.0,0.0,0.30158730158730157,0.6984126984126984,11,1,0.6288659793814433,0.02577319587628868
2I/Borisov1,11,0.18181818181818182,0.5454545454545454,0.18181818181818182,0.30158730158730157,0.6984126984126984,11,1,0.6288659793814433,0.02577319587628868
by,2,0.0,1.0,0.0,0.30158730158730157,0.6984126984126984,11,1,0.6288659793814433,0.02577319587628868
IAU.,4,0.75,0.0,0.0,0.30158730158730157,0.6984126984126984,11,1,0.6288659793814433,0.02577319587628868
reaches,7,0.0,1.0,0.0,0.504424778761062,0.49557522123893805,11,1,0.23711340206185566,0.41752577319587625
of,2,0.0,1.0,0.0,0.504424778761062,0.49557522123893805,11,1,0.23711340206185566,0.41752577319587625
the,3,0.0,1.0,0.0,0.504424778761062,0.49557522123893805,11,1,0.23711340206185566,0.41752577319587625
Solar,5,0.2,0.8,0.0,0.504424778761062,0.49557522123893805,11,1,0.23711340206185566,0.41752577319587625
system.,7,0.0,0.8571428571428571,0.0,0.504424778761062,0.49557522123893805,11,1,0.23711340206185566,0.41752577319587625
In,2,0.5,0.5,0.0,0.504424778761062,0.49557522123893805,11,1,0.23711340206185566,0.41752577319587625
"consequence,",12,0.0,0.9166666666666666,0.0,0.504424778761062,0.49557522123893805,11,1,0.23711340206185566,0.41752577319587625
they,4,0.0,1.0,0.0,0.504424778761062,0.49557522123893805,11,1,0.23711340206185566,0.41752577319587625
can,3,0.0,1.0,0.0,0.504424778761062,0.49557522123893805,11,1,0.23711340206185566,0.41752577319587625
be,2,0.0,1.0,0.0,0.504424778761062,0.49557522123893805,11,1,0.23711340206185566,0.41752577319587625
considered,10,0.0,1.0,0.0,0.504424778761062,0.49557522123893805,11,1,0.23711340206185566,0.41752577319587625
Fitzsimmons,11,0.09090909090909091,0.9090909090909091,0.0,0.2962962962962963,0.7037037037037037,12,1,0.6288659793814433,0.02577319587628868
et,2,0.0,1.0,0.0,0.2962962962962963,0.7037037037037037,12,1,0.6288659793814433,0.02577319587628868
al.,3,0.0,0.6666666666666666,0.0,0.2962962962962963,0.7037037037037037,12,1,0.6288659793814433,0.02577319587628868
(2019),6,0.0,0.0,0.6666666666666666,0.2962962962962963,0.7037037037037037,12,1,0.6288659793814433,0.02577319587628868
were,4,0.0,1.0,0.0,0.2962962962962963,0.7037037037037037,12,1,0.6288659793814433,0.02577319587628868
the,3,0.0,1.0,0.0,0.2962962962962963,0.7037037037037037,12,1,0.6288659793814433,0.02577319587628868
first,5,0.0,1.0,0.0,0.2962962962962963,0.7037037037037037,12,1,0.6288659793814433,0.02577319587628868
to,2,0.0,1.0,0.0,0.2962962962962963,0.7037037037037037,12,1,0.6288659793814433,0.02577319587628868
report,6,0.0,1.0,0.0,0.2962962962962963,0.7037037037037037,12,1,0.6288659793814433,0.02577319587628868
the,3,0.0,1.0,0.0,0.2962962962962963,0.7037037037037037,12,1,0.6288659793814433,0.02577319587628868
detection,9,0.0,1.0,0.0,0.2962962962962963,0.7037037037037037,12,1,0.6288659793814433,0.02577319587628868
of,2,0.0,1.0,0.0,0.2962962962962963,0.7037037037037037,12,1,0.6288659793814433,0.02577319587628868
to,2,0.0,1.0,0.0,0.5,0.5,11,1,0.23711340206185566,0.4226804123711341
be,2,0.0,1.0,0.0,0.5,0.5,11,1,0.23711340206185566,0.4226804123711341
the,3,0.0,1.0,0.0,0.5,0.5,11,1,0.23711340206185566,0.4226804123711341
time-capsules,13,0.0,0.9230769230769231,0.0,0.5,0.5,11,1,0.23711340206185566,0.4226804123711341
of,2,0.0,1.0,0.0,0.5,0.5,11,1,0.23711340206185566,0.4226804123711341
the,3,0.0,1.0,0.0,0.5,0.5,11,1,0.23711340206185566,0.4226804123711341
early,5,0.0,1.0,0.0,0.5,0.5,11,1,0.23711340206185566,0.4226804123711341
Solar,5,0.2,0.8,0.0,0.5,0.5,11,1,0.23711340206185566,0.4226804123711341
system.,7,0.0,0.8571428571428571,0.0,0.5,0.5,11,1,0.23711340206185566,0.4226804123711341
"Hence,",6,0.16666666666666666,0.6666666666666666,0.0,0.5,0.5,11,1,0.23711340206185566,0.4226804123711341
studying,8,0.0,1.0,0.0,0.5,0.5,11,1,0.23711340206185566,0.4226804123711341
CN,2,1.0,0.0,0.0,0.2925531914893617,0.7074468085106382,12,1,0.6288659793814433,0.030927835051546393
in,2,0.0,1.0,0.0,0.2925531914893617,0.7074468085106382,12,1,0.6288659793814433,0.030927835051546393
the,3,0.0,1.0,0.0,0.2925531914893617,0.7074468085106382,12,1,0.6288659793814433,0.030927835051546393
interstellar,12,0.0,1.0,0.0,0.2925531914893617,0.7074468085106382,12,1,0.6288659793814433,0.030927835051546393
comet.,6,0.0,0.8333333333333334,0.0,0.2925531914893617,0.7074468085106382,12,1,0.6288659793814433,0.030927835051546393
"Later,",6,0.16666666666666666,0.6666666666666666,0.0,0.2925531914893617,0.7074468085106382,12,1,0.6288659793814433,0.030927835051546393
de,2,0.0,1.0,0.0,0.2925531914893617,0.7074468085106382,12,1,0.6288659793814433,0.030927835051546393
León,4,0.25,0.75,0.0,0.2925531914893617,0.7074468085106382,12,1,0.6288659793814433,0.030927835051546393
et,2,0.0,1.0,0.0,0.2925531914893617,0.7074468085106382,12,1,0.6288659793814433,0.030927835051546393
al.,3,0.0,0.6666666666666666,0.0,0.2925531914893617,0.7074468085106382,12,1,0.6288659793814433,0.030927835051546393
"(2020),",7,0.0,0.0,0.5714285714285714,0.2925531914893617,0.7074468085106382,12,1,0.6288659793814433,0.030927835051546393
Opitom,6,0.16666666666666666,0.8333333333333334,0.0,0.2925531914893617,0.7074468085106382,12,1,0.6288659793814433,0.030927835051546393
the,3,0.0,1.0,0.0,0.49107142857142855,0.5089285714285714,12,1,0.23711340206185566,0.4226804123711341
various,7,0.0,1.0,0.0,0.49107142857142855,0.5089285714285714,12,1,0.23711340206185566,0.4226804123711341
aspects,7,0.0,1.0,0.0,0.49107142857142855,0.5089285714285714,12,1,0.23711340206185566,0.4226804123711341
of,2,0.0,1.0,0.0,0.49107142857142855,0.5089285714285714,12,1,0.23711340206185566,0.4226804123711341
these,5,0.0,1.0,0.0,0.49107142857142855,0.5089285714285714,12,1,0.23711340206185566,0.4226804123711341
minor,5,0.0,1.0,0.0,0.49107142857142855,0.5089285714285714,12,1,0.23711340206185566,0.4226804123711341
bodies,6,0.0,1.0,0.0,0.49107142857142855,0.5089285714285714,12,1,0.23711340206185566,0.4226804123711341
can,3,0.0,1.0,0.0,0.49107142857142855,0.5089285714285714,12,1,0.23711340206185566,0.4226804123711341
help,4,0.0,1.0,0.0,0.49107142857142855,0.5089285714285714,12,1,0.23711340206185566,0.4226804123711341
us,2,0.0,1.0,0.0,0.49107142857142855,0.5089285714285714,12,1,0.23711340206185566,0.4226804123711341
gain,4,0.0,1.0,0.0,0.49107142857142855,0.5089285714285714,12,1,0.23711340206185566,0.4226804123711341
insight,7,0.0,1.0,0.0,0.49107142857142855,0.5089285714285714,12,1,0.23711340206185566,0.4226804123711341
et,2,0.0,1.0,0.0,0.3005181347150259,0.6994818652849741,14,1,0.6288659793814433,0.005154639175257714
al.,3,0.0,0.6666666666666666,0.0,0.3005181347150259,0.6994818652849741,14,1,0.6288659793814433,0.005154639175257714
(2019),6,0.0,0.0,0.6666666666666666,0.3005181347150259,0.6994818652849741,14,1,0.6288659793814433,0.005154639175257714
and,3,0.0,1.0,0.0,0.3005181347150259,0.6994818652849741,14,1,0.6288659793814433,0.005154639175257714
Kareta,6,0.16666666666666666,0.8333333333333334,0.0,0.3005181347150259,0.6994818652849741,14,1,0.6288659793814433,0.005154639175257714
et,2,0.0,1.0,0.0,0.3005181347150259,0.6994818652849741,14,1,0.6288659793814433,0.005154639175257714
al.,3,0.0,0.6666666666666666,0.0,0.3005181347150259,0.6994818652849741,14,1,0.6288659793814433,0.005154639175257714
"(2020),",7,0.0,0.0,0.5714285714285714,0.3005181347150259,0.6994818652849741,14,1,0.6288659793814433,0.005154639175257714
have,4,0.0,1.0,0.0,0.3005181347150259,0.6994818652849741,14,1,0.6288659793814433,0.005154639175257714
all,3,0.0,1.0,0.0,0.3005181347150259,0.6994818652849741,14,1,0.6288659793814433,0.005154639175257714
reported,8,0.0,1.0,0.0,0.3005181347150259,0.6994818652849741,14,1,0.6288659793814433,0.005154639175257714
the,3,0.0,1.0,0.0,0.3005181347150259,0.6994818652849741,14,1,0.6288659793814433,0.005154639175257714
clear,5,0.0,1.0,0.0,0.3005181347150259,0.6994818652849741,14,1,0.6288659793814433,0.005154639175257714
de-,3,0.0,0.6666666666666666,0.0,0.3005181347150259,0.6994818652849741,14,1,0.6288659793814433,0.005154639175257714
into,4,0.0,1.0,0.0,0.5,0.5,11,1,0.23711340206185566,0.4226804123711341
the,3,0.0,1.0,0.0,0.5,0.5,11,1,0.23711340206185566,0.4226804123711341
conditions,10,0.0,1.0,0.0,0.5,0.5,11,1,0.23711340206185566,0.4226804123711341
that,4,0.0,1.0,0.0,0.5,0.5,11,1,0.23711340206185566,0.4226804123711341
prevailed,9,0.0,1.0,0.0,0.5,0.5,11,1,0.23711340206185566,0.4226804123711341
during,6,0.0,1.0,0.0,0.5,0.5,11,1,0.23711340206185566,0.4226804123711341
the,3,0.0,1.0,0.0,0.5,0.5,11,1,0.23711340206185566,0.4226804123711341
formation,9,0.0,1.0,0.0,0.5,0.5,11,1,0.23711340206185566,0.4226804123711341
of,2,0.0,1.0,0.0,0.5,0.5,11,1,0.23711340206185566,0.4226804123711341
the,3,0.0,1.0,0.0,0.5,0.5,11,1,0.23711340206185566,0.4226804123711341
So-,3,0.3333333333333333,0.3333333333333333,0.0,0.5,0.5,11,1,0.23711340206185566,0.4226804123711341
tection,7,0.0,1.0,0.0,0.28342245989304815,0.7165775401069518,13,1,0.6288659793814433,0.03608247422680411
of,2,0.0,1.0,0.0,0.28342245989304815,0.7165775401069518,13,1,0.6288659793814433,0.03608247422680411
CN,2,1.0,0.0,0.0,0.28342245989304815,0.7165775401069518,13,1,0.6288659793814433,0.03608247422680411
along,5,0.0,1.0,0.0,0.28342245989304815,0.7165775401069518,13,1,0.6288659793814433,0.03608247422680411
with,4,0.0,1.0,0.0,0.28342245989304815,0.7165775401069518,13,1,0.6288659793814433,0.03608247422680411
an,2,0.0,1.0,0.0,0.28342245989304815,0.7165775401069518,13,1,0.6288659793814433,0.03608247422680411
upper,5,0.0,1.0,0.0,0.28342245989304815,0.7165775401069518,13,1,0.6288659793814433,0.03608247422680411
limit,5,0.0,1.0,0.0,0.28342245989304815,0.7165775401069518,13,1,0.6288659793814433,0.03608247422680411
to,2,0.0,1.0,0.0,0.28342245989304815,0.7165775401069518,13,1,0.6288659793814433,0.03608247422680411
the,3,0.0,1.0,0.0,0.28342245989304815,0.7165775401069518,13,1,0.6288659793814433,0.03608247422680411
production,10,0.0,1.0,0.0,0.28342245989304815,0.7165775401069518,13,1,0.6288659793814433,0.03608247422680411
rate,4,0.0,1.0,0.0,0.28342245989304815,0.7165775401069518,13,1,0.6288659793814433,0.03608247422680411
of,2,0.0,1.0,0.0,0.28342245989304815,0.7165775401069518,13,1,0.6288659793814433,0.03608247422680411
lar,3,0.0,1.0,0.0,0.5,0.5,11,1,0.23711340206185566,0.4226804123711341
system.,7,0.0,0.8571428571428571,0.0,0.5,0.5,11,1,0.23711340206185566,0.4226804123711341
In,2,0.5,0.5,0.0,0.5,0.5,11,1,0.23711340206185566,0.4226804123711341
this,4,0.0,1.0,0.0,0.5,0.5,11,1,0.23711340206185566,0.4226804123711341
"aspect,",7,0.0,0.8571428571428571,0.0,0.5,0.5,11,1,0.23711340206185566,0.4226804123711341
comparing,9,0.0,1.0,0.0,0.5,0.5,11,1,0.23711340206185566,0.4226804123711341
comets,6,0.0,1.0,0.0,0.5,0.5,11,1,0.23711340206185566,0.4226804123711341
from,4,0.0,1.0,0.0,0.5,0.5,11,1,0.23711340206185566,0.4226804123711341
our,3,0.0,1.0,0.0,0.5,0.5,11,1,0.23711340206185566,0.4226804123711341
Solar,5,0.2,0.8,0.0,0.5,0.5,11,1,0.23711340206185566,0.4226804123711341
system,6,0.0,1.0,0.0,0.5,0.5,11,1,0.23711340206185566,0.4226804123711341
C2,2,0.5,0.0,0.5,0.3020833333333333,0.6979166666666667,13,1,0.6288659793814433,0.010309278350515427
(0-0),5,0.0,0.0,0.4,0.3020833333333333,0.6979166666666667,13,1,0.6288659793814433,0.010309278350515427
emissions.,10,0.0,0.9,0.0,0.3020833333333333,0.6979166666666667,13,1,0.6288659793814433,0.010309278350515427
Lin,3,0.3333333333333333,0.6666666666666666,0.0,0.3020833333333333,0.6979166666666667,13,1,0.6288659793814433,0.010309278350515427
et,2,0.0,1.0,0.0,0.3020833333333333,0.6979166666666667,13,1,0.6288659793814433,0.010309278350515427
al.,3,0.0,0.6666666666666666,0.0,0.3020833333333333,0.6979166666666667,13,1,0.6288659793814433,0.010309278350515427
(2020),6,0.0,0.0,0.6666666666666666,0.3020833333333333,0.6979166666666667,13,1,0.6288659793814433,0.010309278350515427
and,3,0.0,1.0,0.0,0.3020833333333333,0.6979166666666667,13,1,0.6288659793814433,0.010309278350515427
Bannister,9,0.1111111111111111,0.8888888888888888,0.0,0.3020833333333333,0.6979166666666667,13,1,0.6288659793814433,0.010309278350515427
et,2,0.0,1.0,0.0,0.3020833333333333,0.6979166666666667,13,1,0.6288659793814433,0.010309278350515427
al.,3,0.0,0.6666666666666666,0.0,0.3020833333333333,0.6979166666666667,13,1,0.6288659793814433,0.010309278350515427
(2020),6,0.0,0.0,0.6666666666666666,0.3020833333333333,0.6979166666666667,13,1,0.6288659793814433,0.010309278350515427
have,4,0.0,1.0,0.0,0.3020833333333333,0.6979166666666667,13,1,0.6288659793814433,0.010309278350515427
with,4,0.0,1.0,0.0,0.5217391304347826,0.4782608695652174,10,1,0.23711340206185566,0.4072164948453608
interstellar,12,0.0,1.0,0.0,0.5217391304347826,0.4782608695652174,10,1,0.23711340206185566,0.4072164948453608
ones,4,0.0,1.0,0.0,0.5217391304347826,0.4782608695652174,10,1,0.23711340206185566,0.4072164948453608
can,3,0.0,1.0,0.0,0.5217391304347826,0.4782608695652174,10,1,0.23711340206185566,0.4072164948453608
shed,4,0.0,1.0,0.0,0.5217391304347826,0.4782608695652174,10,1,0.23711340206185566,0.4072164948453608
light,5,0.0,1.0,0.0,0.5217391304347826,0.4782608695652174,10,1,0.23711340206185566,0.4072164948453608
on,2,0.0,1.0,0.0,0.5217391304347826,0.4782608695652174,10,1,0.23711340206185566,0.4072164948453608
the,3,0.0,1.0,0.0,0.5217391304347826,0.4782608695652174,10,1,0.23711340206185566,0.4072164948453608
difference/similarity,21,0.0,0.9523809523809523,0.0,0.5217391304347826,0.4782608695652174,10,1,0.23711340206185566,0.4072164948453608
in,2,0.0,1.0,0.0,0.5217391304347826,0.4782608695652174,10,1,0.23711340206185566,0.4072164948453608
reported,8,0.0,1.0,0.0,0.2887700534759358,0.7112299465240641,12,1,0.6288659793814433,0.03608247422680411
the,3,0.0,1.0,0.0,0.2887700534759358,0.7112299465240641,12,1,0.6288659793814433,0.03608247422680411
clear,5,0.0,1.0,0.0,0.2887700534759358,0.7112299465240641,12,1,0.6288659793814433,0.03608247422680411
detection,9,0.0,1.0,0.0,0.2887700534759358,0.7112299465240641,12,1,0.6288659793814433,0.03608247422680411
of,2,0.0,1.0,0.0,0.2887700534759358,0.7112299465240641,12,1,0.6288659793814433,0.03608247422680411
both,4,0.0,1.0,0.0,0.2887700534759358,0.7112299465240641,12,1,0.6288659793814433,0.03608247422680411
CN,2,1.0,0.0,0.0,0.2887700534759358,0.7112299465240641,12,1,0.6288659793814433,0.03608247422680411
and,3,0.0,1.0,0.0,0.2887700534759358,0.7112299465240641,12,1,0.6288659793814433,0.03608247422680411
C2,2,0.5,0.0,0.5,0.2887700534759358,0.7112299465240641,12,1,0.6288659793814433,0.03608247422680411
in,2,0.0,1.0,0.0,0.2887700534759358,0.7112299465240641,12,1,0.6288659793814433,0.03608247422680411
their,5,0.0,1.0,0.0,0.2887700534759358,0.7112299465240641,12,1,0.6288659793814433,0.03608247422680411
"spectrum,",9,0.0,0.8888888888888888,0.0,0.2887700534759358,0.7112299465240641,12,1,0.6288659793814433,0.03608247422680411
the,3,0.0,1.0,0.0,0.5263157894736842,0.4736842105263158,9,1,0.23711340206185566,0.41237113402061853
materials,9,0.0,1.0,0.0,0.5263157894736842,0.4736842105263158,9,1,0.23711340206185566,0.41237113402061853
present,7,0.0,1.0,0.0,0.5263157894736842,0.4736842105263158,9,1,0.23711340206185566,0.41237113402061853
in,2,0.0,1.0,0.0,0.5263157894736842,0.4736842105263158,9,1,0.23711340206185566,0.41237113402061853
different,9,0.0,1.0,0.0,0.5263157894736842,0.4736842105263158,9,1,0.23711340206185566,0.41237113402061853
proto-stellar,13,0.0,0.9230769230769231,0.0,0.5263157894736842,0.4736842105263158,9,1,0.23711340206185566,0.41237113402061853
systems.,8,0.0,0.875,0.0,0.5263157894736842,0.4736842105263158,9,1,0.23711340206185566,0.41237113402061853
Even,4,0.25,0.75,0.0,0.5263157894736842,0.4736842105263158,9,1,0.23711340206185566,0.41237113402061853
after,5,0.0,1.0,0.0,0.5263157894736842,0.4736842105263158,9,1,0.23711340206185566,0.41237113402061853
with,4,0.0,1.0,0.0,0.30526315789473685,0.6947368421052631,11,1,0.6288659793814433,0.020618556701030966
the,3,0.0,1.0,0.0,0.30526315789473685,0.6947368421052631,11,1,0.6288659793814433,0.020618556701030966
latter,6,0.0,1.0,0.0,0.30526315789473685,0.6947368421052631,11,1,0.6288659793814433,0.020618556701030966
work,4,0.0,1.0,0.0,0.30526315789473685,0.6947368421052631,11,1,0.6288659793814433,0.020618556701030966
having,6,0.0,1.0,0.0,0.30526315789473685,0.6947368421052631,11,1,0.6288659793814433,0.020618556701030966
the,3,0.0,1.0,0.0,0.30526315789473685,0.6947368421052631,11,1,0.6288659793814433,0.020618556701030966
most,4,0.0,1.0,0.0,0.30526315789473685,0.6947368421052631,11,1,0.6288659793814433,0.020618556701030966
detailed,8,0.0,1.0,0.0,0.30526315789473685,0.6947368421052631,11,1,0.6288659793814433,0.020618556701030966
spectrum,8,0.0,1.0,0.0,0.30526315789473685,0.6947368421052631,11,1,0.6288659793814433,0.020618556701030966
of,2,0.0,1.0,0.0,0.30526315789473685,0.6947368421052631,11,1,0.6288659793814433,0.020618556701030966
2I/Borisov,10,0.2,0.6,0.1,0.30526315789473685,0.6947368421052631,11,1,0.6288659793814433,0.020618556701030966
centuries,9,0.0,1.0,0.0,0.5089285714285714,0.4910714285714286,10,1,0.23711340206185566,0.4226804123711341
of,2,0.0,1.0,0.0,0.5089285714285714,0.4910714285714286,10,1,0.23711340206185566,0.4226804123711341
comet,5,0.0,1.0,0.0,0.5089285714285714,0.4910714285714286,10,1,0.23711340206185566,0.4226804123711341
observations,12,0.0,1.0,0.0,0.5089285714285714,0.4910714285714286,10,1,0.23711340206185566,0.4226804123711341
and,3,0.0,1.0,0.0,0.5089285714285714,0.4910714285714286,10,1,0.23711340206185566,0.4226804123711341
decades,7,0.0,1.0,0.0,0.5089285714285714,0.4910714285714286,10,1,0.23711340206185566,0.4226804123711341
after,5,0.0,1.0,0.0,0.5089285714285714,0.4910714285714286,10,1,0.23711340206185566,0.4226804123711341
the,3,0.0,1.0,0.0,0.5089285714285714,0.4910714285714286,10,1,0.23711340206185566,0.4226804123711341
initial,7,0.0,1.0,0.0,0.5089285714285714,0.4910714285714286,10,1,0.23711340206185566,0.4226804123711341
pre-,4,0.0,0.75,0.0,0.5089285714285714,0.4910714285714286,10,1,0.23711340206185566,0.4226804123711341
reporting,9,0.0,1.0,0.0,0.30158730158730157,0.6984126984126984,11,1,0.6288659793814433,0.02577319587628868
the,3,0.0,1.0,0.0,0.30158730158730157,0.6984126984126984,11,1,0.6288659793814433,0.02577319587628868
detection,9,0.0,1.0,0.0,0.30158730158730157,0.6984126984126984,11,1,0.6288659793814433,0.02577319587628868
of,2,0.0,1.0,0.0,0.30158730158730157,0.6984126984126984,11,1,0.6288659793814433,0.02577319587628868
well-resolved,13,0.0,0.9230769230769231,0.0,0.30158730158730157,0.6984126984126984,11,1,0.6288659793814433,0.02577319587628868
C2,2,0.5,0.0,0.5,0.30158730158730157,0.6984126984126984,11,1,0.6288659793814433,0.02577319587628868
",",1,0.0,0.0,0.0,0.30158730158730157,0.6984126984126984,11,1,0.6288659793814433,0.02577319587628868
NH2,3,0.6666666666666666,0.0,0.3333333333333333,0.30158730158730157,0.6984126984126984,11,1,0.6288659793814433,0.02577319587628868
and,3,0.0,1.0,0.0,0.30158730158730157,0.6984126984126984,11,1,0.6288659793814433,0.02577319587628868
CN,2,1.0,0.0,0.0,0.30158730158730157,0.6984126984126984,11,1,0.6288659793814433,0.02577319587628868
emissions.,10,0.0,0.9,0.0,0.30158730158730157,0.6984126984126984,11,1,0.6288659793814433,0.02577319587628868
diction,7,0.0,1.0,0.0,0.4864864864864865,0.5135135135135135,12,1,0.23711340206185566,0.4278350515463918
by,2,0.0,1.0,0.0,0.4864864864864865,0.5135135135135135,12,1,0.23711340206185566,0.4278350515463918
Sen,3,0.3333333333333333,0.6666666666666666,0.0,0.4864864864864865,0.5135135135135135,12,1,0.23711340206185566,0.4278350515463918
&,1,0.0,0.0,0.0,0.4864864864864865,0.5135135135135135,12,1,0.23711340206185566,0.4278350515463918
Rana,4,0.25,0.75,0.0,0.4864864864864865,0.5135135135135135,12,1,0.23711340206185566,0.4278350515463918
"(1993),",7,0.0,0.0,0.5714285714285714,0.4864864864864865,0.5135135135135135,12,1,0.23711340206185566,0.4278350515463918
no,2,0.0,1.0,0.0,0.4864864864864865,0.5135135135135135,12,1,0.23711340206185566,0.4278350515463918
one,3,0.0,1.0,0.0,0.4864864864864865,0.5135135135135135,12,1,0.23711340206185566,0.4278350515463918
had,3,0.0,1.0,0.0,0.4864864864864865,0.5135135135135135,12,1,0.23711340206185566,0.4278350515463918
observed,8,0.0,1.0,0.0,0.4864864864864865,0.5135135135135135,12,1,0.23711340206185566,0.4278350515463918
an,2,0.0,1.0,0.0,0.4864864864864865,0.5135135135135135,12,1,0.23711340206185566,0.4278350515463918
interstellar,12,0.0,1.0,0.0,0.4864864864864865,0.5135135135135135,12,1,0.23711340206185566,0.4278350515463918
In,2,0.5,0.5,0.0,0.3105263157894737,0.6894736842105262,10,1,0.6288659793814433,0.020618556701030966
this,4,0.0,1.0,0.0,0.3105263157894737,0.6894736842105262,10,1,0.6288659793814433,0.020618556701030966
"paper,",6,0.0,0.8333333333333334,0.0,0.3105263157894737,0.6894736842105262,10,1,0.6288659793814433,0.020618556701030966
we,2,0.0,1.0,0.0,0.3105263157894737,0.6894736842105262,10,1,0.6288659793814433,0.020618556701030966
discuss,7,0.0,1.0,0.0,0.3105263157894737,0.6894736842105262,10,1,0.6288659793814433,0.020618556701030966
the,3,0.0,1.0,0.0,0.3105263157894737,0.6894736842105262,10,1,0.6288659793814433,0.020618556701030966
spectroscopic,13,0.0,1.0,0.0,0.3105263157894737,0.6894736842105262,10,1,0.6288659793814433,0.020618556701030966
and,3,0.0,1.0,0.0,0.3105263157894737,0.6894736842105262,10,1,0.6288659793814433,0.020618556701030966
imaging,7,0.0,1.0,0.0,0.3105263157894737,0.6894736842105262,10,1,0.6288659793814433,0.020618556701030966
observations,12,0.0,1.0,0.0,0.3105263157894737,0.6894736842105262,10,1,0.6288659793814433,0.020618556701030966
"object,",7,0.0,0.8571428571428571,0.0,0.5089285714285714,0.4910714285714286,10,1,0.23711340206185566,0.4226804123711341
passing,7,0.0,1.0,0.0,0.5089285714285714,0.4910714285714286,10,1,0.23711340206185566,0.4226804123711341
through,7,0.0,1.0,0.0,0.5089285714285714,0.4910714285714286,10,1,0.23711340206185566,0.4226804123711341
the,3,0.0,1.0,0.0,0.5089285714285714,0.4910714285714286,10,1,0.23711340206185566,0.4226804123711341
inner,5,0.0,1.0,0.0,0.5089285714285714,0.4910714285714286,10,1,0.23711340206185566,0.4226804123711341
Solar,5,0.2,0.8,0.0,0.5089285714285714,0.4910714285714286,10,1,0.23711340206185566,0.4226804123711341
"system,",7,0.0,0.8571428571428571,0.0,0.5089285714285714,0.4910714285714286,10,1,0.23711340206185566,0.4226804123711341
until,5,0.0,1.0,0.0,0.5089285714285714,0.4910714285714286,10,1,0.23711340206185566,0.4226804123711341
October,7,0.14285714285714285,0.8571428571428571,0.0,0.5089285714285714,0.4910714285714286,10,1,0.23711340206185566,0.4226804123711341
2017,4,0.0,0.0,1.0,0.5089285714285714,0.4910714285714286,10,1,0.23711340206185566,0.4226804123711341
carried,7,0.0,1.0,0.0,0.2994652406417112,0.7005347593582888,10,1,0.6288659793814433,0.03608247422680411
out,3,0.0,1.0,0.0,0.2994652406417112,0.7005347593582888,10,1,0.6288659793814433,0.03608247422680411
from,4,0.0,1.0,0.0,0.2994652406417112,0.7005347593582888,10,1,0.6288659793814433,0.03608247422680411
two,3,0.0,1.0,0.0,0.2994652406417112,0.7005347593582888,10,1,0.6288659793814433,0.03608247422680411
Indian,6,0.16666666666666666,0.8333333333333334,0.0,0.2994652406417112,0.7005347593582888,10,1,0.6288659793814433,0.03608247422680411
observatories,13,0.0,1.0,0.0,0.2994652406417112,0.7005347593582888,10,1,0.6288659793814433,0.03608247422680411
during,6,0.0,1.0,0.0,0.2994652406417112,0.7005347593582888,10,1,0.6288659793814433,0.03608247422680411
November,8,0.125,0.875,0.0,0.2994652406417112,0.7005347593582888,10,1,0.6288659793814433,0.03608247422680411
and,3,0.0,1.0,0.0,0.2994652406417112,0.7005347593582888,10,1,0.6288659793814433,0.03608247422680411
De-,3,0.3333333333333333,0.3333333333333333,0.0,0.2994652406417112,0.7005347593582888,10,1,0.6288659793814433,0.03608247422680411
when,4,0.0,1.0,0.0,0.4953271028037383,0.5046728971962617,9,1,0.23711340206185566,0.44845360824742264
‘Oumuamua,9,0.1111111111111111,0.7777777777777778,0.0,0.4953271028037383,0.5046728971962617,9,1,0.23711340206185566,0.44845360824742264
(1I/2017,8,0.125,0.0,0.625,0.4953271028037383,0.5046728971962617,9,1,0.23711340206185566,0.44845360824742264
U1),3,0.3333333333333333,0.0,0.3333333333333333,0.4953271028037383,0.5046728971962617,9,1,0.23711340206185566,0.44845360824742264
was,3,0.0,1.0,0.0,0.4953271028037383,0.5046728971962617,9,1,0.23711340206185566,0.44845360824742264
discovered.,11,0.0,0.9090909090909091,0.0,0.4953271028037383,0.5046728971962617,9,1,0.23711340206185566,0.44845360824742264
Even,4,0.25,0.75,0.0,0.4953271028037383,0.5046728971962617,9,1,0.23711340206185566,0.44845360824742264
though,6,0.0,1.0,0.0,0.4953271028037383,0.5046728971962617,9,1,0.23711340206185566,0.44845360824742264
there,5,0.0,1.0,0.0,0.4953271028037383,0.5046728971962617,9,1,0.23711340206185566,0.44845360824742264
cember,6,0.0,1.0,0.0,0.30158730158730157,0.6984126984126984,11,1,0.6288659793814433,0.02577319587628868
"2019,",5,0.0,0.0,0.8,0.30158730158730157,0.6984126984126984,11,1,0.6288659793814433,0.02577319587628868
to,2,0.0,1.0,0.0,0.30158730158730157,0.6984126984126984,11,1,0.6288659793814433,0.02577319587628868
study,5,0.0,1.0,0.0,0.30158730158730157,0.6984126984126984,11,1,0.6288659793814433,0.02577319587628868
the,3,0.0,1.0,0.0,0.30158730158730157,0.6984126984126984,11,1,0.6288659793814433,0.02577319587628868
evolution,9,0.0,1.0,0.0,0.30158730158730157,0.6984126984126984,11,1,0.6288659793814433,0.02577319587628868
of,2,0.0,1.0,0.0,0.30158730158730157,0.6984126984126984,11,1,0.6288659793814433,0.02577319587628868
molecular,9,0.0,1.0,0.0,0.30158730158730157,0.6984126984126984,11,1,0.6288659793814433,0.02577319587628868
emissions,9,0.0,1.0,0.0,0.30158730158730157,0.6984126984126984,11,1,0.6288659793814433,0.02577319587628868
and,3,0.0,1.0,0.0,0.30158730158730157,0.6984126984126984,11,1,0.6288659793814433,0.02577319587628868
also,4,0.0,1.0,0.0,0.30158730158730157,0.6984126984126984,11,1,0.6288659793814433,0.02577319587628868
was,3,0.0,1.0,0.0,0.5221238938053098,0.47787610619469023,9,1,0.23711340206185566,0.41752577319587625
non-gravitational,17,0.0,0.9411764705882353,0.0,0.5221238938053098,0.47787610619469023,9,1,0.23711340206185566,0.41752577319587625
acceleration,12,0.0,1.0,0.0,0.5221238938053098,0.47787610619469023,9,1,0.23711340206185566,0.41752577319587625
found,5,0.0,1.0,0.0,0.5221238938053098,0.47787610619469023,9,1,0.23711340206185566,0.41752577319587625
in,2,0.0,1.0,0.0,0.5221238938053098,0.47787610619469023,9,1,0.23711340206185566,0.41752577319587625
its,3,0.0,1.0,0.0,0.5221238938053098,0.47787610619469023,9,1,0.23711340206185566,0.41752577319587625
"orbit,",6,0.0,0.8333333333333334,0.0,0.5221238938053098,0.47787610619469023,9,1,0.23711340206185566,0.41752577319587625
around,6,0.0,1.0,0.0,0.5221238938053098,0.47787610619469023,9,1,0.23711340206185566,0.41752577319587625
peri-,5,0.0,0.8,0.0,0.5221238938053098,0.47787610619469023,9,1,0.23711340206185566,0.41752577319587625
to,2,0.0,1.0,0.0,0.3089005235602094,0.6910994764397906,11,1,0.6288659793814433,0.015463917525773141
put,3,0.0,1.0,0.0,0.3089005235602094,0.6910994764397906,11,1,0.6288659793814433,0.015463917525773141
constraints,11,0.0,1.0,0.0,0.3089005235602094,0.6910994764397906,11,1,0.6288659793814433,0.015463917525773141
on,2,0.0,1.0,0.0,0.3089005235602094,0.6910994764397906,11,1,0.6288659793814433,0.015463917525773141
the,3,0.0,1.0,0.0,0.3089005235602094,0.6910994764397906,11,1,0.6288659793814433,0.015463917525773141
physical,8,0.0,1.0,0.0,0.3089005235602094,0.6910994764397906,11,1,0.6288659793814433,0.015463917525773141
characteristics,15,0.0,1.0,0.0,0.3089005235602094,0.6910994764397906,11,1,0.6288659793814433,0.015463917525773141
of,2,0.0,1.0,0.0,0.3089005235602094,0.6910994764397906,11,1,0.6288659793814433,0.015463917525773141
the,3,0.0,1.0,0.0,0.3089005235602094,0.6910994764397906,11,1,0.6288659793814433,0.015463917525773141
rare,4,0.0,1.0,0.0,0.3089005235602094,0.6910994764397906,11,1,0.6288659793814433,0.015463917525773141
inter-,6,0.0,0.8333333333333334,0.0,0.3089005235602094,0.6910994764397906,11,1,0.6288659793814433,0.015463917525773141
"helion,",7,0.0,0.8571428571428571,0.0,0.5,0.5,12,1,0.23711340206185566,0.41237113402061853
which,5,0.0,1.0,0.0,0.5,0.5,12,1,0.23711340206185566,0.41237113402061853
is,2,0.0,1.0,0.0,0.5,0.5,12,1,0.23711340206185566,0.41237113402061853
usually,7,0.0,1.0,0.0,0.5,0.5,12,1,0.23711340206185566,0.41237113402061853
a,1,0.0,1.0,0.0,0.5,0.5,12,1,0.23711340206185566,0.41237113402061853
result,6,0.0,1.0,0.0,0.5,0.5,12,1,0.23711340206185566,0.41237113402061853
of,2,0.0,1.0,0.0,0.5,0.5,12,1,0.23711340206185566,0.41237113402061853
outgassing,10,0.0,1.0,0.0,0.5,0.5,12,1,0.23711340206185566,0.41237113402061853
"(eg.,",5,0.0,0.4,0.0,0.5,0.5,12,1,0.23711340206185566,0.41237113402061853
Micheli,7,0.14285714285714285,0.8571428571428571,0.0,0.5,0.5,12,1,0.23711340206185566,0.41237113402061853
et,2,0.0,1.0,0.0,0.5,0.5,12,1,0.23711340206185566,0.41237113402061853
al.,3,0.0,0.6666666666666666,0.0,0.5,0.5,12,1,0.23711340206185566,0.41237113402061853
stellar,7,0.0,1.0,0.0,0.31216931216931215,0.6878306878306879,9,1,0.6288659793814433,0.02577319587628868
comet,5,0.0,1.0,0.0,0.31216931216931215,0.6878306878306879,9,1,0.6288659793814433,0.02577319587628868
2I/Borisov.,11,0.18181818181818182,0.5454545454545454,0.09090909090909091,0.31216931216931215,0.6878306878306879,9,1,0.6288659793814433,0.02577319587628868
Section,7,0.14285714285714285,0.8571428571428571,0.0,0.31216931216931215,0.6878306878306879,9,1,0.6288659793814433,0.02577319587628868
2,1,0.0,0.0,1.0,0.31216931216931215,0.6878306878306879,9,1,0.6288659793814433,0.02577319587628868
describes,9,0.0,1.0,0.0,0.31216931216931215,0.6878306878306879,9,1,0.6288659793814433,0.02577319587628868
the,3,0.0,1.0,0.0,0.31216931216931215,0.6878306878306879,9,1,0.6288659793814433,0.02577319587628868
observations,12,0.0,1.0,0.0,0.31216931216931215,0.6878306878306879,9,1,0.6288659793814433,0.02577319587628868
from,4,0.0,1.0,0.0,0.31216931216931215,0.6878306878306879,9,1,0.6288659793814433,0.02577319587628868
"2018),",6,0.0,0.0,0.6666666666666666,0.4954128440366973,0.5045871559633027,10,1,0.23711340206185566,0.4381443298969072
‘Oumuamua,9,0.1111111111111111,0.7777777777777778,0.0,0.4954128440366973,0.5045871559633027,10,1,0.23711340206185566,0.4381443298969072
is,2,0.0,1.0,0.0,0.4954128440366973,0.5045871559633027,10,1,0.23711340206185566,0.4381443298969072
observed,8,0.0,1.0,0.0,0.4954128440366973,0.5045871559633027,10,1,0.23711340206185566,0.4381443298969072
to,2,0.0,1.0,0.0,0.4954128440366973,0.5045871559633027,10,1,0.23711340206185566,0.4381443298969072
be,2,0.0,1.0,0.0,0.4954128440366973,0.5045871559633027,10,1,0.23711340206185566,0.4381443298969072
completely,10,0.0,1.0,0.0,0.4954128440366973,0.5045871559633027,10,1,0.23711340206185566,0.4381443298969072
asteroidal,10,0.0,1.0,0.0,0.4954128440366973,0.5045871559633027,10,1,0.23711340206185566,0.4381443298969072
in,2,0.0,1.0,0.0,0.4954128440366973,0.5045871559633027,10,1,0.23711340206185566,0.4381443298969072
na-,3,0.0,0.6666666666666666,0.0,0.4954128440366973,0.5045871559633027,10,1,0.23711340206185566,0.4381443298969072
both,4,0.0,1.0,0.0,0.31413612565445026,0.6858638743455497,10,1,0.6288659793814433,0.015463917525773141
observatories.,14,0.0,0.9285714285714286,0.0,0.31413612565445026,0.6858638743455497,10,1,0.6288659793814433,0.015463917525773141
Section,7,0.14285714285714285,0.8571428571428571,0.0,0.31413612565445026,0.6858638743455497,10,1,0.6288659793814433,0.015463917525773141
3,1,0.0,0.0,1.0,0.31413612565445026,0.6858638743455497,10,1,0.6288659793814433,0.015463917525773141
discusses,9,0.0,1.0,0.0,0.31413612565445026,0.6858638743455497,10,1,0.6288659793814433,0.015463917525773141
the,3,0.0,1.0,0.0,0.31413612565445026,0.6858638743455497,10,1,0.6288659793814433,0.015463917525773141
data,4,0.0,1.0,0.0,0.31413612565445026,0.6858638743455497,10,1,0.6288659793814433,0.015463917525773141
reduction,9,0.0,1.0,0.0,0.31413612565445026,0.6858638743455497,10,1,0.6288659793814433,0.015463917525773141
and,3,0.0,1.0,0.0,0.31413612565445026,0.6858638743455497,10,1,0.6288659793814433,0.015463917525773141
analy-,6,0.0,0.8333333333333334,0.0,0.31413612565445026,0.6858638743455497,10,1,0.6288659793814433,0.015463917525773141
ture,4,0.0,1.0,0.0,0.5,0.5,12,1,0.23711340206185566,0.41237113402061853
(Meech,6,0.16666666666666666,0.6666666666666666,0.0,0.5,0.5,12,1,0.23711340206185566,0.41237113402061853
et,2,0.0,1.0,0.0,0.5,0.5,12,1,0.23711340206185566,0.41237113402061853
al.,3,0.0,0.6666666666666666,0.0,0.5,0.5,12,1,0.23711340206185566,0.41237113402061853
2017;,5,0.0,0.0,0.8,0.5,0.5,12,1,0.23711340206185566,0.41237113402061853
Jewitt,6,0.16666666666666666,0.8333333333333334,0.0,0.5,0.5,12,1,0.23711340206185566,0.41237113402061853
et,2,0.0,1.0,0.0,0.5,0.5,12,1,0.23711340206185566,0.41237113402061853
al.,3,0.0,0.6666666666666666,0.0,0.5,0.5,12,1,0.23711340206185566,0.41237113402061853
2017).,6,0.0,0.0,0.6666666666666666,0.5,0.5,12,1,0.23711340206185566,0.41237113402061853
This,4,0.25,0.75,0.0,0.5,0.5,12,1,0.23711340206185566,0.41237113402061853
behaviour,9,0.0,1.0,0.0,0.5,0.5,12,1,0.23711340206185566,0.41237113402061853
limited,7,0.0,1.0,0.0,0.5,0.5,12,1,0.23711340206185566,0.41237113402061853
sis,3,0.0,1.0,0.0,0.30687830687830686,0.6931216931216931,10,1,0.6288659793814433,0.02577319587628868
methods,7,0.0,1.0,0.0,0.30687830687830686,0.6931216931216931,10,1,0.6288659793814433,0.02577319587628868
used.,5,0.0,0.8,0.0,0.30687830687830686,0.6931216931216931,10,1,0.6288659793814433,0.02577319587628868
"Finally,",8,0.125,0.75,0.0,0.30687830687830686,0.6931216931216931,10,1,0.6288659793814433,0.02577319587628868
we,2,0.0,1.0,0.0,0.30687830687830686,0.6931216931216931,10,1,0.6288659793814433,0.02577319587628868
discuss,7,0.0,1.0,0.0,0.30687830687830686,0.6931216931216931,10,1,0.6288659793814433,0.02577319587628868
the,3,0.0,1.0,0.0,0.30687830687830686,0.6931216931216931,10,1,0.6288659793814433,0.02577319587628868
spectroscopic,13,0.0,1.0,0.0,0.30687830687830686,0.6931216931216931,10,1,0.6288659793814433,0.02577319587628868
and,3,0.0,1.0,0.0,0.30687830687830686,0.6931216931216931,10,1,0.6288659793814433,0.02577319587628868
imaging,7,0.0,1.0,0.0,0.30687830687830686,0.6931216931216931,10,1,0.6288659793814433,0.02577319587628868
the,3,0.0,1.0,0.0,0.5,0.5,13,1,0.23711340206185566,0.4020618556701031
observation,11,0.0,1.0,0.0,0.5,0.5,13,1,0.23711340206185566,0.4020618556701031
of,2,0.0,1.0,0.0,0.5,0.5,13,1,0.23711340206185566,0.4020618556701031
the,3,0.0,1.0,0.0,0.5,0.5,13,1,0.23711340206185566,0.4020618556701031
object,6,0.0,1.0,0.0,0.5,0.5,13,1,0.23711340206185566,0.4020618556701031
due,3,0.0,1.0,0.0,0.5,0.5,13,1,0.23711340206185566,0.4020618556701031
to,2,0.0,1.0,0.0,0.5,0.5,13,1,0.23711340206185566,0.4020618556701031
its,3,0.0,1.0,0.0,0.5,0.5,13,1,0.23711340206185566,0.4020618556701031
faintness.,10,0.0,0.9,0.0,0.5,0.5,13,1,0.23711340206185566,0.4020618556701031
Later,5,0.2,0.8,0.0,0.5,0.5,13,1,0.23711340206185566,0.4020618556701031
on,2,0.0,1.0,0.0,0.5,0.5,13,1,0.23711340206185566,0.4020618556701031
30,2,0.0,0.0,1.0,0.5,0.5,13,1,0.23711340206185566,0.4020618556701031
August,6,0.16666666666666666,0.8333333333333334,0.0,0.5,0.5,13,1,0.23711340206185566,0.4020618556701031
results,7,0.0,1.0,0.0,0.1258741258741259,0.8741258741258742,4,1,0.6288659793814433,0.2628865979381443
in,2,0.0,1.0,0.0,0.1258741258741259,0.8741258741258742,4,1,0.6288659793814433,0.2628865979381443
section,7,0.0,1.0,0.0,0.1258741258741259,0.8741258741258742,4,1,0.6288659793814433,0.2628865979381443
4.,2,0.0,0.0,0.5,0.1258741258741259,0.8741258741258742,4,1,0.6288659793814433,0.2628865979381443
"2019,",5,0.0,0.0,0.8,0.5132743362831859,0.48672566371681414,10,1,0.23711340206185566,0.41752577319587625
Gennady,7,0.14285714285714285,0.8571428571428571,0.0,0.5132743362831859,0.48672566371681414,10,1,0.23711340206185566,0.41752577319587625
Borisov,7,0.14285714285714285,0.8571428571428571,0.0,0.5132743362831859,0.48672566371681414,10,1,0.23711340206185566,0.41752577319587625
using,5,0.0,1.0,0.0,0.5132743362831859,0.48672566371681414,10,1,0.23711340206185566,0.41752577319587625
his,3,0.0,1.0,0.0,0.5132743362831859,0.48672566371681414,10,1,0.23711340206185566,0.41752577319587625
self-built,10,0.0,0.9,0.0,0.5132743362831859,0.48672566371681414,10,1,0.23711340206185566,0.41752577319587625
0.65,4,0.0,0.0,0.75,0.5132743362831859,0.48672566371681414,10,1,0.23711340206185566,0.41752577319587625
m,1,0.0,1.0,0.0,0.5132743362831859,0.48672566371681414,10,1,0.23711340206185566,0.41752577319587625
telescope,9,0.0,1.0,0.0,0.5132743362831859,0.48672566371681414,10,1,0.23711340206185566,0.41752577319587625
discov-,7,0.0,0.8571428571428571,0.0,0.5132743362831859,0.48672566371681414,10,1,0.23711340206185566,0.41752577319587625
ered,4,0.0,1.0,0.0,0.49137931034482757,0.5086206896551724,14,1,0.23711340206185566,0.4020618556701031
a,1,0.0,1.0,0.0,0.49137931034482757,0.5086206896551724,14,1,0.23711340206185566,0.4020618556701031
comet,5,0.0,1.0,0.0,0.49137931034482757,0.5086206896551724,14,1,0.23711340206185566,0.4020618556701031
like,4,0.0,1.0,0.0,0.49137931034482757,0.5086206896551724,14,1,0.23711340206185566,0.4020618556701031
body.,5,0.0,0.8,0.0,0.49137931034482757,0.5086206896551724,14,1,0.23711340206185566,0.4020618556701031
This,4,0.25,0.75,0.0,0.49137931034482757,0.5086206896551724,14,1,0.23711340206185566,0.4020618556701031
was,3,0.0,1.0,0.0,0.49137931034482757,0.5086206896551724,14,1,0.23711340206185566,0.4020618556701031
later,5,0.0,1.0,0.0,0.49137931034482757,0.5086206896551724,14,1,0.23711340206185566,0.4020618556701031
identified,10,0.0,1.0,0.0,0.49137931034482757,0.5086206896551724,14,1,0.23711340206185566,0.4020618556701031
to,2,0.0,1.0,0.0,0.49137931034482757,0.5086206896551724,14,1,0.23711340206185566,0.4020618556701031
be,2,0.0,1.0,0.0,0.49137931034482757,0.5086206896551724,14,1,0.23711340206185566,0.4020618556701031
the,3,0.0,1.0,0.0,0.49137931034482757,0.5086206896551724,14,1,0.23711340206185566,0.4020618556701031
first,5,0.0,1.0,0.0,0.49137931034482757,0.5086206896551724,14,1,0.23711340206185566,0.4020618556701031
ever,4,0.0,1.0,0.0,0.49137931034482757,0.5086206896551724,14,1,0.23711340206185566,0.4020618556701031
interstellar,12,0.0,1.0,0.0,0.5132743362831859,0.48672566371681414,10,1,0.23711340206185566,0.41752577319587625
comet,5,0.0,1.0,0.0,0.5132743362831859,0.48672566371681414,10,1,0.23711340206185566,0.41752577319587625
to,2,0.0,1.0,0.0,0.5132743362831859,0.48672566371681414,10,1,0.23711340206185566,0.41752577319587625
be,2,0.0,1.0,0.0,0.5132743362831859,0.48672566371681414,10,1,0.23711340206185566,0.41752577319587625
observed,8,0.0,1.0,0.0,0.5132743362831859,0.48672566371681414,10,1,0.23711340206185566,0.41752577319587625
passing,7,0.0,1.0,0.0,0.5132743362831859,0.48672566371681414,10,1,0.23711340206185566,0.41752577319587625
through,7,0.0,1.0,0.0,0.5132743362831859,0.48672566371681414,10,1,0.23711340206185566,0.41752577319587625
the,3,0.0,1.0,0.0,0.5132743362831859,0.48672566371681414,10,1,0.23711340206185566,0.41752577319587625
Solar,5,0.2,0.8,0.0,0.5132743362831859,0.48672566371681414,10,1,0.23711340206185566,0.41752577319587625
system.,7,0.0,0.8571428571428571,0.0,0.5132743362831859,0.48672566371681414,10,1,0.23711340206185566,0.41752577319587625
?,1,0.0,0.0,0.0,0.5625,0.4375,6,14,0.23711340206185566,0.09278350515463918
E-mail:,7,0.14285714285714285,0.5714285714285714,0.0,0.5625,0.4375,6,14,0.23711340206185566,0.09278350515463918
"aravindk@prl.res.in,",20,0.0,0.8,0.0,0.5625,0.4375,6,14,0.23711340206185566,0.09278350515463918
aravind139@gmail.com,20,0.0,0.75,0.15,0.5625,0.4375,6,14,0.23711340206185566,0.09278350515463918
1,1,0.0,0.0,1.0,0.5625,0.4375,6,14,0.23711340206185566,0.09278350515463918
https://minorplanetcenter.net/mpec/K19/K19S72.html,50,0.06,0.66,0.12,0.5625,0.4375,6,14,0.23711340206185566,0.09278350515463918
©,1,0.0,0.0,0.0,0.234375,0.765625,4,1,0.23711340206185566,0.6701030927835052
2021,4,0.0,0.0,1.0,0.234375,0.765625,4,1,0.23711340206185566,0.6701030927835052
The,3,0.3333333333333333,0.6666666666666666,0.0,0.234375,0.765625,4,1,0.23711340206185566,0.6701030927835052
Authors,7,0.14285714285714285,0.8571428571428571,0.0,0.234375,0.765625,4,1,0.23711340206185566,0.6701030927835052
avr_spaces,10,0.0,0.9,0.0,1.0,0.0,1,1,0.33959975742874465,0.9484536082474226
2,1,0.0,0.0,1.0,0.6153846153846154,0.3846153846153846,5,4,0.0,0.865979381443299
Aravind,7,0.14285714285714285,0.8571428571428571,0.0,0.6153846153846154,0.3846153846153846,5,4,0.0,0.865979381443299
K.,2,0.5,0.0,0.0,0.6153846153846154,0.3846153846153846,5,4,0.0,0.865979381443299
et,2,0.0,1.0,0.0,0.6153846153846154,0.3846153846153846,5,4,0.0,0.865979381443299
"al.,",4,0.0,0.5,0.0,0.6153846153846154,0.3846153846153846,5,4,0.0,0.865979381443299
2,1,0.0,0.0,1.0,0.44525547445255476,0.5547445255474452,14,33,0.0,0.2938144329896907
OBSERVATIONS,12,1.0,0.0,0.0,0.44525547445255476,0.5547445255474452,14,33,0.0,0.2938144329896907
24◦,3,0.0,0.0,0.6666666666666666,0.44525547445255476,0.5547445255474452,14,33,0.0,0.2938144329896907
390,3,0.0,0.0,1.0,0.44525547445255476,0.5547445255474452,14,33,0.0,0.2938144329896907
8.800,5,0.0,0.0,0.8,0.44525547445255476,0.5547445255474452,14,33,0.0,0.2938144329896907
North;,6,0.16666666666666666,0.6666666666666666,0.0,0.44525547445255476,0.5547445255474452,14,33,0.0,0.2938144329896907
Altitude,8,0.125,0.875,0.0,0.44525547445255476,0.5547445255474452,14,33,0.0,0.2938144329896907
:,1,0.0,0.0,0.0,0.44525547445255476,0.5547445255474452,14,33,0.0,0.2938144329896907
1680,4,0.0,0.0,1.0,0.44525547445255476,0.5547445255474452,14,33,0.0,0.2938144329896907
m).,3,0.0,0.3333333333333333,0.0,0.44525547445255476,0.5547445255474452,14,33,0.0,0.2938144329896907
One,3,0.3333333333333333,0.6666666666666666,0.0,0.44525547445255476,0.5547445255474452,14,33,0.0,0.2938144329896907
of,2,0.0,1.0,0.0,0.44525547445255476,0.5547445255474452,14,33,0.0,0.2938144329896907
the,3,0.0,1.0,0.0,0.44525547445255476,0.5547445255474452,14,33,0.0,0.2938144329896907
backend,7,0.0,1.0,0.0,0.44525547445255476,0.5547445255474452,14,33,0.0,0.2938144329896907
instruments,11,0.0,1.0,0.0,0.35555555555555557,0.6444444444444444,10,1,0.4020618556701031,0.3041237113402062
available,9,0.0,1.0,0.0,0.35555555555555557,0.6444444444444444,10,1,0.4020618556701031,0.3041237113402062
is,2,0.0,1.0,0.0,0.35555555555555557,0.6444444444444444,10,1,0.4020618556701031,0.3041237113402062
a,1,0.0,1.0,0.0,0.35555555555555557,0.6444444444444444,10,1,0.4020618556701031,0.3041237113402062
1024,4,0.0,0.0,1.0,0.35555555555555557,0.6444444444444444,10,1,0.4020618556701031,0.3041237113402062
×,1,0.0,0.0,0.0,0.35555555555555557,0.6444444444444444,10,1,0.4020618556701031,0.3041237113402062
1024,4,0.0,0.0,1.0,0.35555555555555557,0.6444444444444444,10,1,0.4020618556701031,0.3041237113402062
pixel,5,0.0,1.0,0.0,0.35555555555555557,0.6444444444444444,10,1,0.4020618556701031,0.3041237113402062
EMCCD,5,1.0,0.0,0.0,0.35555555555555557,0.6444444444444444,10,1,0.4020618556701031,0.3041237113402062
camera,6,0.0,1.0,0.0,0.35555555555555557,0.6444444444444444,10,1,0.4020618556701031,0.3041237113402062
Observations,12,0.08333333333333333,0.9166666666666666,0.0,0.8823529411764706,0.11764705882352944,9,1,0.0,0.6494845360824743
of,2,0.0,1.0,0.0,0.8823529411764706,0.11764705882352944,9,1,0.0,0.6494845360824743
the,3,0.0,1.0,0.0,0.8823529411764706,0.11764705882352944,9,1,0.0,0.6494845360824743
interstellar,12,0.0,1.0,0.0,0.8823529411764706,0.11764705882352944,9,1,0.0,0.6494845360824743
"comet,",6,0.0,0.8333333333333334,0.0,0.8823529411764706,0.11764705882352944,9,1,0.0,0.6494845360824743
"2I/Borisov,",11,0.18181818181818182,0.5454545454545454,0.09090909090909091,0.8823529411764706,0.11764705882352944,9,1,0.0,0.6494845360824743
were,4,0.0,1.0,0.0,0.8823529411764706,0.11764705882352944,9,1,0.0,0.6494845360824743
carried,7,0.0,1.0,0.0,0.8823529411764706,0.11764705882352944,9,1,0.0,0.6494845360824743
out,3,0.0,1.0,0.0,0.8823529411764706,0.11764705882352944,9,1,0.0,0.6494845360824743
(Ixon),6,0.16666666666666666,0.5,0.0,0.35555555555555557,0.6444444444444444,10,1,0.4020618556701031,0.3041237113402062
from,4,0.0,1.0,0.0,0.35555555555555557,0.6444444444444444,10,1,0.4020618556701031,0.3041237113402062
Andor.,6,0.16666666666666666,0.6666666666666666,0.0,0.35555555555555557,0.6444444444444444,10,1,0.4020618556701031,0.3041237113402062
The,3,0.3333333333333333,0.6666666666666666,0.0,0.35555555555555557,0.6444444444444444,10,1,0.4020618556701031,0.3041237113402062
EMCCD,5,1.0,0.0,0.0,0.35555555555555557,0.6444444444444444,10,1,0.4020618556701031,0.3041237113402062
is,2,0.0,1.0,0.0,0.35555555555555557,0.6444444444444444,10,1,0.4020618556701031,0.3041237113402062
mounted,7,0.0,1.0,0.0,0.35555555555555557,0.6444444444444444,10,1,0.4020618556701031,0.3041237113402062
at,2,0.0,1.0,0.0,0.35555555555555557,0.6444444444444444,10,1,0.4020618556701031,0.3041237113402062
the,3,0.0,1.0,0.0,0.35555555555555557,0.6444444444444444,10,1,0.4020618556701031,0.3041237113402062
Cassegrain,10,0.1,0.9,0.0,0.35555555555555557,0.6444444444444444,10,1,0.4020618556701031,0.3041237113402062
using,5,0.0,1.0,0.0,0.8571428571428571,0.1428571428571429,10,1,0.0,0.6752577319587629
two,3,0.0,1.0,0.0,0.8571428571428571,0.1428571428571429,10,1,0.0,0.6752577319587629
Indian,6,0.16666666666666666,0.8333333333333334,0.0,0.8571428571428571,0.1428571428571429,10,1,0.0,0.6752577319587629
"observatories,",14,0.0,0.9285714285714286,0.0,0.8571428571428571,0.1428571428571429,10,1,0.0,0.6752577319587629
the,3,0.0,1.0,0.0,0.8571428571428571,0.1428571428571429,10,1,0.0,0.6752577319587629
2,1,0.0,0.0,1.0,0.8571428571428571,0.1428571428571429,10,1,0.0,0.6752577319587629
m,1,0.0,1.0,0.0,0.8571428571428571,0.1428571428571429,10,1,0.0,0.6752577319587629
Himalayan,9,0.1111111111111111,0.8888888888888888,0.0,0.8571428571428571,0.1428571428571429,10,1,0.0,0.6752577319587629
Chandra,7,0.14285714285714285,0.8571428571428571,0.0,0.8571428571428571,0.1428571428571429,10,1,0.0,0.6752577319587629
Tele-,5,0.2,0.6,0.0,0.8571428571428571,0.1428571428571429,10,1,0.0,0.6752577319587629
focal,5,0.0,1.0,0.0,0.36879432624113473,0.6312056737588653,12,1,0.4020618556701031,0.2731958762886598
plane.,6,0.0,0.8333333333333334,0.0,0.36879432624113473,0.6312056737588653,12,1,0.4020618556701031,0.2731958762886598
With,4,0.25,0.75,0.0,0.36879432624113473,0.6312056737588653,12,1,0.4020618556701031,0.2731958762886598
2,1,0.0,0.0,1.0,0.36879432624113473,0.6312056737588653,12,1,0.4020618556701031,0.2731958762886598
×,1,0.0,0.0,0.0,0.36879432624113473,0.6312056737588653,12,1,0.4020618556701031,0.2731958762886598
2,1,0.0,0.0,1.0,0.36879432624113473,0.6312056737588653,12,1,0.4020618556701031,0.2731958762886598
on-chip-binning,15,0.0,0.8666666666666667,0.0,0.36879432624113473,0.6312056737588653,12,1,0.4020618556701031,0.2731958762886598
mode,4,0.0,1.0,0.0,0.36879432624113473,0.6312056737588653,12,1,0.4020618556701031,0.2731958762886598
we,2,0.0,1.0,0.0,0.36879432624113473,0.6312056737588653,12,1,0.4020618556701031,0.2731958762886598
achieve,7,0.0,1.0,0.0,0.36879432624113473,0.6312056737588653,12,1,0.4020618556701031,0.2731958762886598
a,1,0.0,1.0,0.0,0.36879432624113473,0.6312056737588653,12,1,0.4020618556701031,0.2731958762886598
plate,5,0.0,1.0,0.0,0.36879432624113473,0.6312056737588653,12,1,0.4020618556701031,0.2731958762886598
scope(HCT),10,0.3,0.5,0.0,0.8709677419354839,0.12903225806451613,9,1,0.0,0.6804123711340206
operated,8,0.0,1.0,0.0,0.8709677419354839,0.12903225806451613,9,1,0.0,0.6804123711340206
by,2,0.0,1.0,0.0,0.8709677419354839,0.12903225806451613,9,1,0.0,0.6804123711340206
the,3,0.0,1.0,0.0,0.8709677419354839,0.12903225806451613,9,1,0.0,0.6804123711340206
Indian,6,0.16666666666666666,0.8333333333333334,0.0,0.8709677419354839,0.12903225806451613,9,1,0.0,0.6804123711340206
Institute,9,0.1111111111111111,0.8888888888888888,0.0,0.8709677419354839,0.12903225806451613,9,1,0.0,0.6804123711340206
of,2,0.0,1.0,0.0,0.8709677419354839,0.12903225806451613,9,1,0.0,0.6804123711340206
Astrophysics,12,0.08333333333333333,0.9166666666666666,0.0,0.8709677419354839,0.12903225806451613,9,1,0.0,0.6804123711340206
at,2,0.0,1.0,0.0,0.8709677419354839,0.12903225806451613,9,1,0.0,0.6804123711340206
scale,5,0.0,1.0,0.0,0.3888888888888889,0.6111111111111112,11,1,0.4020618556701031,0.25773195876288657
of,2,0.0,1.0,0.0,0.3888888888888889,0.6111111111111112,11,1,0.4020618556701031,0.25773195876288657
0.36,4,0.0,0.0,0.75,0.3888888888888889,0.6111111111111112,11,1,0.4020618556701031,0.25773195876288657
arcsec/pixel.,13,0.0,0.8461538461538461,0.0,0.3888888888888889,0.6111111111111112,11,1,0.4020618556701031,0.25773195876288657
A,1,1.0,0.0,0.0,0.3888888888888889,0.6111111111111112,11,1,0.4020618556701031,0.25773195876288657
CFW-2-7,7,0.42857142857142855,0.0,0.2857142857142857,0.3888888888888889,0.6111111111111112,11,1,0.4020618556701031,0.25773195876288657
(7,2,0.0,0.0,0.5,0.3888888888888889,0.6111111111111112,11,1,0.4020618556701031,0.25773195876288657
"position,",9,0.0,0.8888888888888888,0.0,0.3888888888888889,0.6111111111111112,11,1,0.4020618556701031,0.25773195876288657
2,1,0.0,0.0,1.0,0.3888888888888889,0.6111111111111112,11,1,0.4020618556701031,0.25773195876288657
inch,4,0.0,1.0,0.0,0.3888888888888889,0.6111111111111112,11,1,0.4020618556701031,0.25773195876288657
diameter,8,0.0,1.0,0.0,0.3888888888888889,0.6111111111111112,11,1,0.4020618556701031,0.25773195876288657
"Hanle,",6,0.16666666666666666,0.6666666666666666,0.0,0.8253968253968254,0.17460317460317465,12,1,0.0,0.6752577319587629
Ladakh,6,0.16666666666666666,0.8333333333333334,0.0,0.8253968253968254,0.17460317460317465,12,1,0.0,0.6752577319587629
and,3,0.0,1.0,0.0,0.8253968253968254,0.17460317460317465,12,1,0.0,0.6752577319587629
the,3,0.0,1.0,0.0,0.8253968253968254,0.17460317460317465,12,1,0.0,0.6752577319587629
1.2,3,0.0,0.0,0.6666666666666666,0.8253968253968254,0.17460317460317465,12,1,0.0,0.6752577319587629
m,1,0.0,1.0,0.0,0.8253968253968254,0.17460317460317465,12,1,0.0,0.6752577319587629
telescope,9,0.0,1.0,0.0,0.8253968253968254,0.17460317460317465,12,1,0.0,0.6752577319587629
at,2,0.0,1.0,0.0,0.8253968253968254,0.17460317460317465,12,1,0.0,0.6752577319587629
Mount,5,0.2,0.8,0.0,0.8253968253968254,0.17460317460317465,12,1,0.0,0.6752577319587629
Abu,3,0.3333333333333333,0.6666666666666666,0.0,0.8253968253968254,0.17460317460317465,12,1,0.0,0.6752577319587629
InfraRed,8,0.25,0.75,0.0,0.8253968253968254,0.17460317460317465,12,1,0.0,0.6752577319587629
Ob-,3,0.3333333333333333,0.3333333333333333,0.0,0.8253968253968254,0.17460317460317465,12,1,0.0,0.6752577319587629
per,3,0.0,1.0,0.0,0.4027777777777778,0.5972222222222222,9,1,0.4020618556701031,0.25773195876288657
filter),7,0.0,0.8571428571428571,0.0,0.4027777777777778,0.5972222222222222,9,1,0.4020618556701031,0.25773195876288657
model,5,0.0,1.0,0.0,0.4027777777777778,0.5972222222222222,9,1,0.4020618556701031,0.25773195876288657
filter,6,0.0,1.0,0.0,0.4027777777777778,0.5972222222222222,9,1,0.4020618556701031,0.25773195876288657
"wheel,",6,0.0,0.8333333333333334,0.0,0.4027777777777778,0.5972222222222222,9,1,0.4020618556701031,0.25773195876288657
from,4,0.0,1.0,0.0,0.4027777777777778,0.5972222222222222,9,1,0.4020618556701031,0.25773195876288657
Finger,6,0.16666666666666666,0.8333333333333334,0.0,0.4027777777777778,0.5972222222222222,9,1,0.4020618556701031,0.25773195876288657
Lakes,5,0.2,0.8,0.0,0.4027777777777778,0.5972222222222222,9,1,0.4020618556701031,0.25773195876288657
"Instrumentation,",16,0.0625,0.875,0.0,0.4027777777777778,0.5972222222222222,9,1,0.4020618556701031,0.25773195876288657
servatory,9,0.0,1.0,0.0,0.875,0.125,9,1,0.0,0.6701030927835052
(MIRO),6,0.6666666666666666,0.0,0.0,0.875,0.125,9,1,0.0,0.6701030927835052
operated,8,0.0,1.0,0.0,0.875,0.125,9,1,0.0,0.6701030927835052
by,2,0.0,1.0,0.0,0.875,0.125,9,1,0.0,0.6701030927835052
the,3,0.0,1.0,0.0,0.875,0.125,9,1,0.0,0.6701030927835052
Physical,8,0.125,0.875,0.0,0.875,0.125,9,1,0.0,0.6701030927835052
Research,8,0.125,0.875,0.0,0.875,0.125,9,1,0.0,0.6701030927835052
Laboratory,10,0.1,0.9,0.0,0.875,0.125,9,1,0.0,0.6701030927835052
at,2,0.0,1.0,0.0,0.875,0.125,9,1,0.0,0.6701030927835052
holds,5,0.0,1.0,0.0,0.3873239436619718,0.6126760563380282,10,1,0.4020618556701031,0.2680412371134021
the,3,0.0,1.0,0.0,0.3873239436619718,0.6126760563380282,10,1,0.4020618556701031,0.2680412371134021
Johnson-Cousins,15,0.13333333333333333,0.8,0.0,0.3873239436619718,0.6126760563380282,10,1,0.4020618556701031,0.2680412371134021
(U,2,0.5,0.0,0.0,0.3873239436619718,0.6126760563380282,10,1,0.4020618556701031,0.2680412371134021
"BVRI,",5,0.8,0.0,0.0,0.3873239436619718,0.6126760563380282,10,1,0.4020618556701031,0.2680412371134021
as,2,0.0,1.0,0.0,0.3873239436619718,0.6126760563380282,10,1,0.4020618556701031,0.2680412371134021
described,9,0.0,1.0,0.0,0.3873239436619718,0.6126760563380282,10,1,0.4020618556701031,0.2680412371134021
by,2,0.0,1.0,0.0,0.3873239436619718,0.6126760563380282,10,1,0.4020618556701031,0.2680412371134021
Bessell,7,0.14285714285714285,0.8571428571428571,0.0,0.3873239436619718,0.6126760563380282,10,1,0.4020618556701031,0.2680412371134021
2005),5,0.0,0.0,0.8,0.3873239436619718,0.6126760563380282,10,1,0.4020618556701031,0.2680412371134021
Mount,5,0.2,0.8,0.0,0.9047619047619048,0.09523809523809523,3,1,0.0,0.8917525773195876
"Abu,",4,0.25,0.5,0.0,0.9047619047619048,0.09523809523809523,3,1,0.0,0.8917525773195876
Rajasthan.,10,0.1,0.8,0.0,0.9047619047619048,0.09523809523809523,3,1,0.0,0.8917525773195876
broadband,9,0.0,1.0,0.0,0.3900709219858156,0.6099290780141844,9,1,0.4020618556701031,0.2731958762886598
filters.,8,0.0,0.875,0.0,0.3900709219858156,0.6099290780141844,9,1,0.4020618556701031,0.2731958762886598
Imaging,7,0.14285714285714285,0.8571428571428571,0.0,0.3900709219858156,0.6099290780141844,9,1,0.4020618556701031,0.2731958762886598
observation,11,0.0,1.0,0.0,0.3900709219858156,0.6099290780141844,9,1,0.4020618556701031,0.2731958762886598
in,2,0.0,1.0,0.0,0.3900709219858156,0.6099290780141844,9,1,0.4020618556701031,0.2731958762886598
the,3,0.0,1.0,0.0,0.3900709219858156,0.6099290780141844,9,1,0.4020618556701031,0.2731958762886598
BVRI,4,1.0,0.0,0.0,0.3900709219858156,0.6099290780141844,9,1,0.4020618556701031,0.2731958762886598
filters,7,0.0,1.0,0.0,0.3900709219858156,0.6099290780141844,9,1,0.4020618556701031,0.2731958762886598
were,4,0.0,1.0,0.0,0.3900709219858156,0.6099290780141844,9,1,0.4020618556701031,0.2731958762886598
In,2,0.5,0.5,0.0,0.8260869565217391,0.17391304347826086,10,1,0.015463917525773196,0.6443298969072164
the,3,0.0,1.0,0.0,0.8260869565217391,0.17391304347826086,10,1,0.015463917525773196,0.6443298969072164
following,9,0.0,1.0,0.0,0.8260869565217391,0.17391304347826086,10,1,0.015463917525773196,0.6443298969072164
sub-sections,12,0.0,0.9166666666666666,0.0,0.8260869565217391,0.17391304347826086,10,1,0.015463917525773196,0.6443298969072164
we,2,0.0,1.0,0.0,0.8260869565217391,0.17391304347826086,10,1,0.015463917525773196,0.6443298969072164
"describe,",9,0.0,0.8888888888888888,0.0,0.8260869565217391,0.17391304347826086,10,1,0.015463917525773196,0.6443298969072164
"briefly,",8,0.0,0.875,0.0,0.8260869565217391,0.17391304347826086,10,1,0.015463917525773196,0.6443298969072164
the,3,0.0,1.0,0.0,0.8260869565217391,0.17391304347826086,10,1,0.015463917525773196,0.6443298969072164
details,7,0.0,1.0,0.0,0.8260869565217391,0.17391304347826086,10,1,0.015463917525773196,0.6443298969072164
of,2,0.0,1.0,0.0,0.8260869565217391,0.17391304347826086,10,1,0.015463917525773196,0.6443298969072164
carried,7,0.0,1.0,0.0,0.3724137931034483,0.6275862068965516,14,1,0.4020618556701031,0.25257731958762886
out,3,0.0,1.0,0.0,0.3724137931034483,0.6275862068965516,14,1,0.4020618556701031,0.25257731958762886
on,2,0.0,1.0,0.0,0.3724137931034483,0.6275862068965516,14,1,0.4020618556701031,0.25257731958762886
24th,4,0.0,0.5,0.5,0.3724137931034483,0.6275862068965516,14,1,0.4020618556701031,0.25257731958762886
",",1,0.0,0.0,0.0,0.3724137931034483,0.6275862068965516,14,1,0.4020618556701031,0.25257731958762886
25th,4,0.0,0.5,0.5,0.3724137931034483,0.6275862068965516,14,1,0.4020618556701031,0.25257731958762886
and,3,0.0,1.0,0.0,0.3724137931034483,0.6275862068965516,14,1,0.4020618556701031,0.25257731958762886
27th,4,0.0,0.5,0.5,0.3724137931034483,0.6275862068965516,14,1,0.4020618556701031,0.25257731958762886
of,2,0.0,1.0,0.0,0.3724137931034483,0.6275862068965516,14,1,0.4020618556701031,0.25257731958762886
December,8,0.125,0.875,0.0,0.3724137931034483,0.6275862068965516,14,1,0.4020618556701031,0.25257731958762886
2019.,5,0.0,0.0,0.8,0.3724137931034483,0.6275862068965516,14,1,0.4020618556701031,0.25257731958762886
"Again,",6,0.16666666666666666,0.6666666666666666,0.0,0.3724137931034483,0.6275862068965516,14,1,0.4020618556701031,0.25257731958762886
Ru,2,0.5,0.5,0.0,0.3724137931034483,0.6275862068965516,14,1,0.4020618556701031,0.25257731958762886
149,3,0.0,0.0,1.0,0.3724137931034483,0.6275862068965516,14,1,0.4020618556701031,0.25257731958762886
the,3,0.0,1.0,0.0,0.8955223880597015,0.10447761194029848,8,1,0.0,0.654639175257732
observations.,13,0.0,0.9230769230769231,0.0,0.8955223880597015,0.10447761194029848,8,1,0.0,0.654639175257732
The,3,0.3333333333333333,0.6666666666666666,0.0,0.8955223880597015,0.10447761194029848,8,1,0.0,0.654639175257732
observational,13,0.0,1.0,0.0,0.8955223880597015,0.10447761194029848,8,1,0.0,0.654639175257732
"log,",4,0.0,0.75,0.0,0.8955223880597015,0.10447761194029848,8,1,0.0,0.654639175257732
including,9,0.0,1.0,0.0,0.8955223880597015,0.10447761194029848,8,1,0.0,0.654639175257732
the,3,0.0,1.0,0.0,0.8955223880597015,0.10447761194029848,8,1,0.0,0.654639175257732
heliocentric,12,0.0,1.0,0.0,0.8955223880597015,0.10447761194029848,8,1,0.0,0.654639175257732
field,5,0.0,1.0,0.0,0.3835616438356164,0.6164383561643836,13,1,0.4020618556701031,0.24742268041237114
was,3,0.0,1.0,0.0,0.3835616438356164,0.6164383561643836,13,1,0.4020618556701031,0.24742268041237114
chosen,6,0.0,1.0,0.0,0.3835616438356164,0.6164383561643836,13,1,0.4020618556701031,0.24742268041237114
as,2,0.0,1.0,0.0,0.3835616438356164,0.6164383561643836,13,1,0.4020618556701031,0.24742268041237114
a,1,0.0,1.0,0.0,0.3835616438356164,0.6164383561643836,13,1,0.4020618556701031,0.24742268041237114
standard,8,0.0,1.0,0.0,0.3835616438356164,0.6164383561643836,13,1,0.4020618556701031,0.24742268041237114
star,4,0.0,1.0,0.0,0.3835616438356164,0.6164383561643836,13,1,0.4020618556701031,0.24742268041237114
field,5,0.0,1.0,0.0,0.3835616438356164,0.6164383561643836,13,1,0.4020618556701031,0.24742268041237114
to,2,0.0,1.0,0.0,0.3835616438356164,0.6164383561643836,13,1,0.4020618556701031,0.24742268041237114
be,2,0.0,1.0,0.0,0.3835616438356164,0.6164383561643836,13,1,0.4020618556701031,0.24742268041237114
used,4,0.0,1.0,0.0,0.3835616438356164,0.6164383561643836,13,1,0.4020618556701031,0.24742268041237114
for,3,0.0,1.0,0.0,0.3835616438356164,0.6164383561643836,13,1,0.4020618556701031,0.24742268041237114
photometric,11,0.0,1.0,0.0,0.3835616438356164,0.6164383561643836,13,1,0.4020618556701031,0.24742268041237114
"distance,",9,0.0,0.8888888888888888,0.0,0.855072463768116,0.14492753623188404,11,1,0.0,0.6443298969072164
geocentric,10,0.0,1.0,0.0,0.855072463768116,0.14492753623188404,11,1,0.0,0.6443298969072164
"distance,",9,0.0,0.8888888888888888,0.0,0.855072463768116,0.14492753623188404,11,1,0.0,0.6443298969072164
phase,5,0.0,1.0,0.0,0.855072463768116,0.14492753623188404,11,1,0.0,0.6443298969072164
angle,5,0.0,1.0,0.0,0.855072463768116,0.14492753623188404,11,1,0.0,0.6443298969072164
and,3,0.0,1.0,0.0,0.855072463768116,0.14492753623188404,11,1,0.0,0.6443298969072164
airmass,7,0.0,1.0,0.0,0.855072463768116,0.14492753623188404,11,1,0.0,0.6443298969072164
at,2,0.0,1.0,0.0,0.855072463768116,0.14492753623188404,11,1,0.0,0.6443298969072164
the,3,0.0,1.0,0.0,0.855072463768116,0.14492753623188404,11,1,0.0,0.6443298969072164
time,4,0.0,1.0,0.0,0.855072463768116,0.14492753623188404,11,1,0.0,0.6443298969072164
of,2,0.0,1.0,0.0,0.855072463768116,0.14492753623188404,11,1,0.0,0.6443298969072164
calibration.,12,0.0,0.9166666666666666,0.0,0.40816326530612246,0.5918367346938775,10,1,0.4020618556701031,0.24226804123711343
Twilight,8,0.125,0.875,0.0,0.40816326530612246,0.5918367346938775,10,1,0.4020618556701031,0.24226804123711343
flats,5,0.0,1.0,0.0,0.40816326530612246,0.5918367346938775,10,1,0.4020618556701031,0.24226804123711343
were,4,0.0,1.0,0.0,0.40816326530612246,0.5918367346938775,10,1,0.4020618556701031,0.24226804123711343
obtained,8,0.0,1.0,0.0,0.40816326530612246,0.5918367346938775,10,1,0.4020618556701031,0.24226804123711343
in,2,0.0,1.0,0.0,0.40816326530612246,0.5918367346938775,10,1,0.4020618556701031,0.24226804123711343
all,3,0.0,1.0,0.0,0.40816326530612246,0.5918367346938775,10,1,0.4020618556701031,0.24226804123711343
filters,7,0.0,1.0,0.0,0.40816326530612246,0.5918367346938775,10,1,0.4020618556701031,0.24226804123711343
to,2,0.0,1.0,0.0,0.40816326530612246,0.5918367346938775,10,1,0.4020618556701031,0.24226804123711343
normalise,9,0.0,1.0,0.0,0.40816326530612246,0.5918367346938775,10,1,0.4020618556701031,0.24226804123711343
observations,12,0.0,1.0,0.0,0.8333333333333334,0.16666666666666663,11,1,0.0,0.6907216494845361
are,3,0.0,1.0,0.0,0.8333333333333334,0.16666666666666663,11,1,0.0,0.6907216494845361
as,2,0.0,1.0,0.0,0.8333333333333334,0.16666666666666663,11,1,0.0,0.6907216494845361
given,5,0.0,1.0,0.0,0.8333333333333334,0.16666666666666663,11,1,0.0,0.6907216494845361
in,2,0.0,1.0,0.0,0.8333333333333334,0.16666666666666663,11,1,0.0,0.6907216494845361
Table,5,0.2,0.8,0.0,0.8333333333333334,0.16666666666666663,11,1,0.0,0.6907216494845361
1.,2,0.0,0.0,0.5,0.8333333333333334,0.16666666666666663,11,1,0.0,0.6907216494845361
The,3,0.3333333333333333,0.6666666666666666,0.0,0.8333333333333334,0.16666666666666663,11,1,0.0,0.6907216494845361
NASA,4,1.0,0.0,0.0,0.8333333333333334,0.16666666666666663,11,1,0.0,0.6907216494845361
JPL,3,1.0,0.0,0.0,0.8333333333333334,0.16666666666666663,11,1,0.0,0.6907216494845361
HORIZONS2,9,0.8888888888888888,0.0,0.1111111111111111,0.8333333333333334,0.16666666666666663,11,1,0.0,0.6907216494845361
the,3,0.0,1.0,0.0,0.38620689655172413,0.6137931034482759,12,1,0.4020618556701031,0.25257731958762886
pixel,5,0.0,1.0,0.0,0.38620689655172413,0.6137931034482759,12,1,0.4020618556701031,0.25257731958762886
to,2,0.0,1.0,0.0,0.38620689655172413,0.6137931034482759,12,1,0.4020618556701031,0.25257731958762886
pixel,5,0.0,1.0,0.0,0.38620689655172413,0.6137931034482759,12,1,0.4020618556701031,0.25257731958762886
response,8,0.0,1.0,0.0,0.38620689655172413,0.6137931034482759,12,1,0.4020618556701031,0.25257731958762886
of,2,0.0,1.0,0.0,0.38620689655172413,0.6137931034482759,12,1,0.4020618556701031,0.25257731958762886
the,3,0.0,1.0,0.0,0.38620689655172413,0.6137931034482759,12,1,0.4020618556701031,0.25257731958762886
CCD.,4,0.75,0.0,0.0,0.38620689655172413,0.6137931034482759,12,1,0.4020618556701031,0.25257731958762886
The,3,0.3333333333333333,0.6666666666666666,0.0,0.38620689655172413,0.6137931034482759,12,1,0.4020618556701031,0.25257731958762886
non-sidereal,12,0.0,0.9166666666666666,0.0,0.38620689655172413,0.6137931034482759,12,1,0.4020618556701031,0.25257731958762886
track,5,0.0,1.0,0.0,0.38620689655172413,0.6137931034482759,12,1,0.4020618556701031,0.25257731958762886
mode,4,0.0,1.0,0.0,0.38620689655172413,0.6137931034482759,12,1,0.4020618556701031,0.25257731958762886
service,7,0.0,1.0,0.0,0.835820895522388,0.16417910447761197,12,1,0.0,0.654639175257732
was,3,0.0,1.0,0.0,0.835820895522388,0.16417910447761197,12,1,0.0,0.654639175257732
used,4,0.0,1.0,0.0,0.835820895522388,0.16417910447761197,12,1,0.0,0.654639175257732
to,2,0.0,1.0,0.0,0.835820895522388,0.16417910447761197,12,1,0.0,0.654639175257732
generate,8,0.0,1.0,0.0,0.835820895522388,0.16417910447761197,12,1,0.0,0.654639175257732
the,3,0.0,1.0,0.0,0.835820895522388,0.16417910447761197,12,1,0.0,0.654639175257732
ephemerides,11,0.0,1.0,0.0,0.835820895522388,0.16417910447761197,12,1,0.0,0.654639175257732
for,3,0.0,1.0,0.0,0.835820895522388,0.16417910447761197,12,1,0.0,0.654639175257732
the,3,0.0,1.0,0.0,0.835820895522388,0.16417910447761197,12,1,0.0,0.654639175257732
comet,5,0.0,1.0,0.0,0.835820895522388,0.16417910447761197,12,1,0.0,0.654639175257732
for,3,0.0,1.0,0.0,0.835820895522388,0.16417910447761197,12,1,0.0,0.654639175257732
both,4,0.0,1.0,0.0,0.835820895522388,0.16417910447761197,12,1,0.0,0.654639175257732
built,5,0.0,1.0,0.0,0.39436619718309857,0.6056338028169015,9,1,0.4020618556701031,0.2680412371134021
into,4,0.0,1.0,0.0,0.39436619718309857,0.6056338028169015,9,1,0.4020618556701031,0.2680412371134021
the,3,0.0,1.0,0.0,0.39436619718309857,0.6056338028169015,9,1,0.4020618556701031,0.2680412371134021
in-house,8,0.0,0.875,0.0,0.39436619718309857,0.6056338028169015,9,1,0.4020618556701031,0.2680412371134021
developed,9,0.0,1.0,0.0,0.39436619718309857,0.6056338028169015,9,1,0.4020618556701031,0.2680412371134021
telescope,9,0.0,1.0,0.0,0.39436619718309857,0.6056338028169015,9,1,0.4020618556701031,0.2680412371134021
control,7,0.0,1.0,0.0,0.39436619718309857,0.6056338028169015,9,1,0.4020618556701031,0.2680412371134021
software,8,0.0,1.0,0.0,0.39436619718309857,0.6056338028169015,9,1,0.4020618556701031,0.2680412371134021
was,3,0.0,1.0,0.0,0.39436619718309857,0.6056338028169015,9,1,0.4020618556701031,0.2680412371134021
the,3,0.0,1.0,0.0,0.9166666666666666,0.08333333333333337,3,1,0.0,0.8762886597938144
observing,9,0.0,1.0,0.0,0.9166666666666666,0.08333333333333337,3,1,0.0,0.8762886597938144
locations.,10,0.0,0.9,0.0,0.9166666666666666,0.08333333333333337,3,1,0.0,0.8762886597938144
used,4,0.0,1.0,0.0,0.2358490566037736,0.7641509433962264,4,1,0.4020618556701031,0.45360824742268047
for,3,0.0,1.0,0.0,0.2358490566037736,0.7641509433962264,4,1,0.4020618556701031,0.45360824742268047
comet,5,0.0,1.0,0.0,0.2358490566037736,0.7641509433962264,4,1,0.4020618556701031,0.45360824742268047
observations.,13,0.0,0.9230769230769231,0.0,0.2358490566037736,0.7641509433962264,4,1,0.4020618556701031,0.45360824742268047
2.1,3,0.0,0.0,0.6666666666666666,0.8918918918918919,0.10810810810810811,5,1,0.0,0.8092783505154639
Himalayan,9,0.1111111111111111,0.8888888888888888,0.0,0.8918918918918919,0.10810810810810811,5,1,0.0,0.8092783505154639
Chandra,7,0.14285714285714285,0.8571428571428571,0.0,0.8918918918918919,0.10810810810810811,5,1,0.0,0.8092783505154639
Telescope,9,0.1111111111111111,0.8888888888888888,0.0,0.8918918918918919,0.10810810810810811,5,1,0.0,0.8092783505154639
(HCT),5,0.6,0.0,0.0,0.8918918918918919,0.10810810810810811,5,1,0.0,0.8092783505154639
The,3,0.3333333333333333,0.6666666666666666,0.0,0.7383177570093458,0.26168224299065423,18,7,0.0,0.44845360824742264
2,1,0.0,0.0,1.0,0.7383177570093458,0.26168224299065423,18,7,0.0,0.44845360824742264
m,1,0.0,1.0,0.0,0.7383177570093458,0.26168224299065423,18,7,0.0,0.44845360824742264
HCT,3,1.0,0.0,0.0,0.7383177570093458,0.26168224299065423,18,7,0.0,0.44845360824742264
is,2,0.0,1.0,0.0,0.7383177570093458,0.26168224299065423,18,7,0.0,0.44845360824742264
located,7,0.0,1.0,0.0,0.7383177570093458,0.26168224299065423,18,7,0.0,0.44845360824742264
at,2,0.0,1.0,0.0,0.7383177570093458,0.26168224299065423,18,7,0.0,0.44845360824742264
"Hanle,",6,0.16666666666666666,0.6666666666666666,0.0,0.7383177570093458,0.26168224299065423,18,7,0.0,0.44845360824742264
Ladakh,6,0.16666666666666666,0.8333333333333334,0.0,0.7383177570093458,0.26168224299065423,18,7,0.0,0.44845360824742264
(Longitude:,11,0.09090909090909091,0.7272727272727273,0.0,0.7383177570093458,0.26168224299065423,18,7,0.0,0.44845360824742264
78◦,3,0.0,0.0,0.6666666666666666,0.7383177570093458,0.26168224299065423,18,7,0.0,0.44845360824742264
570,3,0.0,0.0,1.0,0.7383177570093458,0.26168224299065423,18,7,0.0,0.44845360824742264
49.800,6,0.0,0.0,0.8333333333333334,0.7383177570093458,0.26168224299065423,18,7,0.0,0.44845360824742264
3,1,0.0,0.0,1.0,0.7383177570093458,0.26168224299065423,18,7,0.0,0.44845360824742264
DATA,4,1.0,0.0,0.0,0.7383177570093458,0.26168224299065423,18,7,0.0,0.44845360824742264
REDUCTION,9,1.0,0.0,0.0,0.7383177570093458,0.26168224299065423,18,7,0.0,0.44845360824742264
AND,3,1.0,0.0,0.0,0.7383177570093458,0.26168224299065423,18,7,0.0,0.44845360824742264
ANALYSIS,8,1.0,0.0,0.0,0.7383177570093458,0.26168224299065423,18,7,0.0,0.44845360824742264
East;,5,0.2,0.6,0.0,0.7586206896551724,0.24137931034482762,22,8,0.0,0.25257731958762886
Latitude,8,0.125,0.875,0.0,0.7586206896551724,0.24137931034482762,22,8,0.0,0.25257731958762886
:,1,0.0,0.0,0.0,0.7586206896551724,0.24137931034482762,22,8,0.0,0.25257731958762886
32◦,3,0.0,0.0,0.6666666666666666,0.7586206896551724,0.24137931034482762,22,8,0.0,0.25257731958762886
460,3,0.0,0.0,1.0,0.7586206896551724,0.24137931034482762,22,8,0.0,0.25257731958762886
46.300,6,0.0,0.0,0.8333333333333334,0.7586206896551724,0.24137931034482762,22,8,0.0,0.25257731958762886
Altitude,8,0.125,0.875,0.0,0.7586206896551724,0.24137931034482762,22,8,0.0,0.25257731958762886
:,1,0.0,0.0,0.0,0.7586206896551724,0.24137931034482762,22,8,0.0,0.25257731958762886
4475,4,0.0,0.0,1.0,0.7586206896551724,0.24137931034482762,22,8,0.0,0.25257731958762886
m).,3,0.0,0.3333333333333333,0.0,0.7586206896551724,0.24137931034482762,22,8,0.0,0.25257731958762886
We,2,0.5,0.5,0.0,0.7586206896551724,0.24137931034482762,22,8,0.0,0.25257731958762886
used,4,0.0,1.0,0.0,0.7586206896551724,0.24137931034482762,22,8,0.0,0.25257731958762886
the,3,0.0,1.0,0.0,0.7586206896551724,0.24137931034482762,22,8,0.0,0.25257731958762886
Careful,7,0.14285714285714285,0.8571428571428571,0.0,0.7586206896551724,0.24137931034482762,22,8,0.0,0.25257731958762886
reduction,9,0.0,1.0,0.0,0.7586206896551724,0.24137931034482762,22,8,0.0,0.25257731958762886
techniques,10,0.0,1.0,0.0,0.7586206896551724,0.24137931034482762,22,8,0.0,0.25257731958762886
are,3,0.0,1.0,0.0,0.7586206896551724,0.24137931034482762,22,8,0.0,0.25257731958762886
necessary,9,0.0,1.0,0.0,0.7586206896551724,0.24137931034482762,22,8,0.0,0.25257731958762886
to,2,0.0,1.0,0.0,0.7586206896551724,0.24137931034482762,22,8,0.0,0.25257731958762886
"reduce,",7,0.0,0.8571428571428571,0.0,0.7586206896551724,0.24137931034482762,22,8,0.0,0.25257731958762886
calibrate,9,0.0,1.0,0.0,0.7586206896551724,0.24137931034482762,22,8,0.0,0.25257731958762886
and,3,0.0,1.0,0.0,0.7586206896551724,0.24137931034482762,22,8,0.0,0.25257731958762886
Himalaya,8,0.125,0.875,0.0,0.7622377622377622,0.23776223776223782,18,10,0.0,0.2628865979381443
Faint,5,0.2,0.8,0.0,0.7622377622377622,0.23776223776223782,18,10,0.0,0.2628865979381443
Object,6,0.16666666666666666,0.8333333333333334,0.0,0.7622377622377622,0.23776223776223782,18,10,0.0,0.2628865979381443
Spectrograph,12,0.08333333333333333,0.9166666666666666,0.0,0.7622377622377622,0.23776223776223782,18,10,0.0,0.2628865979381443
and,3,0.0,1.0,0.0,0.7622377622377622,0.23776223776223782,18,10,0.0,0.2628865979381443
Camera,6,0.16666666666666666,0.8333333333333334,0.0,0.7622377622377622,0.23776223776223782,18,10,0.0,0.2628865979381443
(HFOSC),7,0.7142857142857143,0.0,0.0,0.7622377622377622,0.23776223776223782,18,10,0.0,0.2628865979381443
on,2,0.0,1.0,0.0,0.7622377622377622,0.23776223776223782,18,10,0.0,0.2628865979381443
the,3,0.0,1.0,0.0,0.7622377622377622,0.23776223776223782,18,10,0.0,0.2628865979381443
extract,7,0.0,1.0,0.0,0.7622377622377622,0.23776223776223782,18,10,0.0,0.2628865979381443
information,11,0.0,1.0,0.0,0.7622377622377622,0.23776223776223782,18,10,0.0,0.2628865979381443
from,4,0.0,1.0,0.0,0.7622377622377622,0.23776223776223782,18,10,0.0,0.2628865979381443
the,3,0.0,1.0,0.0,0.7622377622377622,0.23776223776223782,18,10,0.0,0.2628865979381443
raw,3,0.0,1.0,0.0,0.7622377622377622,0.23776223776223782,18,10,0.0,0.2628865979381443
data.,5,0.0,0.8,0.0,0.7622377622377622,0.23776223776223782,18,10,0.0,0.2628865979381443
The,3,0.3333333333333333,0.6666666666666666,0.0,0.7622377622377622,0.23776223776223782,18,10,0.0,0.2628865979381443
following,9,0.0,1.0,0.0,0.7622377622377622,0.23776223776223782,18,10,0.0,0.2628865979381443
sub-sections,12,0.0,0.9166666666666666,0.0,0.7622377622377622,0.23776223776223782,18,10,0.0,0.2628865979381443
HCT,3,1.0,0.0,0.0,0.7278911564625851,0.27210884353741494,25,9,0.0,0.24226804123711343
to,2,0.0,1.0,0.0,0.7278911564625851,0.27210884353741494,25,9,0.0,0.24226804123711343
observe,7,0.0,1.0,0.0,0.7278911564625851,0.27210884353741494,25,9,0.0,0.24226804123711343
the,3,0.0,1.0,0.0,0.7278911564625851,0.27210884353741494,25,9,0.0,0.24226804123711343
comet,5,0.0,1.0,0.0,0.7278911564625851,0.27210884353741494,25,9,0.0,0.24226804123711343
2I/Borisov.,11,0.18181818181818182,0.5454545454545454,0.09090909090909091,0.7278911564625851,0.27210884353741494,25,9,0.0,0.24226804123711343
HFOSC,5,1.0,0.0,0.0,0.7278911564625851,0.27210884353741494,25,9,0.0,0.24226804123711343
uses,4,0.0,1.0,0.0,0.7278911564625851,0.27210884353741494,25,9,0.0,0.24226804123711343
a,1,0.0,1.0,0.0,0.7278911564625851,0.27210884353741494,25,9,0.0,0.24226804123711343
2K,2,0.5,0.0,0.5,0.7278911564625851,0.27210884353741494,25,9,0.0,0.24226804123711343
×,1,0.0,0.0,0.0,0.7278911564625851,0.27210884353741494,25,9,0.0,0.24226804123711343
4K,2,0.5,0.0,0.5,0.7278911564625851,0.27210884353741494,25,9,0.0,0.24226804123711343
CCD,3,1.0,0.0,0.0,0.7278911564625851,0.27210884353741494,25,9,0.0,0.24226804123711343
"discuss,",8,0.0,0.875,0.0,0.7278911564625851,0.27210884353741494,25,9,0.0,0.24226804123711343
in,2,0.0,1.0,0.0,0.7278911564625851,0.27210884353741494,25,9,0.0,0.24226804123711343
"brief,",6,0.0,0.8333333333333334,0.0,0.7278911564625851,0.27210884353741494,25,9,0.0,0.24226804123711343
the,3,0.0,1.0,0.0,0.7278911564625851,0.27210884353741494,25,9,0.0,0.24226804123711343
various,7,0.0,1.0,0.0,0.7278911564625851,0.27210884353741494,25,9,0.0,0.24226804123711343
steps,5,0.0,1.0,0.0,0.7278911564625851,0.27210884353741494,25,9,0.0,0.24226804123711343
used,4,0.0,1.0,0.0,0.7278911564625851,0.27210884353741494,25,9,0.0,0.24226804123711343
in,2,0.0,1.0,0.0,0.7278911564625851,0.27210884353741494,25,9,0.0,0.24226804123711343
the,3,0.0,1.0,0.0,0.7278911564625851,0.27210884353741494,25,9,0.0,0.24226804123711343
process,7,0.0,1.0,0.0,0.7278911564625851,0.27210884353741494,25,9,0.0,0.24226804123711343
of,2,0.0,1.0,0.0,0.7278911564625851,0.27210884353741494,25,9,0.0,0.24226804123711343
analysing,9,0.0,1.0,0.0,0.7278911564625851,0.27210884353741494,25,9,0.0,0.24226804123711343
having,6,0.0,1.0,0.0,0.7301587301587301,0.2698412698412699,22,8,0.0,0.35051546391752575
a,1,0.0,1.0,0.0,0.7301587301587301,0.2698412698412699,22,8,0.0,0.35051546391752575
pixel,5,0.0,1.0,0.0,0.7301587301587301,0.2698412698412699,22,8,0.0,0.35051546391752575
size,4,0.0,1.0,0.0,0.7301587301587301,0.2698412698412699,22,8,0.0,0.35051546391752575
of,2,0.0,1.0,0.0,0.7301587301587301,0.2698412698412699,22,8,0.0,0.35051546391752575
15,2,0.0,0.0,1.0,0.7301587301587301,0.2698412698412699,22,8,0.0,0.35051546391752575
×,1,0.0,0.0,0.0,0.7301587301587301,0.2698412698412699,22,8,0.0,0.35051546391752575
15,2,0.0,0.0,1.0,0.7301587301587301,0.2698412698412699,22,8,0.0,0.35051546391752575
microns,7,0.0,1.0,0.0,0.7301587301587301,0.2698412698412699,22,8,0.0,0.35051546391752575
with,4,0.0,1.0,0.0,0.7301587301587301,0.2698412698412699,22,8,0.0,0.35051546391752575
a,1,0.0,1.0,0.0,0.7301587301587301,0.2698412698412699,22,8,0.0,0.35051546391752575
CCD,3,1.0,0.0,0.0,0.7301587301587301,0.2698412698412699,22,8,0.0,0.35051546391752575
pixel,5,0.0,1.0,0.0,0.7301587301587301,0.2698412698412699,22,8,0.0,0.35051546391752575
scale,5,0.0,1.0,0.0,0.7301587301587301,0.2698412698412699,22,8,0.0,0.35051546391752575
of,2,0.0,1.0,0.0,0.7301587301587301,0.2698412698412699,22,8,0.0,0.35051546391752575
the,3,0.0,1.0,0.0,0.7301587301587301,0.2698412698412699,22,8,0.0,0.35051546391752575
data,4,0.0,1.0,0.0,0.7301587301587301,0.2698412698412699,22,8,0.0,0.35051546391752575
obtained,8,0.0,1.0,0.0,0.7301587301587301,0.2698412698412699,22,8,0.0,0.35051546391752575
from,4,0.0,1.0,0.0,0.7301587301587301,0.2698412698412699,22,8,0.0,0.35051546391752575
spectroscopy,12,0.0,1.0,0.0,0.7301587301587301,0.2698412698412699,22,8,0.0,0.35051546391752575
and,3,0.0,1.0,0.0,0.7301587301587301,0.2698412698412699,22,8,0.0,0.35051546391752575
imaging.,8,0.0,0.875,0.0,0.7301587301587301,0.2698412698412699,22,8,0.0,0.35051546391752575
0.29600,7,0.0,0.0,0.8571428571428571,0.803030303030303,0.19696969696969702,14,1,0.0,0.6597938144329897
per,3,0.0,1.0,0.0,0.803030303030303,0.19696969696969702,14,1,0.0,0.6597938144329897
pixel.,6,0.0,0.8333333333333334,0.0,0.803030303030303,0.19696969696969702,14,1,0.0,0.6597938144329897
2K,2,0.5,0.0,0.5,0.803030303030303,0.19696969696969702,14,1,0.0,0.6597938144329897
×,1,0.0,0.0,0.0,0.803030303030303,0.19696969696969702,14,1,0.0,0.6597938144329897
2K,2,0.5,0.0,0.5,0.803030303030303,0.19696969696969702,14,1,0.0,0.6597938144329897
portion,7,0.0,1.0,0.0,0.803030303030303,0.19696969696969702,14,1,0.0,0.6597938144329897
of,2,0.0,1.0,0.0,0.803030303030303,0.19696969696969702,14,1,0.0,0.6597938144329897
the,3,0.0,1.0,0.0,0.803030303030303,0.19696969696969702,14,1,0.0,0.6597938144329897
CCD,3,1.0,0.0,0.0,0.803030303030303,0.19696969696969702,14,1,0.0,0.6597938144329897
is,2,0.0,1.0,0.0,0.803030303030303,0.19696969696969702,14,1,0.0,0.6597938144329897
used,4,0.0,1.0,0.0,0.803030303030303,0.19696969696969702,14,1,0.0,0.6597938144329897
during,6,0.0,1.0,0.0,0.803030303030303,0.19696969696969702,14,1,0.0,0.6597938144329897
imag-,5,0.0,0.8,0.0,0.803030303030303,0.19696969696969702,14,1,0.0,0.6597938144329897
ing,3,0.0,1.0,0.0,0.8088235294117647,0.19117647058823528,14,1,0.0,0.6494845360824743
and,3,0.0,1.0,0.0,0.8088235294117647,0.19117647058823528,14,1,0.0,0.6494845360824743
1.5K,4,0.25,0.0,0.5,0.8088235294117647,0.19117647058823528,14,1,0.0,0.6494845360824743
×,1,0.0,0.0,0.0,0.8088235294117647,0.19117647058823528,14,1,0.0,0.6494845360824743
4K,2,0.5,0.0,0.5,0.8088235294117647,0.19117647058823528,14,1,0.0,0.6494845360824743
during,6,0.0,1.0,0.0,0.8088235294117647,0.19117647058823528,14,1,0.0,0.6494845360824743
spectroscopy,12,0.0,1.0,0.0,0.8088235294117647,0.19117647058823528,14,1,0.0,0.6494845360824743
in,2,0.0,1.0,0.0,0.8088235294117647,0.19117647058823528,14,1,0.0,0.6494845360824743
order,5,0.0,1.0,0.0,0.8088235294117647,0.19117647058823528,14,1,0.0,0.6494845360824743
to,2,0.0,1.0,0.0,0.8088235294117647,0.19117647058823528,14,1,0.0,0.6494845360824743
get,3,0.0,1.0,0.0,0.8088235294117647,0.19117647058823528,14,1,0.0,0.6494845360824743
a,1,0.0,1.0,0.0,0.8088235294117647,0.19117647058823528,14,1,0.0,0.6494845360824743
good,4,0.0,1.0,0.0,0.8088235294117647,0.19117647058823528,14,1,0.0,0.6494845360824743
spatial,7,0.0,1.0,0.0,0.8088235294117647,0.19117647058823528,14,1,0.0,0.6494845360824743
coverage,8,0.0,1.0,0.0,0.3723404255319149,0.6276595744680851,6,28,0.0,0.5154639175257731
for,3,0.0,1.0,0.0,0.3723404255319149,0.6276595744680851,6,28,0.0,0.5154639175257731
the,3,0.0,1.0,0.0,0.3723404255319149,0.6276595744680851,6,28,0.0,0.5154639175257731
comet.,6,0.0,0.8333333333333334,0.0,0.3723404255319149,0.6276595744680851,6,28,0.0,0.5154639175257731
3.1,3,0.0,0.0,0.6666666666666666,0.3723404255319149,0.6276595744680851,6,28,0.0,0.5154639175257731
Spectroscopy,12,0.08333333333333333,0.9166666666666666,0.0,0.3723404255319149,0.6276595744680851,6,28,0.0,0.5154639175257731
Spectroscopic,13,0.07692307692307693,0.9230769230769231,0.0,0.875,0.125,9,1,0.0,0.6701030927835052
observations,12,0.0,1.0,0.0,0.875,0.125,9,1,0.0,0.6701030927835052
were,4,0.0,1.0,0.0,0.875,0.125,9,1,0.0,0.6701030927835052
carried,7,0.0,1.0,0.0,0.875,0.125,9,1,0.0,0.6701030927835052
out,3,0.0,1.0,0.0,0.875,0.125,9,1,0.0,0.6701030927835052
on,2,0.0,1.0,0.0,0.875,0.125,9,1,0.0,0.6701030927835052
30th,4,0.0,0.5,0.5,0.875,0.125,9,1,0.0,0.6701030927835052
November,8,0.125,0.875,0.0,0.875,0.125,9,1,0.0,0.6701030927835052
and,3,0.0,1.0,0.0,0.875,0.125,9,1,0.0,0.6701030927835052
22nd,4,0.0,0.5,0.5,0.7605633802816901,0.23943661971830987,20,9,0.0,0.2680412371134021
"December,",9,0.1111111111111111,0.7777777777777778,0.0,0.7605633802816901,0.23943661971830987,20,9,0.0,0.2680412371134021
using,5,0.0,1.0,0.0,0.7605633802816901,0.23943661971830987,20,9,0.0,0.2680412371134021
HFOSC,5,1.0,0.0,0.0,0.7605633802816901,0.23943661971830987,20,9,0.0,0.2680412371134021
with,4,0.0,1.0,0.0,0.7605633802816901,0.23943661971830987,20,9,0.0,0.2680412371134021
grism,5,0.0,1.0,0.0,0.7605633802816901,0.23943661971830987,20,9,0.0,0.2680412371134021
7,1,0.0,0.0,1.0,0.7605633802816901,0.23943661971830987,20,9,0.0,0.2680412371134021
providing,9,0.0,1.0,0.0,0.7605633802816901,0.23943661971830987,20,9,0.0,0.2680412371134021
a,1,0.0,1.0,0.0,0.7605633802816901,0.23943661971830987,20,9,0.0,0.2680412371134021
wavelength,10,0.0,1.0,0.0,0.7605633802816901,0.23943661971830987,20,9,0.0,0.2680412371134021
Standard,8,0.125,0.875,0.0,0.7605633802816901,0.23943661971830987,20,9,0.0,0.2680412371134021
IRAF,4,1.0,0.0,0.0,0.7605633802816901,0.23943661971830987,20,9,0.0,0.2680412371134021
routines,8,0.0,1.0,0.0,0.7605633802816901,0.23943661971830987,20,9,0.0,0.2680412371134021
were,4,0.0,1.0,0.0,0.7605633802816901,0.23943661971830987,20,9,0.0,0.2680412371134021
used,4,0.0,1.0,0.0,0.7605633802816901,0.23943661971830987,20,9,0.0,0.2680412371134021
to,2,0.0,1.0,0.0,0.7605633802816901,0.23943661971830987,20,9,0.0,0.2680412371134021
reduce,6,0.0,1.0,0.0,0.7605633802816901,0.23943661971830987,20,9,0.0,0.2680412371134021
the,3,0.0,1.0,0.0,0.7605633802816901,0.23943661971830987,20,9,0.0,0.2680412371134021
spectroscopic,13,0.0,1.0,0.0,0.7605633802816901,0.23943661971830987,20,9,0.0,0.2680412371134021
ob-,3,0.0,0.6666666666666666,0.0,0.7605633802816901,0.23943661971830987,20,9,0.0,0.2680412371134021
range,5,0.0,1.0,0.0,0.7397260273972602,0.26027397260273977,26,8,0.0,0.24742268041237114
of,2,0.0,1.0,0.0,0.7397260273972602,0.26027397260273977,26,8,0.0,0.24742268041237114
3700,4,0.0,0.0,1.0,0.7397260273972602,0.26027397260273977,26,8,0.0,0.24742268041237114
-,1,0.0,0.0,0.0,0.7397260273972602,0.26027397260273977,26,8,0.0,0.24742268041237114
7200,4,0.0,0.0,1.0,0.7397260273972602,0.26027397260273977,26,8,0.0,0.24742268041237114
Å.,2,0.5,0.0,0.0,0.7397260273972602,0.26027397260273977,26,8,0.0,0.24742268041237114
A,1,1.0,0.0,0.0,0.7397260273972602,0.26027397260273977,26,8,0.0,0.24742268041237114
long,4,0.0,1.0,0.0,0.7397260273972602,0.26027397260273977,26,8,0.0,0.24742268041237114
"slit,",5,0.0,0.8,0.0,0.7397260273972602,0.26027397260273977,26,8,0.0,0.24742268041237114
110,3,0.0,0.0,1.0,0.7397260273972602,0.26027397260273977,26,8,0.0,0.24742268041237114
in,2,0.0,1.0,0.0,0.7397260273972602,0.26027397260273977,26,8,0.0,0.24742268041237114
length,6,0.0,1.0,0.0,0.7397260273972602,0.26027397260273977,26,8,0.0,0.24742268041237114
and,3,0.0,1.0,0.0,0.7397260273972602,0.26027397260273977,26,8,0.0,0.24742268041237114
1.9200,6,0.0,0.0,0.8333333333333334,0.7397260273972602,0.26027397260273977,26,8,0.0,0.24742268041237114
in,2,0.0,1.0,0.0,0.7397260273972602,0.26027397260273977,26,8,0.0,0.24742268041237114
servational,11,0.0,1.0,0.0,0.7397260273972602,0.26027397260273977,26,8,0.0,0.24742268041237114
data.,5,0.0,0.8,0.0,0.7397260273972602,0.26027397260273977,26,8,0.0,0.24742268041237114
The,3,0.3333333333333333,0.6666666666666666,0.0,0.7397260273972602,0.26027397260273977,26,8,0.0,0.24742268041237114
bias,4,0.0,1.0,0.0,0.7397260273972602,0.26027397260273977,26,8,0.0,0.24742268041237114
files,5,0.0,1.0,0.0,0.7397260273972602,0.26027397260273977,26,8,0.0,0.24742268041237114
taken,5,0.0,1.0,0.0,0.7397260273972602,0.26027397260273977,26,8,0.0,0.24742268041237114
throughout,10,0.0,1.0,0.0,0.7397260273972602,0.26027397260273977,26,8,0.0,0.24742268041237114
the,3,0.0,1.0,0.0,0.7397260273972602,0.26027397260273977,26,8,0.0,0.24742268041237114
night,5,0.0,1.0,0.0,0.7397260273972602,0.26027397260273977,26,8,0.0,0.24742268041237114
were,4,0.0,1.0,0.0,0.7397260273972602,0.26027397260273977,26,8,0.0,0.24742268041237114
me-,3,0.0,0.6666666666666666,0.0,0.7397260273972602,0.26027397260273977,26,8,0.0,0.24742268041237114
"width,",6,0.0,0.8333333333333334,0.0,0.7730496453900709,0.22695035460992907,21,7,0.0,0.2731958762886598
was,3,0.0,1.0,0.0,0.7730496453900709,0.22695035460992907,21,7,0.0,0.2731958762886598
used,4,0.0,1.0,0.0,0.7730496453900709,0.22695035460992907,21,7,0.0,0.2731958762886598
for,3,0.0,1.0,0.0,0.7730496453900709,0.22695035460992907,21,7,0.0,0.2731958762886598
the,3,0.0,1.0,0.0,0.7730496453900709,0.22695035460992907,21,7,0.0,0.2731958762886598
observation,11,0.0,1.0,0.0,0.7730496453900709,0.22695035460992907,21,7,0.0,0.2731958762886598
of,2,0.0,1.0,0.0,0.7730496453900709,0.22695035460992907,21,7,0.0,0.2731958762886598
the,3,0.0,1.0,0.0,0.7730496453900709,0.22695035460992907,21,7,0.0,0.2731958762886598
comet,5,0.0,1.0,0.0,0.7730496453900709,0.22695035460992907,21,7,0.0,0.2731958762886598
and,3,0.0,1.0,0.0,0.7730496453900709,0.22695035460992907,21,7,0.0,0.2731958762886598
another,7,0.0,1.0,0.0,0.7730496453900709,0.22695035460992907,21,7,0.0,0.2731958762886598
long,4,0.0,1.0,0.0,0.7730496453900709,0.22695035460992907,21,7,0.0,0.2731958762886598
dian,4,0.0,1.0,0.0,0.7730496453900709,0.22695035460992907,21,7,0.0,0.2731958762886598
"combined,",9,0.0,0.8888888888888888,0.0,0.7730496453900709,0.22695035460992907,21,7,0.0,0.2731958762886598
flat-field,10,0.0,0.9,0.0,0.7730496453900709,0.22695035460992907,21,7,0.0,0.2731958762886598
images,6,0.0,1.0,0.0,0.7730496453900709,0.22695035460992907,21,7,0.0,0.2731958762886598
were,4,0.0,1.0,0.0,0.7730496453900709,0.22695035460992907,21,7,0.0,0.2731958762886598
average,7,0.0,1.0,0.0,0.7730496453900709,0.22695035460992907,21,7,0.0,0.2731958762886598
combined,8,0.0,1.0,0.0,0.7730496453900709,0.22695035460992907,21,7,0.0,0.2731958762886598
and,3,0.0,1.0,0.0,0.7730496453900709,0.22695035460992907,21,7,0.0,0.2731958762886598
nor-,4,0.0,0.75,0.0,0.7730496453900709,0.22695035460992907,21,7,0.0,0.2731958762886598
slit,4,0.0,1.0,0.0,0.7862068965517242,0.21379310344827585,23,6,0.0,0.25257731958762886
15.4100,7,0.0,0.0,0.8571428571428571,0.7862068965517242,0.21379310344827585,23,6,0.0,0.25257731958762886
in,2,0.0,1.0,0.0,0.7862068965517242,0.21379310344827585,23,6,0.0,0.25257731958762886
"width,",6,0.0,0.8333333333333334,0.0,0.7862068965517242,0.21379310344827585,23,6,0.0,0.25257731958762886
was,3,0.0,1.0,0.0,0.7862068965517242,0.21379310344827585,23,6,0.0,0.25257731958762886
used,4,0.0,1.0,0.0,0.7862068965517242,0.21379310344827585,23,6,0.0,0.25257731958762886
for,3,0.0,1.0,0.0,0.7862068965517242,0.21379310344827585,23,6,0.0,0.25257731958762886
the,3,0.0,1.0,0.0,0.7862068965517242,0.21379310344827585,23,6,0.0,0.25257731958762886
observation,11,0.0,1.0,0.0,0.7862068965517242,0.21379310344827585,23,6,0.0,0.25257731958762886
of,2,0.0,1.0,0.0,0.7862068965517242,0.21379310344827585,23,6,0.0,0.25257731958762886
spectroscopic,13,0.0,1.0,0.0,0.7862068965517242,0.21379310344827585,23,6,0.0,0.25257731958762886
malised,7,0.0,1.0,0.0,0.7862068965517242,0.21379310344827585,23,6,0.0,0.25257731958762886
in,2,0.0,1.0,0.0,0.7862068965517242,0.21379310344827585,23,6,0.0,0.25257731958762886
order,5,0.0,1.0,0.0,0.7862068965517242,0.21379310344827585,23,6,0.0,0.25257731958762886
to,2,0.0,1.0,0.0,0.7862068965517242,0.21379310344827585,23,6,0.0,0.25257731958762886
perform,7,0.0,1.0,0.0,0.7862068965517242,0.21379310344827585,23,6,0.0,0.25257731958762886
the,3,0.0,1.0,0.0,0.7862068965517242,0.21379310344827585,23,6,0.0,0.25257731958762886
basic,5,0.0,1.0,0.0,0.7862068965517242,0.21379310344827585,23,6,0.0,0.25257731958762886
reductions,10,0.0,1.0,0.0,0.7862068965517242,0.21379310344827585,23,6,0.0,0.25257731958762886
of,2,0.0,1.0,0.0,0.7862068965517242,0.21379310344827585,23,6,0.0,0.25257731958762886
comet,5,0.0,1.0,0.0,0.7862068965517242,0.21379310344827585,23,6,0.0,0.25257731958762886
and,3,0.0,1.0,0.0,0.7862068965517242,0.21379310344827585,23,6,0.0,0.25257731958762886
stan-,5,0.0,0.8,0.0,0.7862068965517242,0.21379310344827585,23,6,0.0,0.25257731958762886
standard,8,0.0,1.0,0.0,0.7891156462585034,0.2108843537414966,26,4,0.0,0.24226804123711343
star.,5,0.0,0.8,0.0,0.7891156462585034,0.2108843537414966,26,4,0.0,0.24226804123711343
Both,4,0.25,0.75,0.0,0.7891156462585034,0.2108843537414966,26,4,0.0,0.24226804123711343
the,3,0.0,1.0,0.0,0.7891156462585034,0.2108843537414966,26,4,0.0,0.24226804123711343
slits,5,0.0,1.0,0.0,0.7891156462585034,0.2108843537414966,26,4,0.0,0.24226804123711343
are,3,0.0,1.0,0.0,0.7891156462585034,0.2108843537414966,26,4,0.0,0.24226804123711343
placed,6,0.0,1.0,0.0,0.7891156462585034,0.2108843537414966,26,4,0.0,0.24226804123711343
horizontally,12,0.0,1.0,0.0,0.7891156462585034,0.2108843537414966,26,4,0.0,0.24226804123711343
in,2,0.0,1.0,0.0,0.7891156462585034,0.2108843537414966,26,4,0.0,0.24226804123711343
the,3,0.0,1.0,0.0,0.7891156462585034,0.2108843537414966,26,4,0.0,0.24226804123711343
E-W,3,0.6666666666666666,0.0,0.0,0.7891156462585034,0.2108843537414966,26,4,0.0,0.24226804123711343
direc-,6,0.0,0.8333333333333334,0.0,0.7891156462585034,0.2108843537414966,26,4,0.0,0.24226804123711343
dard,4,0.0,1.0,0.0,0.7891156462585034,0.2108843537414966,26,4,0.0,0.24226804123711343
frames.,7,0.0,0.8571428571428571,0.0,0.7891156462585034,0.2108843537414966,26,4,0.0,0.24226804123711343
Owing,5,0.2,0.8,0.0,0.7891156462585034,0.2108843537414966,26,4,0.0,0.24226804123711343
to,2,0.0,1.0,0.0,0.7891156462585034,0.2108843537414966,26,4,0.0,0.24226804123711343
the,3,0.0,1.0,0.0,0.7891156462585034,0.2108843537414966,26,4,0.0,0.24226804123711343
fact,4,0.0,1.0,0.0,0.7891156462585034,0.2108843537414966,26,4,0.0,0.24226804123711343
that,4,0.0,1.0,0.0,0.7891156462585034,0.2108843537414966,26,4,0.0,0.24226804123711343
the,3,0.0,1.0,0.0,0.7891156462585034,0.2108843537414966,26,4,0.0,0.24226804123711343
observatory,11,0.0,1.0,0.0,0.7891156462585034,0.2108843537414966,26,4,0.0,0.24226804123711343
is,2,0.0,1.0,0.0,0.7891156462585034,0.2108843537414966,26,4,0.0,0.24226804123711343
at,2,0.0,1.0,0.0,0.7891156462585034,0.2108843537414966,26,4,0.0,0.24226804123711343
a,1,0.0,1.0,0.0,0.7891156462585034,0.2108843537414966,26,4,0.0,0.24226804123711343
very,4,0.0,1.0,0.0,0.7891156462585034,0.2108843537414966,26,4,0.0,0.24226804123711343
high,4,0.0,1.0,0.0,0.7891156462585034,0.2108843537414966,26,4,0.0,0.24226804123711343
tion.,5,0.0,0.8,0.0,0.7916666666666666,0.20833333333333337,22,6,0.0,0.25773195876288657
With,4,0.25,0.75,0.0,0.7916666666666666,0.20833333333333337,22,6,0.0,0.25773195876288657
this,4,0.0,1.0,0.0,0.7916666666666666,0.20833333333333337,22,6,0.0,0.25773195876288657
"configuration,",14,0.0,0.9285714285714286,0.0,0.7916666666666666,0.20833333333333337,22,6,0.0,0.25773195876288657
we,2,0.0,1.0,0.0,0.7916666666666666,0.20833333333333337,22,6,0.0,0.25773195876288657
have,4,0.0,1.0,0.0,0.7916666666666666,0.20833333333333337,22,6,0.0,0.25773195876288657
a,1,0.0,1.0,0.0,0.7916666666666666,0.20833333333333337,22,6,0.0,0.25773195876288657
spectral,8,0.0,1.0,0.0,0.7916666666666666,0.20833333333333337,22,6,0.0,0.25773195876288657
resolving,9,0.0,1.0,0.0,0.7916666666666666,0.20833333333333337,22,6,0.0,0.25773195876288657
power,5,0.0,1.0,0.0,0.7916666666666666,0.20833333333333337,22,6,0.0,0.25773195876288657
of,2,0.0,1.0,0.0,0.7916666666666666,0.20833333333333337,22,6,0.0,0.25773195876288657
altitude,8,0.0,1.0,0.0,0.7916666666666666,0.20833333333333337,22,6,0.0,0.25773195876288657
and,3,0.0,1.0,0.0,0.7916666666666666,0.20833333333333337,22,6,0.0,0.25773195876288657
the,3,0.0,1.0,0.0,0.7916666666666666,0.20833333333333337,22,6,0.0,0.25773195876288657
comet,5,0.0,1.0,0.0,0.7916666666666666,0.20833333333333337,22,6,0.0,0.25773195876288657
was,3,0.0,1.0,0.0,0.7916666666666666,0.20833333333333337,22,6,0.0,0.25773195876288657
being,5,0.0,1.0,0.0,0.7916666666666666,0.20833333333333337,22,6,0.0,0.25773195876288657
observed,8,0.0,1.0,0.0,0.7916666666666666,0.20833333333333337,22,6,0.0,0.25773195876288657
for,3,0.0,1.0,0.0,0.7916666666666666,0.20833333333333337,22,6,0.0,0.25773195876288657
very,4,0.0,1.0,0.0,0.7916666666666666,0.20833333333333337,22,6,0.0,0.25773195876288657
long,4,0.0,1.0,0.0,0.7916666666666666,0.20833333333333337,22,6,0.0,0.25773195876288657
"exposures,",10,0.0,0.9,0.0,0.7916666666666666,0.20833333333333337,22,6,0.0,0.25773195876288657
1330,4,0.0,0.0,1.0,0.773972602739726,0.226027397260274,23,7,0.0,0.24742268041237114
for,3,0.0,1.0,0.0,0.773972602739726,0.226027397260274,23,7,0.0,0.24742268041237114
comet,5,0.0,1.0,0.0,0.773972602739726,0.226027397260274,23,7,0.0,0.24742268041237114
observations.,13,0.0,0.9230769230769231,0.0,0.773972602739726,0.226027397260274,23,7,0.0,0.24742268041237114
The,3,0.3333333333333333,0.6666666666666666,0.0,0.773972602739726,0.226027397260274,23,7,0.0,0.24742268041237114
comet,5,0.0,1.0,0.0,0.773972602739726,0.226027397260274,23,7,0.0,0.24742268041237114
was,3,0.0,1.0,0.0,0.773972602739726,0.226027397260274,23,7,0.0,0.24742268041237114
tracked,7,0.0,1.0,0.0,0.773972602739726,0.226027397260274,23,7,0.0,0.24742268041237114
at,2,0.0,1.0,0.0,0.773972602739726,0.226027397260274,23,7,0.0,0.24742268041237114
non-sidereal,12,0.0,0.9166666666666666,0.0,0.773972602739726,0.226027397260274,23,7,0.0,0.24742268041237114
the,3,0.0,1.0,0.0,0.773972602739726,0.226027397260274,23,7,0.0,0.24742268041237114
raw,3,0.0,1.0,0.0,0.773972602739726,0.226027397260274,23,7,0.0,0.24742268041237114
files,5,0.0,1.0,0.0,0.773972602739726,0.226027397260274,23,7,0.0,0.24742268041237114
are,3,0.0,1.0,0.0,0.773972602739726,0.226027397260274,23,7,0.0,0.24742268041237114
contaminated,12,0.0,1.0,0.0,0.773972602739726,0.226027397260274,23,7,0.0,0.24742268041237114
by,2,0.0,1.0,0.0,0.773972602739726,0.226027397260274,23,7,0.0,0.24742268041237114
a,1,0.0,1.0,0.0,0.773972602739726,0.226027397260274,23,7,0.0,0.24742268041237114
large,5,0.0,1.0,0.0,0.773972602739726,0.226027397260274,23,7,0.0,0.24742268041237114
number,6,0.0,1.0,0.0,0.773972602739726,0.226027397260274,23,7,0.0,0.24742268041237114
of,2,0.0,1.0,0.0,0.773972602739726,0.226027397260274,23,7,0.0,0.24742268041237114
cosmic,6,0.0,1.0,0.0,0.773972602739726,0.226027397260274,23,7,0.0,0.24742268041237114
rays.,5,0.0,0.8,0.0,0.773972602739726,0.226027397260274,23,7,0.0,0.24742268041237114
The,3,0.3333333333333333,0.6666666666666666,0.0,0.773972602739726,0.226027397260274,23,7,0.0,0.24742268041237114
rate,4,0.0,1.0,0.0,0.8142857142857143,0.18571428571428572,17,6,0.0,0.27835051546391754
during,6,0.0,1.0,0.0,0.8142857142857143,0.18571428571428572,17,6,0.0,0.27835051546391754
spectroscopic,13,0.0,1.0,0.0,0.8142857142857143,0.18571428571428572,17,6,0.0,0.27835051546391754
and,3,0.0,1.0,0.0,0.8142857142857143,0.18571428571428572,17,6,0.0,0.27835051546391754
imaging,7,0.0,1.0,0.0,0.8142857142857143,0.18571428571428572,17,6,0.0,0.27835051546391754
"exposures,",10,0.0,0.9,0.0,0.8142857142857143,0.18571428571428572,17,6,0.0,0.27835051546391754
using,5,0.0,1.0,0.0,0.8142857142857143,0.18571428571428572,17,6,0.0,0.27835051546391754
the,3,0.0,1.0,0.0,0.8142857142857143,0.18571428571428572,17,6,0.0,0.27835051546391754
keystone,8,0.0,1.0,0.0,0.8142857142857143,0.18571428571428572,17,6,0.0,0.27835051546391754
Laplacian,9,0.1111111111111111,0.8888888888888888,0.0,0.8142857142857143,0.18571428571428572,17,6,0.0,0.27835051546391754
Cosmic,6,0.16666666666666666,0.8333333333333334,0.0,0.8142857142857143,0.18571428571428572,17,6,0.0,0.27835051546391754
Ray,3,0.3333333333333333,0.6666666666666666,0.0,0.8142857142857143,0.18571428571428572,17,6,0.0,0.27835051546391754
Identification,14,0.07142857142857142,0.9285714285714286,0.0,0.8142857142857143,0.18571428571428572,17,6,0.0,0.27835051546391754
(van,4,0.0,0.75,0.0,0.8142857142857143,0.18571428571428572,17,6,0.0,0.27835051546391754
Dokkum,6,0.16666666666666666,0.8333333333333334,0.0,0.8142857142857143,0.18571428571428572,17,6,0.0,0.27835051546391754
2001)4,6,0.0,0.0,0.8333333333333334,0.8142857142857143,0.18571428571428572,17,6,0.0,0.27835051546391754
package,7,0.0,1.0,0.0,0.8142857142857143,0.18571428571428572,17,6,0.0,0.27835051546391754
mode,4,0.0,1.0,0.0,0.7464788732394366,0.2535211267605634,26,7,0.0,0.2680412371134021
available,9,0.0,1.0,0.0,0.7464788732394366,0.2535211267605634,26,7,0.0,0.2680412371134021
in,2,0.0,1.0,0.0,0.7464788732394366,0.2535211267605634,26,7,0.0,0.2680412371134021
the,3,0.0,1.0,0.0,0.7464788732394366,0.2535211267605634,26,7,0.0,0.2680412371134021
HCT,3,1.0,0.0,0.0,0.7464788732394366,0.2535211267605634,26,7,0.0,0.2680412371134021
telescope,9,0.0,1.0,0.0,0.7464788732394366,0.2535211267605634,26,7,0.0,0.2680412371134021
control,7,0.0,1.0,0.0,0.7464788732394366,0.2535211267605634,26,7,0.0,0.2680412371134021
system.,7,0.0,0.8571428571428571,0.0,0.7464788732394366,0.2535211267605634,26,7,0.0,0.2680412371134021
In,2,0.5,0.5,0.0,0.7464788732394366,0.2535211267605634,26,7,0.0,0.2680412371134021
this,4,0.0,1.0,0.0,0.7464788732394366,0.2535211267605634,26,7,0.0,0.2680412371134021
mode,4,0.0,1.0,0.0,0.7464788732394366,0.2535211267605634,26,7,0.0,0.2680412371134021
a,1,0.0,1.0,0.0,0.7464788732394366,0.2535211267605634,26,7,0.0,0.2680412371134021
was,3,0.0,1.0,0.0,0.7464788732394366,0.2535211267605634,26,7,0.0,0.2680412371134021
added,5,0.0,1.0,0.0,0.7464788732394366,0.2535211267605634,26,7,0.0,0.2680412371134021
to,2,0.0,1.0,0.0,0.7464788732394366,0.2535211267605634,26,7,0.0,0.2680412371134021
IRAF,4,1.0,0.0,0.0,0.7464788732394366,0.2535211267605634,26,7,0.0,0.2680412371134021
and,3,0.0,1.0,0.0,0.7464788732394366,0.2535211267605634,26,7,0.0,0.2680412371134021
was,3,0.0,1.0,0.0,0.7464788732394366,0.2535211267605634,26,7,0.0,0.2680412371134021
used,4,0.0,1.0,0.0,0.7464788732394366,0.2535211267605634,26,7,0.0,0.2680412371134021
to,2,0.0,1.0,0.0,0.7464788732394366,0.2535211267605634,26,7,0.0,0.2680412371134021
remove,6,0.0,1.0,0.0,0.7464788732394366,0.2535211267605634,26,7,0.0,0.2680412371134021
most,4,0.0,1.0,0.0,0.7464788732394366,0.2535211267605634,26,7,0.0,0.2680412371134021
of,2,0.0,1.0,0.0,0.7464788732394366,0.2535211267605634,26,7,0.0,0.2680412371134021
the,3,0.0,1.0,0.0,0.7464788732394366,0.2535211267605634,26,7,0.0,0.2680412371134021
cosmic,6,0.0,1.0,0.0,0.7464788732394366,0.2535211267605634,26,7,0.0,0.2680412371134021
rays,4,0.0,1.0,0.0,0.7464788732394366,0.2535211267605634,26,7,0.0,0.2680412371134021
trackfile,9,0.0,1.0,0.0,0.8206896551724138,0.17931034482758623,19,5,0.0,0.25257731958762886
containing,10,0.0,1.0,0.0,0.8206896551724138,0.17931034482758623,19,5,0.0,0.25257731958762886
the,3,0.0,1.0,0.0,0.8206896551724138,0.17931034482758623,19,5,0.0,0.25257731958762886
comet’s,7,0.0,0.8571428571428571,0.0,0.8206896551724138,0.17931034482758623,19,5,0.0,0.25257731958762886
altitude-azimuth,16,0.0,0.9375,0.0,0.8206896551724138,0.17931034482758623,19,5,0.0,0.25257731958762886
coordinates,11,0.0,1.0,0.0,0.8206896551724138,0.17931034482758623,19,5,0.0,0.25257731958762886
at,2,0.0,1.0,0.0,0.8206896551724138,0.17931034482758623,19,5,0.0,0.25257731958762886
reg-,4,0.0,0.75,0.0,0.8206896551724138,0.17931034482758623,19,5,0.0,0.25257731958762886
present,7,0.0,1.0,0.0,0.8206896551724138,0.17931034482758623,19,5,0.0,0.25257731958762886
in,2,0.0,1.0,0.0,0.8206896551724138,0.17931034482758623,19,5,0.0,0.25257731958762886
the,3,0.0,1.0,0.0,0.8206896551724138,0.17931034482758623,19,5,0.0,0.25257731958762886
spectroscopic,13,0.0,1.0,0.0,0.8206896551724138,0.17931034482758623,19,5,0.0,0.25257731958762886
raw,3,0.0,1.0,0.0,0.8206896551724138,0.17931034482758623,19,5,0.0,0.25257731958762886
data.,5,0.0,0.8,0.0,0.8206896551724138,0.17931034482758623,19,5,0.0,0.25257731958762886
IRAF’s,6,0.6666666666666666,0.16666666666666666,0.0,0.8206896551724138,0.17931034482758623,19,5,0.0,0.25257731958762886
apall,5,0.0,1.0,0.0,0.8206896551724138,0.17931034482758623,19,5,0.0,0.25257731958762886
module,6,0.0,1.0,0.0,0.8206896551724138,0.17931034482758623,19,5,0.0,0.25257731958762886
was,3,0.0,1.0,0.0,0.8206896551724138,0.17931034482758623,19,5,0.0,0.25257731958762886
used,4,0.0,1.0,0.0,0.8206896551724138,0.17931034482758623,19,5,0.0,0.25257731958762886
ular,4,0.0,1.0,0.0,0.7801418439716312,0.21985815602836878,24,5,0.0,0.2731958762886598
"intervals,",10,0.0,0.9,0.0,0.7801418439716312,0.21985815602836878,24,5,0.0,0.2731958762886598
is,2,0.0,1.0,0.0,0.7801418439716312,0.21985815602836878,24,5,0.0,0.2731958762886598
given,5,0.0,1.0,0.0,0.7801418439716312,0.21985815602836878,24,5,0.0,0.2731958762886598
as,2,0.0,1.0,0.0,0.7801418439716312,0.21985815602836878,24,5,0.0,0.2731958762886598
an,2,0.0,1.0,0.0,0.7801418439716312,0.21985815602836878,24,5,0.0,0.2731958762886598
input,5,0.0,1.0,0.0,0.7801418439716312,0.21985815602836878,24,5,0.0,0.2731958762886598
to,2,0.0,1.0,0.0,0.7801418439716312,0.21985815602836878,24,5,0.0,0.2731958762886598
the,3,0.0,1.0,0.0,0.7801418439716312,0.21985815602836878,24,5,0.0,0.2731958762886598
system.,7,0.0,0.8571428571428571,0.0,0.7801418439716312,0.21985815602836878,24,5,0.0,0.2731958762886598
Exposures,9,0.1111111111111111,0.8888888888888888,0.0,0.7801418439716312,0.21985815602836878,24,5,0.0,0.2731958762886598
of,2,0.0,1.0,0.0,0.7801418439716312,0.21985815602836878,24,5,0.0,0.2731958762886598
1800,4,0.0,0.0,1.0,0.7801418439716312,0.21985815602836878,24,5,0.0,0.2731958762886598
to,2,0.0,1.0,0.0,0.7801418439716312,0.21985815602836878,24,5,0.0,0.2731958762886598
extract,7,0.0,1.0,0.0,0.7801418439716312,0.21985815602836878,24,5,0.0,0.2731958762886598
the,3,0.0,1.0,0.0,0.7801418439716312,0.21985815602836878,24,5,0.0,0.2731958762886598
1D,2,0.5,0.0,0.5,0.7801418439716312,0.21985815602836878,24,5,0.0,0.2731958762886598
spectrum,8,0.0,1.0,0.0,0.7801418439716312,0.21985815602836878,24,5,0.0,0.2731958762886598
from,4,0.0,1.0,0.0,0.7801418439716312,0.21985815602836878,24,5,0.0,0.2731958762886598
the,3,0.0,1.0,0.0,0.7801418439716312,0.21985815602836878,24,5,0.0,0.2731958762886598
"comet,",6,0.0,0.8333333333333334,0.0,0.7801418439716312,0.21985815602836878,24,5,0.0,0.2731958762886598
calibration,11,0.0,1.0,0.0,0.7801418439716312,0.21985815602836878,24,5,0.0,0.2731958762886598
lamp,4,0.0,1.0,0.0,0.7801418439716312,0.21985815602836878,24,5,0.0,0.2731958762886598
and,3,0.0,1.0,0.0,0.7801418439716312,0.21985815602836878,24,5,0.0,0.2731958762886598
seconds,7,0.0,1.0,0.0,0.7551020408163265,0.24489795918367352,22,9,0.0,0.24226804123711343
were,4,0.0,1.0,0.0,0.7551020408163265,0.24489795918367352,22,9,0.0,0.24226804123711343
obtained,8,0.0,1.0,0.0,0.7551020408163265,0.24489795918367352,22,9,0.0,0.24226804123711343
on,2,0.0,1.0,0.0,0.7551020408163265,0.24489795918367352,22,9,0.0,0.24226804123711343
the,3,0.0,1.0,0.0,0.7551020408163265,0.24489795918367352,22,9,0.0,0.24226804123711343
photocenter,11,0.0,1.0,0.0,0.7551020408163265,0.24489795918367352,22,9,0.0,0.24226804123711343
of,2,0.0,1.0,0.0,0.7551020408163265,0.24489795918367352,22,9,0.0,0.24226804123711343
the,3,0.0,1.0,0.0,0.7551020408163265,0.24489795918367352,22,9,0.0,0.24226804123711343
comet,5,0.0,1.0,0.0,0.7551020408163265,0.24489795918367352,22,9,0.0,0.24226804123711343
in,2,0.0,1.0,0.0,0.7551020408163265,0.24489795918367352,22,9,0.0,0.24226804123711343
spec-,5,0.0,0.8,0.0,0.7551020408163265,0.24489795918367352,22,9,0.0,0.24226804123711343
standard,8,0.0,1.0,0.0,0.7551020408163265,0.24489795918367352,22,9,0.0,0.24226804123711343
star,4,0.0,1.0,0.0,0.7551020408163265,0.24489795918367352,22,9,0.0,0.24226804123711343
frames.,7,0.0,0.8571428571428571,0.0,0.7551020408163265,0.24489795918367352,22,9,0.0,0.24226804123711343
For,3,0.3333333333333333,0.6666666666666666,0.0,0.7551020408163265,0.24489795918367352,22,9,0.0,0.24226804123711343
both,4,0.0,1.0,0.0,0.7551020408163265,0.24489795918367352,22,9,0.0,0.24226804123711343
"epochs,",7,0.0,0.8571428571428571,0.0,0.7551020408163265,0.24489795918367352,22,9,0.0,0.24226804123711343
an,2,0.0,1.0,0.0,0.7551020408163265,0.24489795918367352,22,9,0.0,0.24226804123711343
aperture,8,0.0,1.0,0.0,0.7551020408163265,0.24489795918367352,22,9,0.0,0.24226804123711343
of,2,0.0,1.0,0.0,0.7551020408163265,0.24489795918367352,22,9,0.0,0.24226804123711343
17.7600,7,0.0,0.0,0.8571428571428571,0.7551020408163265,0.24489795918367352,22,9,0.0,0.24226804123711343
(corre-,7,0.0,0.7142857142857143,0.0,0.7551020408163265,0.24489795918367352,22,9,0.0,0.24226804123711343
troscopic,9,0.0,1.0,0.0,0.7482993197278912,0.2517006802721088,24,8,0.0,0.24226804123711343
mode.,5,0.0,0.8,0.0,0.7482993197278912,0.2517006802721088,24,8,0.0,0.24226804123711343
Separate,8,0.125,0.875,0.0,0.7482993197278912,0.2517006802721088,24,8,0.0,0.24226804123711343
sky,3,0.0,1.0,0.0,0.7482993197278912,0.2517006802721088,24,8,0.0,0.24226804123711343
frame,5,0.0,1.0,0.0,0.7482993197278912,0.2517006802721088,24,8,0.0,0.24226804123711343
was,3,0.0,1.0,0.0,0.7482993197278912,0.2517006802721088,24,8,0.0,0.24226804123711343
not,3,0.0,1.0,0.0,0.7482993197278912,0.2517006802721088,24,8,0.0,0.24226804123711343
obtained,8,0.0,1.0,0.0,0.7482993197278912,0.2517006802721088,24,8,0.0,0.24226804123711343
due,3,0.0,1.0,0.0,0.7482993197278912,0.2517006802721088,24,8,0.0,0.24226804123711343
to,2,0.0,1.0,0.0,0.7482993197278912,0.2517006802721088,24,8,0.0,0.24226804123711343
time,4,0.0,1.0,0.0,0.7482993197278912,0.2517006802721088,24,8,0.0,0.24226804123711343
sponding,8,0.0,1.0,0.0,0.7482993197278912,0.2517006802721088,24,8,0.0,0.24226804123711343
to,2,0.0,1.0,0.0,0.7482993197278912,0.2517006802721088,24,8,0.0,0.24226804123711343
60,2,0.0,0.0,1.0,0.7482993197278912,0.2517006802721088,24,8,0.0,0.24226804123711343
"pixels,",7,0.0,0.8571428571428571,0.0,0.7482993197278912,0.2517006802721088,24,8,0.0,0.24226804123711343
centered,8,0.0,1.0,0.0,0.7482993197278912,0.2517006802721088,24,8,0.0,0.24226804123711343
on,2,0.0,1.0,0.0,0.7482993197278912,0.2517006802721088,24,8,0.0,0.24226804123711343
the,3,0.0,1.0,0.0,0.7482993197278912,0.2517006802721088,24,8,0.0,0.24226804123711343
comet),6,0.0,0.8333333333333334,0.0,0.7482993197278912,0.2517006802721088,24,8,0.0,0.24226804123711343
was,3,0.0,1.0,0.0,0.7482993197278912,0.2517006802721088,24,8,0.0,0.24226804123711343
used,4,0.0,1.0,0.0,0.7482993197278912,0.2517006802721088,24,8,0.0,0.24226804123711343
to,2,0.0,1.0,0.0,0.7482993197278912,0.2517006802721088,24,8,0.0,0.24226804123711343
extract,7,0.0,1.0,0.0,0.7482993197278912,0.2517006802721088,24,8,0.0,0.24226804123711343
the,3,0.0,1.0,0.0,0.7482993197278912,0.2517006802721088,24,8,0.0,0.24226804123711343
constraint.,11,0.0,0.9090909090909091,0.0,0.7972027972027972,0.2027972027972028,19,7,0.0,0.2628865979381443
Standard,8,0.125,0.875,0.0,0.7972027972027972,0.2027972027972028,19,7,0.0,0.2628865979381443
"star,",5,0.0,0.8,0.0,0.7972027972027972,0.2027972027972028,19,7,0.0,0.2628865979381443
HD74721,7,0.2857142857142857,0.0,0.7142857142857143,0.7972027972027972,0.2027972027972028,19,7,0.0,0.2628865979381443
(A0V,4,0.5,0.0,0.25,0.7972027972027972,0.2027972027972028,19,7,0.0,0.2628865979381443
"type),",6,0.0,0.6666666666666666,0.0,0.7972027972027972,0.2027972027972028,19,7,0.0,0.2628865979381443
from,4,0.0,1.0,0.0,0.7972027972027972,0.2027972027972028,19,7,0.0,0.2628865979381443
the,3,0.0,1.0,0.0,0.7972027972027972,0.2027972027972028,19,7,0.0,0.2628865979381443
catalog,7,0.0,1.0,0.0,0.7972027972027972,0.2027972027972028,19,7,0.0,0.2628865979381443
of,2,0.0,1.0,0.0,0.7972027972027972,0.2027972027972028,19,7,0.0,0.2628865979381443
comet,5,0.0,1.0,0.0,0.7972027972027972,0.2027972027972028,19,7,0.0,0.2628865979381443
spectrum.,9,0.0,0.8888888888888888,0.0,0.7972027972027972,0.2027972027972028,19,7,0.0,0.2628865979381443
The,3,0.3333333333333333,0.6666666666666666,0.0,0.7972027972027972,0.2027972027972028,19,7,0.0,0.2628865979381443
corresponding,13,0.0,1.0,0.0,0.7972027972027972,0.2027972027972028,19,7,0.0,0.2628865979381443
physical,8,0.0,1.0,0.0,0.7972027972027972,0.2027972027972028,19,7,0.0,0.2628865979381443
distance,8,0.0,1.0,0.0,0.7972027972027972,0.2027972027972028,19,7,0.0,0.2628865979381443
at,2,0.0,1.0,0.0,0.7972027972027972,0.2027972027972028,19,7,0.0,0.2628865979381443
the,3,0.0,1.0,0.0,0.7972027972027972,0.2027972027972028,19,7,0.0,0.2628865979381443
photo-,6,0.0,0.8333333333333334,0.0,0.7972027972027972,0.2027972027972028,19,7,0.0,0.2628865979381443
spectroscopic,13,0.0,1.0,0.0,0.7986111111111112,0.20138888888888884,20,6,0.0,0.25773195876288657
standards,9,0.0,1.0,0.0,0.7986111111111112,0.20138888888888884,20,6,0.0,0.25773195876288657
in,2,0.0,1.0,0.0,0.7986111111111112,0.20138888888888884,20,6,0.0,0.25773195876288657
IRAF3,5,0.8,0.0,0.2,0.7986111111111112,0.20138888888888884,20,6,0.0,0.25773195876288657
was,3,0.0,1.0,0.0,0.7986111111111112,0.20138888888888884,20,6,0.0,0.25773195876288657
observed,8,0.0,1.0,0.0,0.7986111111111112,0.20138888888888884,20,6,0.0,0.25773195876288657
for,3,0.0,1.0,0.0,0.7986111111111112,0.20138888888888884,20,6,0.0,0.25773195876288657
flux,4,0.0,1.0,0.0,0.7986111111111112,0.20138888888888884,20,6,0.0,0.25773195876288657
calibration.,12,0.0,0.9166666666666666,0.0,0.7986111111111112,0.20138888888888884,20,6,0.0,0.25773195876288657
centre,6,0.0,1.0,0.0,0.7986111111111112,0.20138888888888884,20,6,0.0,0.25773195876288657
can,3,0.0,1.0,0.0,0.7986111111111112,0.20138888888888884,20,6,0.0,0.25773195876288657
be,2,0.0,1.0,0.0,0.7986111111111112,0.20138888888888884,20,6,0.0,0.25773195876288657
estimated,9,0.0,1.0,0.0,0.7986111111111112,0.20138888888888884,20,6,0.0,0.25773195876288657
using,5,0.0,1.0,0.0,0.7986111111111112,0.20138888888888884,20,6,0.0,0.25773195876288657
the,3,0.0,1.0,0.0,0.7986111111111112,0.20138888888888884,20,6,0.0,0.25773195876288657
distance,8,0.0,1.0,0.0,0.7986111111111112,0.20138888888888884,20,6,0.0,0.25773195876288657
scale,5,0.0,1.0,0.0,0.7986111111111112,0.20138888888888884,20,6,0.0,0.25773195876288657
column,6,0.0,1.0,0.0,0.7986111111111112,0.20138888888888884,20,6,0.0,0.25773195876288657
from,4,0.0,1.0,0.0,0.7986111111111112,0.20138888888888884,20,6,0.0,0.25773195876288657
Table,5,0.2,0.8,0.0,0.7986111111111112,0.20138888888888884,20,6,0.0,0.25773195876288657
Halogen,7,0.14285714285714285,0.8571428571428571,0.0,0.7708333333333334,0.22916666666666663,21,8,0.0,0.25773195876288657
lamp,4,0.0,1.0,0.0,0.7708333333333334,0.22916666666666663,21,8,0.0,0.25773195876288657
"spectra,",8,0.0,0.875,0.0,0.7708333333333334,0.22916666666666663,21,8,0.0,0.25773195876288657
zero,4,0.0,1.0,0.0,0.7708333333333334,0.22916666666666663,21,8,0.0,0.25773195876288657
exposure,8,0.0,1.0,0.0,0.7708333333333334,0.22916666666666663,21,8,0.0,0.25773195876288657
frames,6,0.0,1.0,0.0,0.7708333333333334,0.22916666666666663,21,8,0.0,0.25773195876288657
and,3,0.0,1.0,0.0,0.7708333333333334,0.22916666666666663,21,8,0.0,0.25773195876288657
FeAr,4,0.5,0.5,0.0,0.7708333333333334,0.22916666666666663,21,8,0.0,0.25773195876288657
lamp,4,0.0,1.0,0.0,0.7708333333333334,0.22916666666666663,21,8,0.0,0.25773195876288657
spectra,7,0.0,1.0,0.0,0.7708333333333334,0.22916666666666663,21,8,0.0,0.25773195876288657
1.,2,0.0,0.0,0.5,0.7708333333333334,0.22916666666666663,21,8,0.0,0.25773195876288657
The,3,0.3333333333333333,0.6666666666666666,0.0,0.7708333333333334,0.22916666666666663,21,8,0.0,0.25773195876288657
sky,3,0.0,1.0,0.0,0.7708333333333334,0.22916666666666663,21,8,0.0,0.25773195876288657
spectrum,8,0.0,1.0,0.0,0.7708333333333334,0.22916666666666663,21,8,0.0,0.25773195876288657
required,8,0.0,1.0,0.0,0.7708333333333334,0.22916666666666663,21,8,0.0,0.25773195876288657
for,3,0.0,1.0,0.0,0.7708333333333334,0.22916666666666663,21,8,0.0,0.25773195876288657
subtraction,11,0.0,1.0,0.0,0.7708333333333334,0.22916666666666663,21,8,0.0,0.25773195876288657
was,3,0.0,1.0,0.0,0.7708333333333334,0.22916666666666663,21,8,0.0,0.25773195876288657
extracted,9,0.0,1.0,0.0,0.7708333333333334,0.22916666666666663,21,8,0.0,0.25773195876288657
using,5,0.0,1.0,0.0,0.7708333333333334,0.22916666666666663,21,8,0.0,0.25773195876288657
a,1,0.0,1.0,0.0,0.7708333333333334,0.22916666666666663,21,8,0.0,0.25773195876288657
were,4,0.0,1.0,0.0,0.8111888111888111,0.18881118881118886,20,5,0.0,0.2628865979381443
obtained,8,0.0,1.0,0.0,0.8111888111888111,0.18881118881118886,20,5,0.0,0.2628865979381443
for,3,0.0,1.0,0.0,0.8111888111888111,0.18881118881118886,20,5,0.0,0.2628865979381443
flat,4,0.0,1.0,0.0,0.8111888111888111,0.18881118881118886,20,5,0.0,0.2628865979381443
"fielding,",9,0.0,0.8888888888888888,0.0,0.8111888111888111,0.18881118881118886,20,5,0.0,0.2628865979381443
bias,4,0.0,1.0,0.0,0.8111888111888111,0.18881118881118886,20,5,0.0,0.2628865979381443
subtraction,11,0.0,1.0,0.0,0.8111888111888111,0.18881118881118886,20,5,0.0,0.2628865979381443
and,3,0.0,1.0,0.0,0.8111888111888111,0.18881118881118886,20,5,0.0,0.2628865979381443
wavelength,10,0.0,1.0,0.0,0.8111888111888111,0.18881118881118886,20,5,0.0,0.2628865979381443
cal-,4,0.0,0.75,0.0,0.8111888111888111,0.18881118881118886,20,5,0.0,0.2628865979381443
similar,7,0.0,1.0,0.0,0.8111888111888111,0.18881118881118886,20,5,0.0,0.2628865979381443
aperture,8,0.0,1.0,0.0,0.8111888111888111,0.18881118881118886,20,5,0.0,0.2628865979381443
about,5,0.0,1.0,0.0,0.8111888111888111,0.18881118881118886,20,5,0.0,0.2628865979381443
6000,4,0.0,0.0,1.0,0.8111888111888111,0.18881118881118886,20,5,0.0,0.2628865979381443
away,4,0.0,1.0,0.0,0.8111888111888111,0.18881118881118886,20,5,0.0,0.2628865979381443
from,4,0.0,1.0,0.0,0.8111888111888111,0.18881118881118886,20,5,0.0,0.2628865979381443
the,3,0.0,1.0,0.0,0.8111888111888111,0.18881118881118886,20,5,0.0,0.2628865979381443
"photo-centre,",13,0.0,0.8461538461538461,0.0,0.8111888111888111,0.18881118881118886,20,5,0.0,0.2628865979381443
free,4,0.0,1.0,0.0,0.8111888111888111,0.18881118881118886,20,5,0.0,0.2628865979381443
from,4,0.0,1.0,0.0,0.8111888111888111,0.18881118881118886,20,5,0.0,0.2628865979381443
ibration,8,0.0,1.0,0.0,0.5384615384615384,0.46153846153846156,12,29,0.0,0.2628865979381443
respectively.,13,0.0,0.9230769230769231,0.0,0.5384615384615384,0.46153846153846156,12,29,0.0,0.2628865979381443
cometary,8,0.0,1.0,0.0,0.5384615384615384,0.46153846153846156,12,29,0.0,0.2628865979381443
emissions,9,0.0,1.0,0.0,0.5384615384615384,0.46153846153846156,12,29,0.0,0.2628865979381443
(see,4,0.0,0.75,0.0,0.5384615384615384,0.46153846153846156,12,29,0.0,0.2628865979381443
Appendix,8,0.125,0.875,0.0,0.5384615384615384,0.46153846153846156,12,29,0.0,0.2628865979381443
A,1,1.0,0.0,0.0,0.5384615384615384,0.46153846153846156,12,29,0.0,0.2628865979381443
for,3,0.0,1.0,0.0,0.5384615384615384,0.46153846153846156,12,29,0.0,0.2628865979381443
details).,9,0.0,0.7777777777777778,0.0,0.5384615384615384,0.46153846153846156,12,29,0.0,0.2628865979381443
The,3,0.3333333333333333,0.6666666666666666,0.0,0.5384615384615384,0.46153846153846156,12,29,0.0,0.2628865979381443
spectrum,8,0.0,1.0,0.0,0.5384615384615384,0.46153846153846156,12,29,0.0,0.2628865979381443
for,3,0.0,1.0,0.0,0.5384615384615384,0.46153846153846156,12,29,0.0,0.2628865979381443
Imaging,7,0.14285714285714285,0.8571428571428571,0.0,0.7816901408450704,0.21830985915492962,20,7,0.0,0.2680412371134021
observations,12,0.0,1.0,0.0,0.7816901408450704,0.21830985915492962,20,7,0.0,0.2680412371134021
were,4,0.0,1.0,0.0,0.7816901408450704,0.21830985915492962,20,7,0.0,0.2680412371134021
also,4,0.0,1.0,0.0,0.7816901408450704,0.21830985915492962,20,7,0.0,0.2680412371134021
carried,7,0.0,1.0,0.0,0.7816901408450704,0.21830985915492962,20,7,0.0,0.2680412371134021
out,3,0.0,1.0,0.0,0.7816901408450704,0.21830985915492962,20,7,0.0,0.2680412371134021
during,6,0.0,1.0,0.0,0.7816901408450704,0.21830985915492962,20,7,0.0,0.2680412371134021
the,3,0.0,1.0,0.0,0.7816901408450704,0.21830985915492962,20,7,0.0,0.2680412371134021
same,4,0.0,1.0,0.0,0.7816901408450704,0.21830985915492962,20,7,0.0,0.2680412371134021
epochs,6,0.0,1.0,0.0,0.7816901408450704,0.21830985915492962,20,7,0.0,0.2680412371134021
each,4,0.0,1.0,0.0,0.7816901408450704,0.21830985915492962,20,7,0.0,0.2680412371134021
aperture,8,0.0,1.0,0.0,0.7816901408450704,0.21830985915492962,20,7,0.0,0.2680412371134021
used,4,0.0,1.0,0.0,0.7816901408450704,0.21830985915492962,20,7,0.0,0.2680412371134021
was,3,0.0,1.0,0.0,0.7816901408450704,0.21830985915492962,20,7,0.0,0.2680412371134021
extracted,9,0.0,1.0,0.0,0.7816901408450704,0.21830985915492962,20,7,0.0,0.2680412371134021
by,2,0.0,1.0,0.0,0.7816901408450704,0.21830985915492962,20,7,0.0,0.2680412371134021
tracing,7,0.0,1.0,0.0,0.7816901408450704,0.21830985915492962,20,7,0.0,0.2680412371134021
along,5,0.0,1.0,0.0,0.7816901408450704,0.21830985915492962,20,7,0.0,0.2680412371134021
the,3,0.0,1.0,0.0,0.7816901408450704,0.21830985915492962,20,7,0.0,0.2680412371134021
dispersion,10,0.0,1.0,0.0,0.7816901408450704,0.21830985915492962,20,7,0.0,0.2680412371134021
using,5,0.0,1.0,0.0,0.7777777777777778,0.2222222222222222,20,8,0.0,0.25773195876288657
the,3,0.0,1.0,0.0,0.7777777777777778,0.2222222222222222,20,8,0.0,0.25773195876288657
Johnson-Cousins,15,0.13333333333333333,0.8,0.0,0.7777777777777778,0.2222222222222222,20,8,0.0,0.25773195876288657
BVRI,4,1.0,0.0,0.0,0.7777777777777778,0.2222222222222222,20,8,0.0,0.25773195876288657
filters.,8,0.0,0.875,0.0,0.7777777777777778,0.2222222222222222,20,8,0.0,0.25773195876288657
Multiple,8,0.125,0.875,0.0,0.7777777777777778,0.2222222222222222,20,8,0.0,0.25773195876288657
frames,6,0.0,1.0,0.0,0.7777777777777778,0.2222222222222222,20,8,0.0,0.25773195876288657
were,4,0.0,1.0,0.0,0.7777777777777778,0.2222222222222222,20,8,0.0,0.25773195876288657
ob-,3,0.0,0.6666666666666666,0.0,0.7777777777777778,0.2222222222222222,20,8,0.0,0.25773195876288657
axis.,5,0.0,0.8,0.0,0.7777777777777778,0.2222222222222222,20,8,0.0,0.25773195876288657
The,3,0.3333333333333333,0.6666666666666666,0.0,0.7777777777777778,0.2222222222222222,20,8,0.0,0.25773195876288657
lines,5,0.0,1.0,0.0,0.7777777777777778,0.2222222222222222,20,8,0.0,0.25773195876288657
in,2,0.0,1.0,0.0,0.7777777777777778,0.2222222222222222,20,8,0.0,0.25773195876288657
the,3,0.0,1.0,0.0,0.7777777777777778,0.2222222222222222,20,8,0.0,0.25773195876288657
FeAr,4,0.5,0.5,0.0,0.7777777777777778,0.2222222222222222,20,8,0.0,0.25773195876288657
calibration,11,0.0,1.0,0.0,0.7777777777777778,0.2222222222222222,20,8,0.0,0.25773195876288657
lamp,4,0.0,1.0,0.0,0.7777777777777778,0.2222222222222222,20,8,0.0,0.25773195876288657
spectrum,8,0.0,1.0,0.0,0.7777777777777778,0.2222222222222222,20,8,0.0,0.25773195876288657
were,4,0.0,1.0,0.0,0.7777777777777778,0.2222222222222222,20,8,0.0,0.25773195876288657
identi-,7,0.0,0.8571428571428571,0.0,0.7777777777777778,0.2222222222222222,20,8,0.0,0.25773195876288657
tained,6,0.0,1.0,0.0,0.7602739726027398,0.23972602739726023,23,8,0.0,0.24742268041237114
for,3,0.0,1.0,0.0,0.7602739726027398,0.23972602739726023,23,8,0.0,0.24742268041237114
each,4,0.0,1.0,0.0,0.7602739726027398,0.23972602739726023,23,8,0.0,0.24742268041237114
"epoch,",6,0.0,0.8333333333333334,0.0,0.7602739726027398,0.23972602739726023,23,8,0.0,0.24742268041237114
with,4,0.0,1.0,0.0,0.7602739726027398,0.23972602739726023,23,8,0.0,0.24742268041237114
exposure,8,0.0,1.0,0.0,0.7602739726027398,0.23972602739726023,23,8,0.0,0.24742268041237114
varying,7,0.0,1.0,0.0,0.7602739726027398,0.23972602739726023,23,8,0.0,0.24742268041237114
over,4,0.0,1.0,0.0,0.7602739726027398,0.23972602739726023,23,8,0.0,0.24742268041237114
the,3,0.0,1.0,0.0,0.7602739726027398,0.23972602739726023,23,8,0.0,0.24742268041237114
range,5,0.0,1.0,0.0,0.7602739726027398,0.23972602739726023,23,8,0.0,0.24742268041237114
120-,4,0.0,0.0,0.75,0.7602739726027398,0.23972602739726023,23,8,0.0,0.24742268041237114
fied,4,0.0,1.0,0.0,0.7602739726027398,0.23972602739726023,23,8,0.0,0.24742268041237114
using,5,0.0,1.0,0.0,0.7602739726027398,0.23972602739726023,23,8,0.0,0.24742268041237114
the,3,0.0,1.0,0.0,0.7602739726027398,0.23972602739726023,23,8,0.0,0.24742268041237114
identify,8,0.0,1.0,0.0,0.7602739726027398,0.23972602739726023,23,8,0.0,0.24742268041237114
task,4,0.0,1.0,0.0,0.7602739726027398,0.23972602739726023,23,8,0.0,0.24742268041237114
and,3,0.0,1.0,0.0,0.7602739726027398,0.23972602739726023,23,8,0.0,0.24742268041237114
the,3,0.0,1.0,0.0,0.7602739726027398,0.23972602739726023,23,8,0.0,0.24742268041237114
solution,8,0.0,1.0,0.0,0.7602739726027398,0.23972602739726023,23,8,0.0,0.24742268041237114
was,3,0.0,1.0,0.0,0.7602739726027398,0.23972602739726023,23,8,0.0,0.24742268041237114
used,4,0.0,1.0,0.0,0.7602739726027398,0.23972602739726023,23,8,0.0,0.24742268041237114
to,2,0.0,1.0,0.0,0.7602739726027398,0.23972602739726023,23,8,0.0,0.24742268041237114
wavelength,10,0.0,1.0,0.0,0.7602739726027398,0.23972602739726023,23,8,0.0,0.24742268041237114
300,3,0.0,0.0,1.0,0.7482517482517482,0.2517482517482518,22,9,0.0,0.2628865979381443
s.,2,0.0,0.5,0.0,0.7482517482517482,0.2517482517482518,22,9,0.0,0.2628865979381443
Ru,2,0.5,0.5,0.0,0.7482517482517482,0.2517482517482518,22,9,0.0,0.2628865979381443
149,3,0.0,0.0,1.0,0.7482517482517482,0.2517482517482518,22,9,0.0,0.2628865979381443
photometric,11,0.0,1.0,0.0,0.7482517482517482,0.2517482517482518,22,9,0.0,0.2628865979381443
field,5,0.0,1.0,0.0,0.7482517482517482,0.2517482517482518,22,9,0.0,0.2628865979381443
was,3,0.0,1.0,0.0,0.7482517482517482,0.2517482517482518,22,9,0.0,0.2628865979381443
also,4,0.0,1.0,0.0,0.7482517482517482,0.2517482517482518,22,9,0.0,0.2628865979381443
observed,8,0.0,1.0,0.0,0.7482517482517482,0.2517482517482518,22,9,0.0,0.2628865979381443
in,2,0.0,1.0,0.0,0.7482517482517482,0.2517482517482518,22,9,0.0,0.2628865979381443
all,3,0.0,1.0,0.0,0.7482517482517482,0.2517482517482518,22,9,0.0,0.2628865979381443
above,5,0.0,1.0,0.0,0.7482517482517482,0.2517482517482518,22,9,0.0,0.2628865979381443
calibrate,9,0.0,1.0,0.0,0.7482517482517482,0.2517482517482518,22,9,0.0,0.2628865979381443
the,3,0.0,1.0,0.0,0.7482517482517482,0.2517482517482518,22,9,0.0,0.2628865979381443
comet,5,0.0,1.0,0.0,0.7482517482517482,0.2517482517482518,22,9,0.0,0.2628865979381443
and,3,0.0,1.0,0.0,0.7482517482517482,0.2517482517482518,22,9,0.0,0.2628865979381443
standard,8,0.0,1.0,0.0,0.7482517482517482,0.2517482517482518,22,9,0.0,0.2628865979381443
star,4,0.0,1.0,0.0,0.7482517482517482,0.2517482517482518,22,9,0.0,0.2628865979381443
spectra.,8,0.0,0.875,0.0,0.7482517482517482,0.2517482517482518,22,9,0.0,0.2628865979381443
Using,5,0.2,0.8,0.0,0.7482517482517482,0.2517482517482518,22,9,0.0,0.2628865979381443
the,3,0.0,1.0,0.0,0.7482517482517482,0.2517482517482518,22,9,0.0,0.2628865979381443
standard,8,0.0,1.0,0.0,0.7482517482517482,0.2517482517482518,22,9,0.0,0.2628865979381443
mentioned,9,0.0,1.0,0.0,0.8111888111888111,0.18881118881118886,19,6,0.0,0.2628865979381443
filters,7,0.0,1.0,0.0,0.8111888111888111,0.18881118881118886,19,6,0.0,0.2628865979381443
in,2,0.0,1.0,0.0,0.8111888111888111,0.18881118881118886,19,6,0.0,0.2628865979381443
order,5,0.0,1.0,0.0,0.8111888111888111,0.18881118881118886,19,6,0.0,0.2628865979381443
to,2,0.0,1.0,0.0,0.8111888111888111,0.18881118881118886,19,6,0.0,0.2628865979381443
perform,7,0.0,1.0,0.0,0.8111888111888111,0.18881118881118886,19,6,0.0,0.2628865979381443
photometric,11,0.0,1.0,0.0,0.8111888111888111,0.18881118881118886,19,6,0.0,0.2628865979381443
calibration,11,0.0,1.0,0.0,0.8111888111888111,0.18881118881118886,19,6,0.0,0.2628865979381443
of,2,0.0,1.0,0.0,0.8111888111888111,0.18881118881118886,19,6,0.0,0.2628865979381443
the,3,0.0,1.0,0.0,0.8111888111888111,0.18881118881118886,19,6,0.0,0.2628865979381443
and,3,0.0,1.0,0.0,0.8111888111888111,0.18881118881118886,19,6,0.0,0.2628865979381443
sensfun,7,0.0,1.0,0.0,0.8111888111888111,0.18881118881118886,19,6,0.0,0.2628865979381443
"tasks,",6,0.0,0.8333333333333334,0.0,0.8111888111888111,0.18881118881118886,19,6,0.0,0.2628865979381443
an,2,0.0,1.0,0.0,0.8111888111888111,0.18881118881118886,19,6,0.0,0.2628865979381443
instrument,10,0.0,1.0,0.0,0.8111888111888111,0.18881118881118886,19,6,0.0,0.2628865979381443
sensitivity,11,0.0,1.0,0.0,0.8111888111888111,0.18881118881118886,19,6,0.0,0.2628865979381443
function,8,0.0,1.0,0.0,0.8111888111888111,0.18881118881118886,19,6,0.0,0.2628865979381443
was,3,0.0,1.0,0.0,0.8111888111888111,0.18881118881118886,19,6,0.0,0.2628865979381443
derived,7,0.0,1.0,0.0,0.8111888111888111,0.18881118881118886,19,6,0.0,0.2628865979381443
comet,5,0.0,1.0,0.0,0.7638888888888888,0.23611111111111116,21,8,0.0,0.25773195876288657
images.,7,0.0,0.8571428571428571,0.0,0.7638888888888888,0.23611111111111116,21,8,0.0,0.25773195876288657
Twilight,8,0.125,0.875,0.0,0.7638888888888888,0.23611111111111116,21,8,0.0,0.25773195876288657
flats,5,0.0,1.0,0.0,0.7638888888888888,0.23611111111111116,21,8,0.0,0.25773195876288657
were,4,0.0,1.0,0.0,0.7638888888888888,0.23611111111111116,21,8,0.0,0.25773195876288657
recorded,8,0.0,1.0,0.0,0.7638888888888888,0.23611111111111116,21,8,0.0,0.25773195876288657
and,3,0.0,1.0,0.0,0.7638888888888888,0.23611111111111116,21,8,0.0,0.25773195876288657
bias,4,0.0,1.0,0.0,0.7638888888888888,0.23611111111111116,21,8,0.0,0.25773195876288657
frames,6,0.0,1.0,0.0,0.7638888888888888,0.23611111111111116,21,8,0.0,0.25773195876288657
were,4,0.0,1.0,0.0,0.7638888888888888,0.23611111111111116,21,8,0.0,0.25773195876288657
by,2,0.0,1.0,0.0,0.7638888888888888,0.23611111111111116,21,8,0.0,0.25773195876288657
comparing,9,0.0,1.0,0.0,0.7638888888888888,0.23611111111111116,21,8,0.0,0.25773195876288657
the,3,0.0,1.0,0.0,0.7638888888888888,0.23611111111111116,21,8,0.0,0.25773195876288657
observed,8,0.0,1.0,0.0,0.7638888888888888,0.23611111111111116,21,8,0.0,0.25773195876288657
standard,8,0.0,1.0,0.0,0.7638888888888888,0.23611111111111116,21,8,0.0,0.25773195876288657
star,4,0.0,1.0,0.0,0.7638888888888888,0.23611111111111116,21,8,0.0,0.25773195876288657
flux,4,0.0,1.0,0.0,0.7638888888888888,0.23611111111111116,21,8,0.0,0.25773195876288657
with,4,0.0,1.0,0.0,0.7638888888888888,0.23611111111111116,21,8,0.0,0.25773195876288657
the,3,0.0,1.0,0.0,0.7638888888888888,0.23611111111111116,21,8,0.0,0.25773195876288657
catalog,7,0.0,1.0,0.0,0.7638888888888888,0.23611111111111116,21,8,0.0,0.25773195876288657
val-,4,0.0,0.75,0.0,0.7638888888888888,0.23611111111111116,21,8,0.0,0.25773195876288657
also,4,0.0,1.0,0.0,0.821917808219178,0.17808219178082196,22,4,0.0,0.24742268041237114
taken,5,0.0,1.0,0.0,0.821917808219178,0.17808219178082196,22,4,0.0,0.24742268041237114
at,2,0.0,1.0,0.0,0.821917808219178,0.17808219178082196,22,4,0.0,0.24742268041237114
regular,7,0.0,1.0,0.0,0.821917808219178,0.17808219178082196,22,4,0.0,0.24742268041237114
intervals,9,0.0,1.0,0.0,0.821917808219178,0.17808219178082196,22,4,0.0,0.24742268041237114
during,6,0.0,1.0,0.0,0.821917808219178,0.17808219178082196,22,4,0.0,0.24742268041237114
the,3,0.0,1.0,0.0,0.821917808219178,0.17808219178082196,22,4,0.0,0.24742268041237114
night,5,0.0,1.0,0.0,0.821917808219178,0.17808219178082196,22,4,0.0,0.24742268041237114
to,2,0.0,1.0,0.0,0.821917808219178,0.17808219178082196,22,4,0.0,0.24742268041237114
correct,7,0.0,1.0,0.0,0.821917808219178,0.17808219178082196,22,4,0.0,0.24742268041237114
the,3,0.0,1.0,0.0,0.821917808219178,0.17808219178082196,22,4,0.0,0.24742268041237114
pixel,5,0.0,1.0,0.0,0.821917808219178,0.17808219178082196,22,4,0.0,0.24742268041237114
to,2,0.0,1.0,0.0,0.821917808219178,0.17808219178082196,22,4,0.0,0.24742268041237114
ues,3,0.0,1.0,0.0,0.821917808219178,0.17808219178082196,22,4,0.0,0.24742268041237114
available,9,0.0,1.0,0.0,0.821917808219178,0.17808219178082196,22,4,0.0,0.24742268041237114
in,2,0.0,1.0,0.0,0.821917808219178,0.17808219178082196,22,4,0.0,0.24742268041237114
IRAF.,5,0.8,0.0,0.0,0.821917808219178,0.17808219178082196,22,4,0.0,0.24742268041237114
The,3,0.3333333333333333,0.6666666666666666,0.0,0.821917808219178,0.17808219178082196,22,4,0.0,0.24742268041237114
resulting,9,0.0,1.0,0.0,0.821917808219178,0.17808219178082196,22,4,0.0,0.24742268041237114
instrument,10,0.0,1.0,0.0,0.821917808219178,0.17808219178082196,22,4,0.0,0.24742268041237114
sensitivity,11,0.0,1.0,0.0,0.821917808219178,0.17808219178082196,22,4,0.0,0.24742268041237114
function,8,0.0,1.0,0.0,0.821917808219178,0.17808219178082196,22,4,0.0,0.24742268041237114
pixel,5,0.0,1.0,0.0,0.7272727272727273,0.2727272727272727,18,12,0.0,0.2628865979381443
response,8,0.0,1.0,0.0,0.7272727272727273,0.2727272727272727,18,12,0.0,0.2628865979381443
and,3,0.0,1.0,0.0,0.7272727272727273,0.2727272727272727,18,12,0.0,0.2628865979381443
remove,6,0.0,1.0,0.0,0.7272727272727273,0.2727272727272727,18,12,0.0,0.2628865979381443
the,3,0.0,1.0,0.0,0.7272727272727273,0.2727272727272727,18,12,0.0,0.2628865979381443
bias,4,0.0,1.0,0.0,0.7272727272727273,0.2727272727272727,18,12,0.0,0.2628865979381443
offset,6,0.0,1.0,0.0,0.7272727272727273,0.2727272727272727,18,12,0.0,0.2628865979381443
respectively.,13,0.0,0.9230769230769231,0.0,0.7272727272727273,0.2727272727272727,18,12,0.0,0.2628865979381443
was,3,0.0,1.0,0.0,0.7272727272727273,0.2727272727272727,18,12,0.0,0.2628865979381443
used,4,0.0,1.0,0.0,0.7272727272727273,0.2727272727272727,18,12,0.0,0.2628865979381443
to,2,0.0,1.0,0.0,0.7272727272727273,0.2727272727272727,18,12,0.0,0.2628865979381443
flux,4,0.0,1.0,0.0,0.7272727272727273,0.2727272727272727,18,12,0.0,0.2628865979381443
calibrate,9,0.0,1.0,0.0,0.7272727272727273,0.2727272727272727,18,12,0.0,0.2628865979381443
the,3,0.0,1.0,0.0,0.7272727272727273,0.2727272727272727,18,12,0.0,0.2628865979381443
comet,5,0.0,1.0,0.0,0.7272727272727273,0.2727272727272727,18,12,0.0,0.2628865979381443
spectrum.,9,0.0,0.8888888888888888,0.0,0.7272727272727273,0.2727272727272727,18,12,0.0,0.2628865979381443
Extinction,10,0.1,0.9,0.0,0.7272727272727273,0.2727272727272727,18,12,0.0,0.2628865979381443
correc-,7,0.0,0.8571428571428571,0.0,0.7272727272727273,0.2727272727272727,18,12,0.0,0.2628865979381443
tion,4,0.0,1.0,0.0,0.40540540540540543,0.5945945945945945,11,1,0.4020618556701031,0.23711340206185572
was,3,0.0,1.0,0.0,0.40540540540540543,0.5945945945945945,11,1,0.4020618556701031,0.23711340206185572
also,4,0.0,1.0,0.0,0.40540540540540543,0.5945945945945945,11,1,0.4020618556701031,0.23711340206185572
applied,7,0.0,1.0,0.0,0.40540540540540543,0.5945945945945945,11,1,0.4020618556701031,0.23711340206185572
along,5,0.0,1.0,0.0,0.40540540540540543,0.5945945945945945,11,1,0.4020618556701031,0.23711340206185572
with,4,0.0,1.0,0.0,0.40540540540540543,0.5945945945945945,11,1,0.4020618556701031,0.23711340206185572
the,3,0.0,1.0,0.0,0.40540540540540543,0.5945945945945945,11,1,0.4020618556701031,0.23711340206185572
flux,4,0.0,1.0,0.0,0.40540540540540543,0.5945945945945945,11,1,0.4020618556701031,0.23711340206185572
calibration.,12,0.0,0.9166666666666666,0.0,0.40540540540540543,0.5945945945945945,11,1,0.4020618556701031,0.23711340206185572
Details,7,0.14285714285714285,0.8571428571428571,0.0,0.40540540540540543,0.5945945945945945,11,1,0.4020618556701031,0.23711340206185572
regard-,7,0.0,0.8571428571428571,0.0,0.40540540540540543,0.5945945945945945,11,1,0.4020618556701031,0.23711340206185572
ing,3,0.0,1.0,0.0,0.3958333333333333,0.6041666666666667,10,1,0.4020618556701031,0.25773195876288657
the,3,0.0,1.0,0.0,0.3958333333333333,0.6041666666666667,10,1,0.4020618556701031,0.25773195876288657
continuum,9,0.0,1.0,0.0,0.3958333333333333,0.6041666666666667,10,1,0.4020618556701031,0.25773195876288657
subtraction,11,0.0,1.0,0.0,0.3958333333333333,0.6041666666666667,10,1,0.4020618556701031,0.25773195876288657
using,5,0.0,1.0,0.0,0.3958333333333333,0.6041666666666667,10,1,0.4020618556701031,0.25773195876288657
solar,5,0.0,1.0,0.0,0.3958333333333333,0.6041666666666667,10,1,0.4020618556701031,0.25773195876288657
spectrum,8,0.0,1.0,0.0,0.3958333333333333,0.6041666666666667,10,1,0.4020618556701031,0.25773195876288657
is,2,0.0,1.0,0.0,0.3958333333333333,0.6041666666666667,10,1,0.4020618556701031,0.25773195876288657
explained,9,0.0,1.0,0.0,0.3958333333333333,0.6041666666666667,10,1,0.4020618556701031,0.25773195876288657
in,2,0.0,1.0,0.0,0.3958333333333333,0.6041666666666667,10,1,0.4020618556701031,0.25773195876288657
2.2,3,0.0,0.0,0.6666666666666666,0.6363636363636364,0.36363636363636365,17,19,0.0,0.2628865979381443
Mount,5,0.2,0.8,0.0,0.6363636363636364,0.36363636363636365,17,19,0.0,0.2628865979381443
Abu,3,0.3333333333333333,0.6666666666666666,0.0,0.6363636363636364,0.36363636363636365,17,19,0.0,0.2628865979381443
InfraRed,8,0.25,0.75,0.0,0.6363636363636364,0.36363636363636365,17,19,0.0,0.2628865979381443
Observatory,11,0.09090909090909091,0.9090909090909091,0.0,0.6363636363636364,0.36363636363636365,17,19,0.0,0.2628865979381443
(MIRO),6,0.6666666666666666,0.0,0.0,0.6363636363636364,0.36363636363636365,17,19,0.0,0.2628865979381443
Appendix,8,0.125,0.875,0.0,0.6363636363636364,0.36363636363636365,17,19,0.0,0.2628865979381443
B.,2,0.5,0.0,0.0,0.6363636363636364,0.36363636363636365,17,19,0.0,0.2628865979381443
A,1,1.0,0.0,0.0,0.6363636363636364,0.36363636363636365,17,19,0.0,0.2628865979381443
flux,4,0.0,1.0,0.0,0.6363636363636364,0.36363636363636365,17,19,0.0,0.2628865979381443
calibrated,10,0.0,1.0,0.0,0.6363636363636364,0.36363636363636365,17,19,0.0,0.2628865979381443
spectrum,8,0.0,1.0,0.0,0.6363636363636364,0.36363636363636365,17,19,0.0,0.2628865979381443
of,2,0.0,1.0,0.0,0.6363636363636364,0.36363636363636365,17,19,0.0,0.2628865979381443
the,3,0.0,1.0,0.0,0.6363636363636364,0.36363636363636365,17,19,0.0,0.2628865979381443
comet,5,0.0,1.0,0.0,0.6363636363636364,0.36363636363636365,17,19,0.0,0.2628865979381443
2I/Borisov,10,0.2,0.6,0.1,0.6363636363636364,0.36363636363636365,17,19,0.0,0.2628865979381443
is,2,0.0,1.0,0.0,0.6363636363636364,0.36363636363636365,17,19,0.0,0.2628865979381443
shown,5,0.0,1.0,0.0,0.3972602739726027,0.6027397260273972,11,1,0.4020618556701031,0.24742268041237114
in,2,0.0,1.0,0.0,0.3972602739726027,0.6027397260273972,11,1,0.4020618556701031,0.24742268041237114
Figure,6,0.16666666666666666,0.8333333333333334,0.0,0.3972602739726027,0.6027397260273972,11,1,0.4020618556701031,0.24742268041237114
"1,",2,0.0,0.0,0.5,0.3972602739726027,0.6027397260273972,11,1,0.4020618556701031,0.24742268041237114
clearly,7,0.0,1.0,0.0,0.3972602739726027,0.6027397260273972,11,1,0.4020618556701031,0.24742268041237114
indicating,10,0.0,1.0,0.0,0.3972602739726027,0.6027397260273972,11,1,0.4020618556701031,0.24742268041237114
the,3,0.0,1.0,0.0,0.3972602739726027,0.6027397260273972,11,1,0.4020618556701031,0.24742268041237114
presence,8,0.0,1.0,0.0,0.3972602739726027,0.6027397260273972,11,1,0.4020618556701031,0.24742268041237114
of,2,0.0,1.0,0.0,0.3972602739726027,0.6027397260273972,11,1,0.4020618556701031,0.24742268041237114
emissions,9,0.0,1.0,0.0,0.3972602739726027,0.6027397260273972,11,1,0.4020618556701031,0.24742268041237114
from,4,0.0,1.0,0.0,0.3972602739726027,0.6027397260273972,11,1,0.4020618556701031,0.24742268041237114
The,3,0.3333333333333333,0.6666666666666666,0.0,0.8545454545454545,0.1454545454545455,9,1,0.0,0.7164948453608248
Mount,5,0.2,0.8,0.0,0.8545454545454545,0.1454545454545455,9,1,0.0,0.7164948453608248
Abu,3,0.3333333333333333,0.6666666666666666,0.0,0.8545454545454545,0.1454545454545455,9,1,0.0,0.7164948453608248
InfraRed,8,0.25,0.75,0.0,0.8545454545454545,0.1454545454545455,9,1,0.0,0.7164948453608248
Observatory,11,0.09090909090909091,0.9090909090909091,0.0,0.8545454545454545,0.1454545454545455,9,1,0.0,0.7164948453608248
(MIRO),6,0.6666666666666666,0.0,0.0,0.8545454545454545,0.1454545454545455,9,1,0.0,0.7164948453608248
is,2,0.0,1.0,0.0,0.8545454545454545,0.1454545454545455,9,1,0.0,0.7164948453608248
located,7,0.0,1.0,0.0,0.8545454545454545,0.1454545454545455,9,1,0.0,0.7164948453608248
at,2,0.0,1.0,0.0,0.8545454545454545,0.1454545454545455,9,1,0.0,0.7164948453608248
"CN,",3,0.6666666666666666,0.0,0.0,0.375,0.625,13,1,0.4020618556701031,0.25773195876288657
C2,2,0.5,0.0,0.5,0.375,0.625,13,1,0.4020618556701031,0.25773195876288657
and,3,0.0,1.0,0.0,0.375,0.625,13,1,0.4020618556701031,0.25773195876288657
C3,2,0.5,0.0,0.5,0.375,0.625,13,1,0.4020618556701031,0.25773195876288657
with,4,0.0,1.0,0.0,0.375,0.625,13,1,0.4020618556701031,0.25773195876288657
the,3,0.0,1.0,0.0,0.375,0.625,13,1,0.4020618556701031,0.25773195876288657
latter,6,0.0,1.0,0.0,0.375,0.625,13,1,0.4020618556701031,0.25773195876288657
two,3,0.0,1.0,0.0,0.375,0.625,13,1,0.4020618556701031,0.25773195876288657
highly,6,0.0,1.0,0.0,0.375,0.625,13,1,0.4020618556701031,0.25773195876288657
"depleted,",9,0.0,0.8888888888888888,0.0,0.375,0.625,13,1,0.4020618556701031,0.25773195876288657
similar,7,0.0,1.0,0.0,0.375,0.625,13,1,0.4020618556701031,0.25773195876288657
to,2,0.0,1.0,0.0,0.375,0.625,13,1,0.4020618556701031,0.25773195876288657
what,4,0.0,1.0,0.0,0.375,0.625,13,1,0.4020618556701031,0.25773195876288657
Mount,5,0.2,0.8,0.0,0.859375,0.140625,10,1,0.0,0.6701030927835052
"Abu,",4,0.25,0.5,0.0,0.859375,0.140625,10,1,0.0,0.6701030927835052
Rajasthan,9,0.1111111111111111,0.8888888888888888,0.0,0.859375,0.140625,10,1,0.0,0.6701030927835052
(Longitude,10,0.1,0.8,0.0,0.859375,0.140625,10,1,0.0,0.6701030927835052
:,1,0.0,0.0,0.0,0.859375,0.140625,10,1,0.0,0.6701030927835052
72◦,3,0.0,0.0,0.6666666666666666,0.859375,0.140625,10,1,0.0,0.6701030927835052
460,3,0.0,0.0,1.0,0.859375,0.140625,10,1,0.0,0.6701030927835052
47.500,6,0.0,0.0,0.8333333333333334,0.859375,0.140625,10,1,0.0,0.6701030927835052
East;,5,0.2,0.6,0.0,0.859375,0.140625,10,1,0.0,0.6701030927835052
Latitude:,9,0.1111111111111111,0.7777777777777778,0.0,0.859375,0.140625,10,1,0.0,0.6701030927835052
has,3,0.0,1.0,0.0,0.3835616438356164,0.6164383561643836,13,1,0.4020618556701031,0.24742268041237114
been,4,0.0,1.0,0.0,0.3835616438356164,0.6164383561643836,13,1,0.4020618556701031,0.24742268041237114
observed,8,0.0,1.0,0.0,0.3835616438356164,0.6164383561643836,13,1,0.4020618556701031,0.24742268041237114
by,2,0.0,1.0,0.0,0.3835616438356164,0.6164383561643836,13,1,0.4020618556701031,0.24742268041237114
Opitom,6,0.16666666666666666,0.8333333333333334,0.0,0.3835616438356164,0.6164383561643836,13,1,0.4020618556701031,0.24742268041237114
et,2,0.0,1.0,0.0,0.3835616438356164,0.6164383561643836,13,1,0.4020618556701031,0.24742268041237114
al.,3,0.0,0.6666666666666666,0.0,0.3835616438356164,0.6164383561643836,13,1,0.4020618556701031,0.24742268041237114
"(2019),",7,0.0,0.0,0.5714285714285714,0.3835616438356164,0.6164383561643836,13,1,0.4020618556701031,0.24742268041237114
Lin,3,0.3333333333333333,0.6666666666666666,0.0,0.3835616438356164,0.6164383561643836,13,1,0.4020618556701031,0.24742268041237114
et,2,0.0,1.0,0.0,0.3835616438356164,0.6164383561643836,13,1,0.4020618556701031,0.24742268041237114
al.,3,0.0,0.6666666666666666,0.0,0.3835616438356164,0.6164383561643836,13,1,0.4020618556701031,0.24742268041237114
"(2020),",7,0.0,0.0,0.5714285714285714,0.3835616438356164,0.6164383561643836,13,1,0.4020618556701031,0.24742268041237114
Kareta,6,0.16666666666666666,0.8333333333333334,0.0,0.3835616438356164,0.6164383561643836,13,1,0.4020618556701031,0.24742268041237114
et,2,0.0,1.0,0.0,0.38095238095238093,0.6190476190476191,14,1,0.4020618556701031,0.24226804123711343
al.,3,0.0,0.6666666666666666,0.0,0.38095238095238093,0.6190476190476191,14,1,0.4020618556701031,0.24226804123711343
"(2020),",7,0.0,0.0,0.5714285714285714,0.38095238095238093,0.6190476190476191,14,1,0.4020618556701031,0.24226804123711343
de,2,0.0,1.0,0.0,0.38095238095238093,0.6190476190476191,14,1,0.4020618556701031,0.24226804123711343
León,4,0.25,0.75,0.0,0.38095238095238093,0.6190476190476191,14,1,0.4020618556701031,0.24226804123711343
et,2,0.0,1.0,0.0,0.38095238095238093,0.6190476190476191,14,1,0.4020618556701031,0.24226804123711343
al.,3,0.0,0.6666666666666666,0.0,0.38095238095238093,0.6190476190476191,14,1,0.4020618556701031,0.24226804123711343
(2020),6,0.0,0.0,0.6666666666666666,0.38095238095238093,0.6190476190476191,14,1,0.4020618556701031,0.24226804123711343
and,3,0.0,1.0,0.0,0.38095238095238093,0.6190476190476191,14,1,0.4020618556701031,0.24226804123711343
Bannister,9,0.1111111111111111,0.8888888888888888,0.0,0.38095238095238093,0.6190476190476191,14,1,0.4020618556701031,0.24226804123711343
et,2,0.0,1.0,0.0,0.38095238095238093,0.6190476190476191,14,1,0.4020618556701031,0.24226804123711343
al.,3,0.0,0.6666666666666666,0.0,0.38095238095238093,0.6190476190476191,14,1,0.4020618556701031,0.24226804123711343
(2020).,7,0.0,0.0,0.5714285714285714,0.38095238095238093,0.6190476190476191,14,1,0.4020618556701031,0.24226804123711343
The,3,0.3333333333333333,0.6666666666666666,0.0,0.38095238095238093,0.6190476190476191,14,1,0.4020618556701031,0.24226804123711343
2,1,0.0,0.0,1.0,0.95,0.050000000000000044,2,2,0.0,0.7938144329896908
https://ssd.jpl.nasa.gov/horizons.cgi,37,0.0,0.7837837837837838,0.0,0.95,0.050000000000000044,2,2,0.0,0.7938144329896908
3,1,0.0,0.0,1.0,0.8181818181818182,0.18181818181818177,14,2,0.0,0.6030927835051547
The,3,0.3333333333333333,0.6666666666666666,0.0,0.8181818181818182,0.18181818181818177,14,2,0.0,0.6030927835051547
full,4,0.0,1.0,0.0,0.8181818181818182,0.18181818181818177,14,2,0.0,0.6030927835051547
list,4,0.0,1.0,0.0,0.8181818181818182,0.18181818181818177,14,2,0.0,0.6030927835051547
of,2,0.0,1.0,0.0,0.8181818181818182,0.18181818181818177,14,2,0.0,0.6030927835051547
spectroscopic,13,0.0,1.0,0.0,0.8181818181818182,0.18181818181818177,14,2,0.0,0.6030927835051547
standards,9,0.0,1.0,0.0,0.8181818181818182,0.18181818181818177,14,2,0.0,0.6030927835051547
available,9,0.0,1.0,0.0,0.8181818181818182,0.18181818181818177,14,2,0.0,0.6030927835051547
in,2,0.0,1.0,0.0,0.8181818181818182,0.18181818181818177,14,2,0.0,0.6030927835051547
IRAF,4,1.0,0.0,0.0,0.8181818181818182,0.18181818181818177,14,2,0.0,0.6030927835051547
can,3,0.0,1.0,0.0,0.8181818181818182,0.18181818181818177,14,2,0.0,0.6030927835051547
be,2,0.0,1.0,0.0,0.8181818181818182,0.18181818181818177,14,2,0.0,0.6030927835051547
found,5,0.0,1.0,0.0,0.8181818181818182,0.18181818181818177,14,2,0.0,0.6030927835051547
in,2,0.0,1.0,0.0,0.8181818181818182,0.18181818181818177,14,2,0.0,0.6030927835051547
http://stsdas.stsci.edu/cgi-bin/gethelp.cgi?onedstds,52,0.0,0.8076923076923077,0.0,0.7723577235772358,0.22764227642276424,3,15,0.0,0.365979381443299
4,1,0.0,0.0,1.0,0.7723577235772358,0.22764227642276424,3,15,0.0,0.365979381443299
http://www.astro.yale.edu/dokkum/lacosmic/,42,0.0,0.7857142857142857,0.0,0.7723577235772358,0.22764227642276424,3,15,0.0,0.365979381443299
MNRAS,5,1.0,0.0,0.0,0.8636363636363636,0.13636363636363635,4,1,0.0,0.8865979381443299
"000,",4,0.0,0.0,0.75,0.8636363636363636,0.13636363636363635,4,1,0.0,0.8865979381443299
1–10,4,0.0,0.0,0.75,0.8636363636363636,0.13636363636363635,4,1,0.0,0.8865979381443299
(2021),6,0.0,0.0,0.6666666666666666,0.8636363636363636,0.13636363636363635,4,1,0.0,0.8865979381443299
avr_spaces,10,0.0,0.9,0.0,1.0,0.0,1,1,0.09941089837997054,0.9484536082474226
Interstellar,12,0.08333333333333333,0.9166666666666666,0.0,0.1891891891891892,0.8108108108108107,4,9,0.5257731958762887,0.23711340206185572
comet,5,0.0,1.0,0.0,0.1891891891891892,0.8108108108108107,4,9,0.5257731958762887,0.23711340206185572
2I/Borisov,10,0.2,0.6,0.1,0.1891891891891892,0.8108108108108107,4,9,0.5257731958762887,0.23711340206185572
3,1,0.0,0.0,1.0,0.1891891891891892,0.8108108108108107,4,9,0.5257731958762887,0.23711340206185572
Figure,6,0.16666666666666666,0.8333333333333334,0.0,0.8445945945945946,0.15540540540540537,24,1,0.0,0.23711340206185572
1.,2,0.0,0.0,0.5,0.8445945945945946,0.15540540540540537,24,1,0.0,0.23711340206185572
Optical,7,0.14285714285714285,0.8571428571428571,0.0,0.8445945945945946,0.15540540540540537,24,1,0.0,0.23711340206185572
spectrum,8,0.0,1.0,0.0,0.8445945945945946,0.15540540540540537,24,1,0.0,0.23711340206185572
of,2,0.0,1.0,0.0,0.8445945945945946,0.15540540540540537,24,1,0.0,0.23711340206185572
2I/Borisov,10,0.2,0.6,0.1,0.8445945945945946,0.15540540540540537,24,1,0.0,0.23711340206185572
observed,8,0.0,1.0,0.0,0.8445945945945946,0.15540540540540537,24,1,0.0,0.23711340206185572
with,4,0.0,1.0,0.0,0.8445945945945946,0.15540540540540537,24,1,0.0,0.23711340206185572
the,3,0.0,1.0,0.0,0.8445945945945946,0.15540540540540537,24,1,0.0,0.23711340206185572
HFOSC,5,1.0,0.0,0.0,0.8445945945945946,0.15540540540540537,24,1,0.0,0.23711340206185572
instrument,10,0.0,1.0,0.0,0.8445945945945946,0.15540540540540537,24,1,0.0,0.23711340206185572
on,2,0.0,1.0,0.0,0.8445945945945946,0.15540540540540537,24,1,0.0,0.23711340206185572
HCT,3,1.0,0.0,0.0,0.8445945945945946,0.15540540540540537,24,1,0.0,0.23711340206185572
on,2,0.0,1.0,0.0,0.8445945945945946,0.15540540540540537,24,1,0.0,0.23711340206185572
2019-12-22.96,13,0.0,0.0,0.7692307692307693,0.8445945945945946,0.15540540540540537,24,1,0.0,0.23711340206185572
UT.,3,0.6666666666666666,0.0,0.0,0.8445945945945946,0.15540540540540537,24,1,0.0,0.23711340206185572
Inset,5,0.2,0.8,0.0,0.8445945945945946,0.15540540540540537,24,1,0.0,0.23711340206185572
shows,5,0.0,1.0,0.0,0.8445945945945946,0.15540540540540537,24,1,0.0,0.23711340206185572
the,3,0.0,1.0,0.0,0.8445945945945946,0.15540540540540537,24,1,0.0,0.23711340206185572
RGB,3,1.0,0.0,0.0,0.8445945945945946,0.15540540540540537,24,1,0.0,0.23711340206185572
colour,6,0.0,1.0,0.0,0.8445945945945946,0.15540540540540537,24,1,0.0,0.23711340206185572
composite,9,0.0,1.0,0.0,0.8445945945945946,0.15540540540540537,24,1,0.0,0.23711340206185572
view,4,0.0,1.0,0.0,0.8445945945945946,0.15540540540540537,24,1,0.0,0.23711340206185572
of,2,0.0,1.0,0.0,0.8445945945945946,0.15540540540540537,24,1,0.0,0.23711340206185572
the,3,0.0,1.0,0.0,0.8275862068965517,0.1724137931034483,11,1,0.0,0.7010309278350515
comet,5,0.0,1.0,0.0,0.8275862068965517,0.1724137931034483,11,1,0.0,0.7010309278350515
on,2,0.0,1.0,0.0,0.8275862068965517,0.1724137931034483,11,1,0.0,0.7010309278350515
the,3,0.0,1.0,0.0,0.8275862068965517,0.1724137931034483,11,1,0.0,0.7010309278350515
same,4,0.0,1.0,0.0,0.8275862068965517,0.1724137931034483,11,1,0.0,0.7010309278350515
night,5,0.0,1.0,0.0,0.8275862068965517,0.1724137931034483,11,1,0.0,0.7010309278350515
using,5,0.0,1.0,0.0,0.8275862068965517,0.1724137931034483,11,1,0.0,0.7010309278350515
images,6,0.0,1.0,0.0,0.8275862068965517,0.1724137931034483,11,1,0.0,0.7010309278350515
taken,5,0.0,1.0,0.0,0.8275862068965517,0.1724137931034483,11,1,0.0,0.7010309278350515
with,4,0.0,1.0,0.0,0.8275862068965517,0.1724137931034483,11,1,0.0,0.7010309278350515
HFOSC.,6,0.8333333333333334,0.0,0.0,0.8275862068965517,0.1724137931034483,11,1,0.0,0.7010309278350515
Table,5,0.2,0.8,0.0,0.8846153846153846,0.11538461538461542,4,1,0.0,0.865979381443299
1.,2,0.0,0.0,0.5,0.8846153846153846,0.11538461538461542,4,1,0.0,0.865979381443299
Observational,13,0.07692307692307693,0.9230769230769231,0.0,0.8846153846153846,0.11538461538461542,4,1,0.0,0.865979381443299
Log,3,0.3333333333333333,0.6666666666666666,0.0,0.8846153846153846,0.11538461538461542,4,1,0.0,0.865979381443299
Telescope,9,0.1111111111111111,0.8888888888888888,0.0,0.4152542372881356,0.5847457627118644,6,11,0.23195876288659795,0.3917525773195877
Heliocentric,12,0.08333333333333333,0.9166666666666666,0.0,0.4152542372881356,0.5847457627118644,6,11,0.23195876288659795,0.3917525773195877
Geocentric,10,0.1,0.9,0.0,0.4152542372881356,0.5847457627118644,6,11,0.23195876288659795,0.3917525773195877
Distance,8,0.125,0.875,0.0,0.4152542372881356,0.5847457627118644,6,11,0.23195876288659795,0.3917525773195877
scale,5,0.0,1.0,0.0,0.4152542372881356,0.5847457627118644,6,11,0.23195876288659795,0.3917525773195877
Phase,5,0.2,0.8,0.0,0.4152542372881356,0.5847457627118644,6,11,0.23195876288659795,0.3917525773195877
Date,4,0.25,0.75,0.0,0.5,0.5,12,18,0.1134020618556701,0.3298969072164949
Time,4,0.25,0.75,0.0,0.5,0.5,12,18,0.1134020618556701,0.3298969072164949
Facility,8,0.125,0.875,0.0,0.5,0.5,12,18,0.1134020618556701,0.3298969072164949
Distance,8,0.125,0.875,0.0,0.5,0.5,12,18,0.1134020618556701,0.3298969072164949
(rH,3,0.3333333333333333,0.3333333333333333,0.0,0.5,0.5,12,18,0.1134020618556701,0.3298969072164949
),1,0.0,0.0,0.0,0.5,0.5,12,18,0.1134020618556701,0.3298969072164949
Distance,8,0.125,0.875,0.0,0.5,0.5,12,18,0.1134020618556701,0.3298969072164949
(∆),3,0.0,0.0,0.0,0.5,0.5,12,18,0.1134020618556701,0.3298969072164949
at,2,0.0,1.0,0.0,0.5,0.5,12,18,0.1134020618556701,0.3298969072164949
photo-centre,12,0.0,0.9166666666666666,0.0,0.5,0.5,12,18,0.1134020618556701,0.3298969072164949
angle,5,0.0,1.0,0.0,0.5,0.5,12,18,0.1134020618556701,0.3298969072164949
Airmass,7,0.14285714285714285,0.8571428571428571,0.0,0.5,0.5,12,18,0.1134020618556701,0.3298969072164949
[UT],4,0.5,0.0,0.0,0.2773109243697479,0.7226890756302521,7,31,0.1134020618556701,0.38659793814432986
[UT],4,0.5,0.0,0.0,0.2773109243697479,0.7226890756302521,7,31,0.1134020618556701,0.38659793814432986
[AU],4,0.5,0.0,0.0,0.2773109243697479,0.7226890756302521,7,31,0.1134020618556701,0.38659793814432986
[AU],4,0.5,0.0,0.0,0.2773109243697479,0.7226890756302521,7,31,0.1134020618556701,0.38659793814432986
[Km/arcsecond],14,0.07142857142857142,0.7142857142857143,0.0,0.2773109243697479,0.7226890756302521,7,31,0.1134020618556701,0.38659793814432986
[◦,2,0.0,0.0,0.0,0.2773109243697479,0.7226890756302521,7,31,0.1134020618556701,0.38659793814432986
],1,0.0,0.0,0.0,0.2773109243697479,0.7226890756302521,7,31,0.1134020618556701,0.38659793814432986
30/11/2019,10,0.0,0.0,0.8,0.3106060606060606,0.6893939393939394,8,36,0.0979381443298969,0.31958762886597936
23.04,5,0.0,0.0,0.8,0.3106060606060606,0.6893939393939394,8,36,0.0979381443298969,0.31958762886597936
HCT,3,1.0,0.0,0.0,0.3106060606060606,0.6893939393939394,8,36,0.0979381443298969,0.31958762886597936
2.013,5,0.0,0.0,0.8,0.3106060606060606,0.6893939393939394,8,36,0.0979381443298969,0.31958762886597936
2.049,5,0.0,0.0,0.8,0.3106060606060606,0.6893939393939394,8,36,0.0979381443298969,0.31958762886597936
1486,4,0.0,0.0,1.0,0.3106060606060606,0.6893939393939394,8,36,0.0979381443298969,0.31958762886597936
28.08,5,0.0,0.0,0.8,0.3106060606060606,0.6893939393939394,8,36,0.0979381443298969,0.31958762886597936
1.83,4,0.0,0.0,0.75,0.3106060606060606,0.6893939393939394,8,36,0.0979381443298969,0.31958762886597936
22/12/2019,10,0.0,0.0,0.8,0.29545454545454547,0.7045454545454546,8,36,0.0979381443298969,0.31958762886597936
23.16,5,0.0,0.0,0.8,0.29545454545454547,0.7045454545454546,8,36,0.0979381443298969,0.31958762886597936
HCT,3,1.0,0.0,0.0,0.29545454545454547,0.7045454545454546,8,36,0.0979381443298969,0.31958762886597936
2.031,5,0.0,0.0,0.8,0.29545454545454547,0.7045454545454546,8,36,0.0979381443298969,0.31958762886597936
1.94,4,0.0,0.0,0.75,0.29545454545454547,0.7045454545454546,8,36,0.0979381443298969,0.31958762886597936
1407,4,0.0,0.0,1.0,0.29545454545454547,0.7045454545454546,8,36,0.0979381443298969,0.31958762886597936
28.56,5,0.0,0.0,0.8,0.29545454545454547,0.7045454545454546,8,36,0.0979381443298969,0.31958762886597936
2.6,3,0.0,0.0,0.6666666666666666,0.29545454545454547,0.7045454545454546,8,36,0.0979381443298969,0.31958762886597936
24/12/2019,10,0.0,0.0,0.8,0.3106060606060606,0.6893939393939394,8,36,0.0979381443298969,0.31958762886597936
22.25,5,0.0,0.0,0.8,0.3106060606060606,0.6893939393939394,8,36,0.0979381443298969,0.31958762886597936
MIRO,4,1.0,0.0,0.0,0.3106060606060606,0.6893939393939394,8,36,0.0979381443298969,0.31958762886597936
2.039,5,0.0,0.0,0.8,0.3106060606060606,0.6893939393939394,8,36,0.0979381443298969,0.31958762886597936
1.938,5,0.0,0.0,0.8,0.3106060606060606,0.6893939393939394,8,36,0.0979381443298969,0.31958762886597936
1406,4,0.0,0.0,1.0,0.3106060606060606,0.6893939393939394,8,36,0.0979381443298969,0.31958762886597936
28.5,4,0.0,0.0,0.75,0.3106060606060606,0.6893939393939394,8,36,0.0979381443298969,0.31958762886597936
1.96,4,0.0,0.0,0.75,0.3106060606060606,0.6893939393939394,8,36,0.0979381443298969,0.31958762886597936
25/12/2019,10,0.0,0.0,0.8,0.3181818181818182,0.6818181818181819,8,36,0.0979381443298969,0.31958762886597936
21.62,5,0.0,0.0,0.8,0.3181818181818182,0.6818181818181819,8,36,0.0979381443298969,0.31958762886597936
MIRO,4,1.0,0.0,0.0,0.3181818181818182,0.6818181818181819,8,36,0.0979381443298969,0.31958762886597936
2.043,5,0.0,0.0,0.8,0.3181818181818182,0.6818181818181819,8,36,0.0979381443298969,0.31958762886597936
1.937,5,0.0,0.0,0.8,0.3181818181818182,0.6818181818181819,8,36,0.0979381443298969,0.31958762886597936
1405,4,0.0,0.0,1.0,0.3181818181818182,0.6818181818181819,8,36,0.0979381443298969,0.31958762886597936
28.45,5,0.0,0.0,0.8,0.3181818181818182,0.6818181818181819,8,36,0.0979381443298969,0.31958762886597936
2.23,4,0.0,0.0,0.75,0.3181818181818182,0.6818181818181819,8,36,0.0979381443298969,0.31958762886597936
27/12/2019,10,0.0,0.0,0.8,0.30303030303030304,0.696969696969697,8,36,0.0979381443298969,0.31958762886597936
21.84,5,0.0,0.0,0.8,0.30303030303030304,0.696969696969697,8,36,0.0979381443298969,0.31958762886597936
MIRO,4,1.0,0.0,0.0,0.30303030303030304,0.696969696969697,8,36,0.0979381443298969,0.31958762886597936
2.05,4,0.0,0.0,0.75,0.30303030303030304,0.696969696969697,8,36,0.0979381443298969,0.31958762886597936
1.936,5,0.0,0.0,0.8,0.30303030303030304,0.696969696969697,8,36,0.0979381443298969,0.31958762886597936
1404,4,0.0,0.0,1.0,0.30303030303030304,0.696969696969697,8,36,0.0979381443298969,0.31958762886597936
28.36,5,0.0,0.0,0.8,0.30303030303030304,0.696969696969697,8,36,0.0979381443298969,0.31958762886597936
2.1,3,0.0,0.0,0.6666666666666666,0.30303030303030304,0.696969696969697,8,36,0.0979381443298969,0.31958762886597936
inset,5,0.0,1.0,0.0,0.7586206896551724,0.24137931034482762,22,8,0.0,0.25257731958762886
image,5,0.0,1.0,0.0,0.7586206896551724,0.24137931034482762,22,8,0.0,0.25257731958762886
represents,10,0.0,1.0,0.0,0.7586206896551724,0.24137931034482762,22,8,0.0,0.25257731958762886
the,3,0.0,1.0,0.0,0.7586206896551724,0.24137931034482762,22,8,0.0,0.25257731958762886
RGB,3,1.0,0.0,0.0,0.7586206896551724,0.24137931034482762,22,8,0.0,0.25257731958762886
view,4,0.0,1.0,0.0,0.7586206896551724,0.24137931034482762,22,8,0.0,0.25257731958762886
of,2,0.0,1.0,0.0,0.7586206896551724,0.24137931034482762,22,8,0.0,0.25257731958762886
the,3,0.0,1.0,0.0,0.7586206896551724,0.24137931034482762,22,8,0.0,0.25257731958762886
comet,5,0.0,1.0,0.0,0.7586206896551724,0.24137931034482762,22,8,0.0,0.25257731958762886
using,5,0.0,1.0,0.0,0.7586206896551724,0.24137931034482762,22,8,0.0,0.25257731958762886
the,3,0.0,1.0,0.0,0.7586206896551724,0.24137931034482762,22,8,0.0,0.25257731958762886
same,4,0.0,1.0,0.0,0.7586206896551724,0.24137931034482762,22,8,0.0,0.25257731958762886
the,3,0.0,1.0,0.0,0.7586206896551724,0.24137931034482762,22,8,0.0,0.25257731958762886
epochs,6,0.0,1.0,0.0,0.7586206896551724,0.24137931034482762,22,8,0.0,0.25257731958762886
were,4,0.0,1.0,0.0,0.7586206896551724,0.24137931034482762,22,8,0.0,0.25257731958762886
obtained,8,0.0,1.0,0.0,0.7586206896551724,0.24137931034482762,22,8,0.0,0.25257731958762886
from,4,0.0,1.0,0.0,0.7586206896551724,0.24137931034482762,22,8,0.0,0.25257731958762886
Schleicher’s,12,0.08333333333333333,0.8333333333333334,0.0,0.7586206896551724,0.24137931034482762,22,8,0.0,0.25257731958762886
website5,8,0.0,0.875,0.125,0.7586206896551724,0.24137931034482762,22,8,0.0,0.25257731958762886
for,3,0.0,1.0,0.0,0.7586206896551724,0.24137931034482762,22,8,0.0,0.25257731958762886
an,2,0.0,1.0,0.0,0.7586206896551724,0.24137931034482762,22,8,0.0,0.25257731958762886
aperture,8,0.0,1.0,0.0,0.7586206896551724,0.24137931034482762,22,8,0.0,0.25257731958762886
instrument.,11,0.0,0.9090909090909091,0.0,0.4726027397260274,0.5273972602739726,12,34,0.0,0.24742268041237114
radius,6,0.0,1.0,0.0,0.4726027397260274,0.5273972602739726,12,34,0.0,0.24742268041237114
of,2,0.0,1.0,0.0,0.4726027397260274,0.5273972602739726,12,34,0.0,0.24742268041237114
8.8800,6,0.0,0.0,0.8333333333333334,0.4726027397260274,0.5273972602739726,12,34,0.0,0.24742268041237114
(corresponding,14,0.0,0.9285714285714286,0.0,0.4726027397260274,0.5273972602739726,12,34,0.0,0.24742268041237114
to,2,0.0,1.0,0.0,0.4726027397260274,0.5273972602739726,12,34,0.0,0.24742268041237114
30,2,0.0,0.0,1.0,0.4726027397260274,0.5273972602739726,12,34,0.0,0.24742268041237114
"pixel,",6,0.0,0.8333333333333334,0.0,0.4726027397260274,0.5273972602739726,12,34,0.0,0.24742268041237114
half,4,0.0,1.0,0.0,0.4726027397260274,0.5273972602739726,12,34,0.0,0.24742268041237114
the,3,0.0,1.0,0.0,0.4726027397260274,0.5273972602739726,12,34,0.0,0.24742268041237114
total,5,0.0,1.0,0.0,0.4726027397260274,0.5273972602739726,12,34,0.0,0.24742268041237114
aperture,8,0.0,1.0,0.0,0.4726027397260274,0.5273972602739726,12,34,0.0,0.24742268041237114
The,3,0.3333333333333333,0.6666666666666666,0.0,0.7482993197278912,0.2517006802721088,22,9,0.0,0.24226804123711343
area,4,0.0,1.0,0.0,0.7482993197278912,0.2517006802721088,22,9,0.0,0.24226804123711343
under,5,0.0,1.0,0.0,0.7482993197278912,0.2517006802721088,22,9,0.0,0.24226804123711343
the,3,0.0,1.0,0.0,0.7482993197278912,0.2517006802721088,22,9,0.0,0.24226804123711343
curve,5,0.0,1.0,0.0,0.7482993197278912,0.2517006802721088,22,9,0.0,0.24226804123711343
within,6,0.0,1.0,0.0,0.7482993197278912,0.2517006802721088,22,9,0.0,0.24226804123711343
the,3,0.0,1.0,0.0,0.7482993197278912,0.2517006802721088,22,9,0.0,0.24226804123711343
wavelength,10,0.0,1.0,0.0,0.7482993197278912,0.2517006802721088,22,9,0.0,0.24226804123711343
range,5,0.0,1.0,0.0,0.7482993197278912,0.2517006802721088,22,9,0.0,0.24226804123711343
covering,8,0.0,1.0,0.0,0.7482993197278912,0.2517006802721088,22,9,0.0,0.24226804123711343
used).,6,0.0,0.6666666666666666,0.0,0.7482993197278912,0.2517006802721088,22,9,0.0,0.24226804123711343
Since,5,0.2,0.8,0.0,0.7482993197278912,0.2517006802721088,22,9,0.0,0.24226804123711343
the,3,0.0,1.0,0.0,0.7482993197278912,0.2517006802721088,22,9,0.0,0.24226804123711343
Haser,5,0.2,0.8,0.0,0.7482993197278912,0.2517006802721088,22,9,0.0,0.24226804123711343
factor,6,0.0,1.0,0.0,0.7482993197278912,0.2517006802721088,22,9,0.0,0.24226804123711343
is,2,0.0,1.0,0.0,0.7482993197278912,0.2517006802721088,22,9,0.0,0.24226804123711343
derived,7,0.0,1.0,0.0,0.7482993197278912,0.2517006802721088,22,9,0.0,0.24226804123711343
for,3,0.0,1.0,0.0,0.7482993197278912,0.2517006802721088,22,9,0.0,0.24226804123711343
a,1,0.0,1.0,0.0,0.7482993197278912,0.2517006802721088,22,9,0.0,0.24226804123711343
circular,8,0.0,1.0,0.0,0.7482993197278912,0.2517006802721088,22,9,0.0,0.24226804123711343
"aperture,",9,0.0,0.8888888888888888,0.0,0.7482993197278912,0.2517006802721088,22,9,0.0,0.24226804123711343
the,3,0.0,1.0,0.0,0.7482993197278912,0.2517006802721088,22,9,0.0,0.24226804123711343
the,3,0.0,1.0,0.0,0.7583892617449665,0.24161073825503354,23,8,0.0,0.2319587628865979
full,4,0.0,1.0,0.0,0.7583892617449665,0.24161073825503354,23,8,0.0,0.2319587628865979
emission,8,0.0,1.0,0.0,0.7583892617449665,0.24161073825503354,23,8,0.0,0.2319587628865979
bands,5,0.0,1.0,0.0,0.7583892617449665,0.24161073825503354,23,8,0.0,0.2319587628865979
of,2,0.0,1.0,0.0,0.7583892617449665,0.24161073825503354,23,8,0.0,0.2319587628865979
different,9,0.0,1.0,0.0,0.7583892617449665,0.24161073825503354,23,8,0.0,0.2319587628865979
"molecules,",10,0.0,0.9,0.0,0.7583892617449665,0.24161073825503354,23,8,0.0,0.2319587628865979
as,2,0.0,1.0,0.0,0.7583892617449665,0.24161073825503354,23,8,0.0,0.2319587628865979
mentioned,9,0.0,1.0,0.0,0.7583892617449665,0.24161073825503354,23,8,0.0,0.2319587628865979
in,2,0.0,1.0,0.0,0.7583892617449665,0.24161073825503354,23,8,0.0,0.2319587628865979
obtained,8,0.0,1.0,0.0,0.7583892617449665,0.24161073825503354,23,8,0.0,0.2319587628865979
value,5,0.0,1.0,0.0,0.7583892617449665,0.24161073825503354,23,8,0.0,0.2319587628865979
was,3,0.0,1.0,0.0,0.7583892617449665,0.24161073825503354,23,8,0.0,0.2319587628865979
adjusted,8,0.0,1.0,0.0,0.7583892617449665,0.24161073825503354,23,8,0.0,0.2319587628865979
for,3,0.0,1.0,0.0,0.7583892617449665,0.24161073825503354,23,8,0.0,0.2319587628865979
our,3,0.0,1.0,0.0,0.7583892617449665,0.24161073825503354,23,8,0.0,0.2319587628865979
aperture,8,0.0,1.0,0.0,0.7583892617449665,0.24161073825503354,23,8,0.0,0.2319587628865979
area,4,0.0,1.0,0.0,0.7583892617449665,0.24161073825503354,23,8,0.0,0.2319587628865979
of,2,0.0,1.0,0.0,0.7583892617449665,0.24161073825503354,23,8,0.0,0.2319587628865979
1.9200,6,0.0,0.0,0.8333333333333334,0.7583892617449665,0.24161073825503354,23,8,0.0,0.2319587628865979
×,1,0.0,0.0,0.0,0.7583892617449665,0.24161073825503354,23,8,0.0,0.2319587628865979
17.7600,7,0.0,0.0,0.8571428571428571,0.7583892617449665,0.24161073825503354,23,8,0.0,0.2319587628865979
.,1,0.0,0.0,0.0,0.7583892617449665,0.24161073825503354,23,8,0.0,0.2319587628865979
Langland-Shula,14,0.14285714285714285,0.7857142857142857,0.0,0.7552447552447552,0.2447552447552448,23,8,0.0,0.2628865979381443
&,1,0.0,0.0,0.0,0.7552447552447552,0.2447552447552448,23,8,0.0,0.2628865979381443
Smith,5,0.2,0.8,0.0,0.7552447552447552,0.2447552447552448,23,8,0.0,0.2628865979381443
"(2011),",7,0.0,0.0,0.5714285714285714,0.7552447552447552,0.2447552447552448,23,8,0.0,0.2628865979381443
was,3,0.0,1.0,0.0,0.7552447552447552,0.2447552447552448,23,8,0.0,0.2628865979381443
used,4,0.0,1.0,0.0,0.7552447552447552,0.2447552447552448,23,8,0.0,0.2628865979381443
to,2,0.0,1.0,0.0,0.7552447552447552,0.2447552447552448,23,8,0.0,0.2628865979381443
obtain,6,0.0,1.0,0.0,0.7552447552447552,0.2447552447552448,23,8,0.0,0.2628865979381443
the,3,0.0,1.0,0.0,0.7552447552447552,0.2447552447552448,23,8,0.0,0.2628865979381443
total,5,0.0,1.0,0.0,0.7552447552447552,0.2447552447552448,23,8,0.0,0.2628865979381443
flux,4,0.0,1.0,0.0,0.7552447552447552,0.2447552447552448,23,8,0.0,0.2628865979381443
The,3,0.3333333333333333,0.6666666666666666,0.0,0.7552447552447552,0.2447552447552448,23,8,0.0,0.2628865979381443
total,5,0.0,1.0,0.0,0.7552447552447552,0.2447552447552448,23,8,0.0,0.2628865979381443
number,6,0.0,1.0,0.0,0.7552447552447552,0.2447552447552448,23,8,0.0,0.2628865979381443
of,2,0.0,1.0,0.0,0.7552447552447552,0.2447552447552448,23,8,0.0,0.2628865979381443
molecules,9,0.0,1.0,0.0,0.7552447552447552,0.2447552447552448,23,8,0.0,0.2628865979381443
was,3,0.0,1.0,0.0,0.7552447552447552,0.2447552447552448,23,8,0.0,0.2628865979381443
then,4,0.0,1.0,0.0,0.7552447552447552,0.2447552447552448,23,8,0.0,0.2628865979381443
divided,7,0.0,1.0,0.0,0.7552447552447552,0.2447552447552448,23,8,0.0,0.2628865979381443
by,2,0.0,1.0,0.0,0.7552447552447552,0.2447552447552448,23,8,0.0,0.2628865979381443
the,3,0.0,1.0,0.0,0.7552447552447552,0.2447552447552448,23,8,0.0,0.2628865979381443
lifetime,8,0.0,1.0,0.0,0.7552447552447552,0.2447552447552448,23,8,0.0,0.2628865979381443
of,2,0.0,1.0,0.0,0.7552447552447552,0.2447552447552448,23,8,0.0,0.2628865979381443
of,2,0.0,1.0,0.0,0.7724137931034483,0.22758620689655173,22,7,0.0,0.25257731958762886
the,3,0.0,1.0,0.0,0.7724137931034483,0.22758620689655173,22,7,0.0,0.25257731958762886
observed,8,0.0,1.0,0.0,0.7724137931034483,0.22758620689655173,22,7,0.0,0.25257731958762886
emissions.,10,0.0,0.9,0.0,0.7724137931034483,0.22758620689655173,22,7,0.0,0.25257731958762886
The,3,0.3333333333333333,0.6666666666666666,0.0,0.7724137931034483,0.22758620689655173,22,7,0.0,0.25257731958762886
uncertainties,13,0.0,1.0,0.0,0.7724137931034483,0.22758620689655173,22,7,0.0,0.25257731958762886
in,2,0.0,1.0,0.0,0.7724137931034483,0.22758620689655173,22,7,0.0,0.25257731958762886
the,3,0.0,1.0,0.0,0.7724137931034483,0.22758620689655173,22,7,0.0,0.25257731958762886
flux,4,0.0,1.0,0.0,0.7724137931034483,0.22758620689655173,22,7,0.0,0.25257731958762886
were,4,0.0,1.0,0.0,0.7724137931034483,0.22758620689655173,22,7,0.0,0.25257731958762886
ob-,3,0.0,0.6666666666666666,0.0,0.7724137931034483,0.22758620689655173,22,7,0.0,0.25257731958762886
the,3,0.0,1.0,0.0,0.7724137931034483,0.22758620689655173,22,7,0.0,0.25257731958762886
daughter,8,0.0,1.0,0.0,0.7724137931034483,0.22758620689655173,22,7,0.0,0.25257731958762886
molecule,8,0.0,1.0,0.0,0.7724137931034483,0.22758620689655173,22,7,0.0,0.25257731958762886
(τ),3,0.0,0.3333333333333333,0.0,0.7724137931034483,0.22758620689655173,22,7,0.0,0.25257731958762886
to,2,0.0,1.0,0.0,0.7724137931034483,0.22758620689655173,22,7,0.0,0.25257731958762886
obtain,6,0.0,1.0,0.0,0.7724137931034483,0.22758620689655173,22,7,0.0,0.25257731958762886
the,3,0.0,1.0,0.0,0.7724137931034483,0.22758620689655173,22,7,0.0,0.25257731958762886
production,10,0.0,1.0,0.0,0.7724137931034483,0.22758620689655173,22,7,0.0,0.25257731958762886
rate.,5,0.0,0.8,0.0,0.7724137931034483,0.22758620689655173,22,7,0.0,0.25257731958762886
The,3,0.3333333333333333,0.6666666666666666,0.0,0.7724137931034483,0.22758620689655173,22,7,0.0,0.25257731958762886
values,6,0.0,1.0,0.0,0.7724137931034483,0.22758620689655173,22,7,0.0,0.25257731958762886
tained,6,0.0,1.0,0.0,0.7342657342657343,0.26573426573426573,28,7,0.0,0.2628865979381443
from,4,0.0,1.0,0.0,0.7342657342657343,0.26573426573426573,28,7,0.0,0.2628865979381443
the,3,0.0,1.0,0.0,0.7342657342657343,0.26573426573426573,28,7,0.0,0.2628865979381443
noise,5,0.0,1.0,0.0,0.7342657342657343,0.26573426573426573,28,7,0.0,0.2628865979381443
in,2,0.0,1.0,0.0,0.7342657342657343,0.26573426573426573,28,7,0.0,0.2628865979381443
the,3,0.0,1.0,0.0,0.7342657342657343,0.26573426573426573,28,7,0.0,0.2628865979381443
parts,5,0.0,1.0,0.0,0.7342657342657343,0.26573426573426573,28,7,0.0,0.2628865979381443
of,2,0.0,1.0,0.0,0.7342657342657343,0.26573426573426573,28,7,0.0,0.2628865979381443
the,3,0.0,1.0,0.0,0.7342657342657343,0.26573426573426573,28,7,0.0,0.2628865979381443
spectrum,8,0.0,1.0,0.0,0.7342657342657343,0.26573426573426573,28,7,0.0,0.2628865979381443
adjacent,8,0.0,1.0,0.0,0.7342657342657343,0.26573426573426573,28,7,0.0,0.2628865979381443
to,2,0.0,1.0,0.0,0.7342657342657343,0.26573426573426573,28,7,0.0,0.2628865979381443
the,3,0.0,1.0,0.0,0.7342657342657343,0.26573426573426573,28,7,0.0,0.2628865979381443
for,3,0.0,1.0,0.0,0.7342657342657343,0.26573426573426573,28,7,0.0,0.2628865979381443
g,1,0.0,1.0,0.0,0.7342657342657343,0.26573426573426573,28,7,0.0,0.2628865979381443
and,3,0.0,1.0,0.0,0.7342657342657343,0.26573426573426573,28,7,0.0,0.2628865979381443
τ,1,0.0,1.0,0.0,0.7342657342657343,0.26573426573426573,28,7,0.0,0.2628865979381443
at,2,0.0,1.0,0.0,0.7342657342657343,0.26573426573426573,28,7,0.0,0.2628865979381443
1,1,0.0,0.0,1.0,0.7342657342657343,0.26573426573426573,28,7,0.0,0.2628865979381443
AU,2,1.0,0.0,0.0,0.7342657342657343,0.26573426573426573,28,7,0.0,0.2628865979381443
were,4,0.0,1.0,0.0,0.7342657342657343,0.26573426573426573,28,7,0.0,0.2628865979381443
taken,5,0.0,1.0,0.0,0.7342657342657343,0.26573426573426573,28,7,0.0,0.2628865979381443
from,4,0.0,1.0,0.0,0.7342657342657343,0.26573426573426573,28,7,0.0,0.2628865979381443
A’Hearn,7,0.2857142857142857,0.5714285714285714,0.0,0.7342657342657343,0.26573426573426573,28,7,0.0,0.2628865979381443
et,2,0.0,1.0,0.0,0.7342657342657343,0.26573426573426573,28,7,0.0,0.2628865979381443
al.,3,0.0,0.6666666666666666,0.0,0.7342657342657343,0.26573426573426573,28,7,0.0,0.2628865979381443
(1995).,7,0.0,0.0,0.5714285714285714,0.7342657342657343,0.26573426573426573,28,7,0.0,0.2628865979381443
Schle-,6,0.16666666666666666,0.6666666666666666,0.0,0.7342657342657343,0.26573426573426573,28,7,0.0,0.2628865979381443
emission,8,0.0,1.0,0.0,0.7702702702702703,0.22972972972972971,22,8,0.0,0.23711340206185572
bands.,6,0.0,0.8333333333333334,0.0,0.7702702702702703,0.22972972972972971,22,8,0.0,0.23711340206185572
The,3,0.3333333333333333,0.6666666666666666,0.0,0.7702702702702703,0.22972972972972971,22,8,0.0,0.23711340206185572
total,5,0.0,1.0,0.0,0.7702702702702703,0.22972972972972971,22,8,0.0,0.23711340206185572
number,6,0.0,1.0,0.0,0.7702702702702703,0.22972972972972971,22,8,0.0,0.23711340206185572
of,2,0.0,1.0,0.0,0.7702702702702703,0.22972972972972971,22,8,0.0,0.23711340206185572
molecules,9,0.0,1.0,0.0,0.7702702702702703,0.22972972972972971,22,8,0.0,0.23711340206185572
(N),3,0.3333333333333333,0.0,0.0,0.7702702702702703,0.22972972972972971,22,8,0.0,0.23711340206185572
present,7,0.0,1.0,0.0,0.7702702702702703,0.22972972972972971,22,8,0.0,0.23711340206185572
in,2,0.0,1.0,0.0,0.7702702702702703,0.22972972972972971,22,8,0.0,0.23711340206185572
the,3,0.0,1.0,0.0,0.7702702702702703,0.22972972972972971,22,8,0.0,0.23711340206185572
icher,5,0.0,1.0,0.0,0.7702702702702703,0.22972972972972971,22,8,0.0,0.23711340206185572
(2010),6,0.0,0.0,0.6666666666666666,0.7702702702702703,0.22972972972972971,22,8,0.0,0.23711340206185572
have,4,0.0,1.0,0.0,0.7702702702702703,0.22972972972972971,22,8,0.0,0.23711340206185572
tabulated,9,0.0,1.0,0.0,0.7702702702702703,0.22972972972972971,22,8,0.0,0.23711340206185572
the,3,0.0,1.0,0.0,0.7702702702702703,0.22972972972972971,22,8,0.0,0.23711340206185572
g-factor,8,0.0,0.875,0.0,0.7702702702702703,0.22972972972972971,22,8,0.0,0.23711340206185572
of,2,0.0,1.0,0.0,0.7702702702702703,0.22972972972972971,22,8,0.0,0.23711340206185572
CN,2,1.0,0.0,0.0,0.7702702702702703,0.22972972972972971,22,8,0.0,0.23711340206185572
for,3,0.0,1.0,0.0,0.7702702702702703,0.22972972972972971,22,8,0.0,0.23711340206185572
different,9,0.0,1.0,0.0,0.7702702702702703,0.22972972972972971,22,8,0.0,0.23711340206185572
heliocen-,9,0.0,0.8888888888888888,0.0,0.7702702702702703,0.22972972972972971,22,8,0.0,0.23711340206185572
aperture,8,0.0,1.0,0.0,0.6081081081081081,0.3918918918918919,16,23,0.0,0.23711340206185572
used,4,0.0,1.0,0.0,0.6081081081081081,0.3918918918918919,16,23,0.0,0.23711340206185572
was,3,0.0,1.0,0.0,0.6081081081081081,0.3918918918918919,16,23,0.0,0.23711340206185572
calculated,10,0.0,1.0,0.0,0.6081081081081081,0.3918918918918919,16,23,0.0,0.23711340206185572
using,5,0.0,1.0,0.0,0.6081081081081081,0.3918918918918919,16,23,0.0,0.23711340206185572
tric,4,0.0,1.0,0.0,0.6081081081081081,0.3918918918918919,16,23,0.0,0.23711340206185572
distances,9,0.0,1.0,0.0,0.6081081081081081,0.3918918918918919,16,23,0.0,0.23711340206185572
and,3,0.0,1.0,0.0,0.6081081081081081,0.3918918918918919,16,23,0.0,0.23711340206185572
"velocities,",11,0.0,0.9090909090909091,0.0,0.6081081081081081,0.3918918918918919,16,23,0.0,0.23711340206185572
which,5,0.0,1.0,0.0,0.6081081081081081,0.3918918918918919,16,23,0.0,0.23711340206185572
we,2,0.0,1.0,0.0,0.6081081081081081,0.3918918918918919,16,23,0.0,0.23711340206185572
have,4,0.0,1.0,0.0,0.6081081081081081,0.3918918918918919,16,23,0.0,0.23711340206185572
used,4,0.0,1.0,0.0,0.6081081081081081,0.3918918918918919,16,23,0.0,0.23711340206185572
in,2,0.0,1.0,0.0,0.6081081081081081,0.3918918918918919,16,23,0.0,0.23711340206185572
our,3,0.0,1.0,0.0,0.6081081081081081,0.3918918918918919,16,23,0.0,0.23711340206185572
calculations.,13,0.0,0.9230769230769231,0.0,0.6081081081081081,0.3918918918918919,16,23,0.0,0.23711340206185572
The,3,0.3333333333333333,0.6666666666666666,0.0,0.3972602739726027,0.6027397260273972,11,1,0.4020618556701031,0.24742268041237114
scale,5,0.0,1.0,0.0,0.3972602739726027,0.6027397260273972,11,1,0.4020618556701031,0.24742268041237114
lengths,7,0.0,1.0,0.0,0.3972602739726027,0.6027397260273972,11,1,0.4020618556701031,0.24742268041237114
were,4,0.0,1.0,0.0,0.3972602739726027,0.6027397260273972,11,1,0.4020618556701031,0.24742268041237114
scaled,6,0.0,1.0,0.0,0.3972602739726027,0.6027397260273972,11,1,0.4020618556701031,0.24742268041237114
by,2,0.0,1.0,0.0,0.3972602739726027,0.6027397260273972,11,1,0.4020618556701031,0.24742268041237114
rh2,3,0.0,0.6666666666666666,0.3333333333333333,0.3972602739726027,0.6027397260273972,11,1,0.4020618556701031,0.24742268041237114
and,3,0.0,1.0,0.0,0.3972602739726027,0.6027397260273972,11,1,0.4020618556701031,0.24742268041237114
the,3,0.0,1.0,0.0,0.3972602739726027,0.6027397260273972,11,1,0.4020618556701031,0.24742268041237114
fluorescence,12,0.0,1.0,0.0,0.3972602739726027,0.6027397260273972,11,1,0.4020618556701031,0.24742268041237114
efficiency,10,0.0,1.0,0.0,0.3972602739726027,0.6027397260273972,11,1,0.4020618556701031,0.24742268041237114
of,2,0.0,1.0,0.0,0.3959731543624161,0.6040268456375839,13,1,0.4020618556701031,0.2319587628865979
other,5,0.0,1.0,0.0,0.3959731543624161,0.6040268456375839,13,1,0.4020618556701031,0.2319587628865979
molecules,9,0.0,1.0,0.0,0.3959731543624161,0.6040268456375839,13,1,0.4020618556701031,0.2319587628865979
by,2,0.0,1.0,0.0,0.3959731543624161,0.6040268456375839,13,1,0.4020618556701031,0.2319587628865979
rh−2,4,0.0,0.5,0.25,0.3959731543624161,0.6040268456375839,13,1,0.4020618556701031,0.2319587628865979
in,2,0.0,1.0,0.0,0.3959731543624161,0.6040268456375839,13,1,0.4020618556701031,0.2319587628865979
order,5,0.0,1.0,0.0,0.3959731543624161,0.6040268456375839,13,1,0.4020618556701031,0.2319587628865979
to,2,0.0,1.0,0.0,0.3959731543624161,0.6040268456375839,13,1,0.4020618556701031,0.2319587628865979
obtain,6,0.0,1.0,0.0,0.3959731543624161,0.6040268456375839,13,1,0.4020618556701031,0.2319587628865979
the,3,0.0,1.0,0.0,0.3959731543624161,0.6040268456375839,13,1,0.4020618556701031,0.2319587628865979
appropriate,11,0.0,1.0,0.0,0.3959731543624161,0.6040268456375839,13,1,0.4020618556701031,0.2319587628865979
values,6,0.0,1.0,0.0,0.3959731543624161,0.6040268456375839,13,1,0.4020618556701031,0.2319587628865979
to,2,0.0,1.0,0.0,0.3959731543624161,0.6040268456375839,13,1,0.4020618556701031,0.2319587628865979
be,2,0.0,1.0,0.0,0.362962962962963,0.6370370370370371,9,1,0.4020618556701031,0.3041237113402062
used,4,0.0,1.0,0.0,0.362962962962963,0.6370370370370371,9,1,0.4020618556701031,0.3041237113402062
at,2,0.0,1.0,0.0,0.362962962962963,0.6370370370370371,9,1,0.4020618556701031,0.3041237113402062
the,3,0.0,1.0,0.0,0.362962962962963,0.6370370370370371,9,1,0.4020618556701031,0.3041237113402062
corresponding,13,0.0,1.0,0.0,0.362962962962963,0.6370370370370371,9,1,0.4020618556701031,0.3041237113402062
heliocentric,12,0.0,1.0,0.0,0.362962962962963,0.6370370370370371,9,1,0.4020618556701031,0.3041237113402062
distance,8,0.0,1.0,0.0,0.362962962962963,0.6370370370370371,9,1,0.4020618556701031,0.3041237113402062
(rh,3,0.0,0.6666666666666666,0.0,0.362962962962963,0.6370370370370371,9,1,0.4020618556701031,0.3041237113402062
).,2,0.0,0.0,0.0,0.362962962962963,0.6370370370370371,9,1,0.4020618556701031,0.3041237113402062
4π∆2,4,0.0,0.25,0.5,0.4,0.6,1,1,0.030927835051546393,0.9484536082474226
N=,2,0.5,0.0,0.0,0.10810810810810811,0.8918918918918919,4,33,0.0,0.6185567010309279
×,1,0.0,0.0,0.0,0.10810810810810811,0.8918918918918919,4,33,0.0,0.6185567010309279
"F,",2,0.5,0.0,0.0,0.10810810810810811,0.8918918918918919,4,33,0.0,0.6185567010309279
(1),3,0.0,0.0,0.3333333333333333,0.10810810810810811,0.8918918918918919,4,33,0.0,0.6185567010309279
g,1,0.0,1.0,0.0,0.1111111111111111,0.8888888888888888,1,1,0.041237113402061855,0.9536082474226804
3.2,3,0.0,0.0,0.6666666666666666,0.11235955056179775,0.8876404494382022,2,1,0.4020618556701031,0.5412371134020619
Imaging,7,0.14285714285714285,0.8571428571428571,0.0,0.11235955056179775,0.8876404494382022,2,1,0.4020618556701031,0.5412371134020619
where,5,0.0,1.0,0.0,0.782312925170068,0.217687074829932,24,6,0.0,0.24226804123711343
g,1,0.0,1.0,0.0,0.782312925170068,0.217687074829932,24,6,0.0,0.24226804123711343
is,2,0.0,1.0,0.0,0.782312925170068,0.217687074829932,24,6,0.0,0.24226804123711343
the,3,0.0,1.0,0.0,0.782312925170068,0.217687074829932,24,6,0.0,0.24226804123711343
fluorescence,12,0.0,1.0,0.0,0.782312925170068,0.217687074829932,24,6,0.0,0.24226804123711343
"efficiency,",11,0.0,0.9090909090909091,0.0,0.782312925170068,0.217687074829932,24,6,0.0,0.24226804123711343
∆,1,0.0,0.0,0.0,0.782312925170068,0.217687074829932,24,6,0.0,0.24226804123711343
is,2,0.0,1.0,0.0,0.782312925170068,0.217687074829932,24,6,0.0,0.24226804123711343
the,3,0.0,1.0,0.0,0.782312925170068,0.217687074829932,24,6,0.0,0.24226804123711343
geocentric,10,0.0,1.0,0.0,0.782312925170068,0.217687074829932,24,6,0.0,0.24226804123711343
distance,8,0.0,1.0,0.0,0.782312925170068,0.217687074829932,24,6,0.0,0.24226804123711343
A,1,1.0,0.0,0.0,0.782312925170068,0.217687074829932,24,6,0.0,0.24226804123711343
self,4,0.0,1.0,0.0,0.782312925170068,0.217687074829932,24,6,0.0,0.24226804123711343
scripted,8,0.0,1.0,0.0,0.782312925170068,0.217687074829932,24,6,0.0,0.24226804123711343
Python,6,0.16666666666666666,0.8333333333333334,0.0,0.782312925170068,0.217687074829932,24,6,0.0,0.24226804123711343
routine,7,0.0,1.0,0.0,0.782312925170068,0.217687074829932,24,6,0.0,0.24226804123711343
was,3,0.0,1.0,0.0,0.782312925170068,0.217687074829932,24,6,0.0,0.24226804123711343
used,4,0.0,1.0,0.0,0.782312925170068,0.217687074829932,24,6,0.0,0.24226804123711343
to,2,0.0,1.0,0.0,0.782312925170068,0.217687074829932,24,6,0.0,0.24226804123711343
perform,7,0.0,1.0,0.0,0.782312925170068,0.217687074829932,24,6,0.0,0.24226804123711343
all,3,0.0,1.0,0.0,0.782312925170068,0.217687074829932,24,6,0.0,0.24226804123711343
basic,5,0.0,1.0,0.0,0.782312925170068,0.217687074829932,24,6,0.0,0.24226804123711343
data,4,0.0,1.0,0.0,0.782312925170068,0.217687074829932,24,6,0.0,0.24226804123711343
re-,3,0.0,0.6666666666666666,0.0,0.782312925170068,0.217687074829932,24,6,0.0,0.24226804123711343
and,3,0.0,1.0,0.0,0.7931034482758621,0.2068965517241379,22,6,0.0,0.25257731958762886
F,1,1.0,0.0,0.0,0.7931034482758621,0.2068965517241379,22,6,0.0,0.25257731958762886
is,2,0.0,1.0,0.0,0.7931034482758621,0.2068965517241379,22,6,0.0,0.25257731958762886
the,3,0.0,1.0,0.0,0.7931034482758621,0.2068965517241379,22,6,0.0,0.25257731958762886
total,5,0.0,1.0,0.0,0.7931034482758621,0.2068965517241379,22,6,0.0,0.25257731958762886
flux,4,0.0,1.0,0.0,0.7931034482758621,0.2068965517241379,22,6,0.0,0.25257731958762886
inside,6,0.0,1.0,0.0,0.7931034482758621,0.2068965517241379,22,6,0.0,0.25257731958762886
the,3,0.0,1.0,0.0,0.7931034482758621,0.2068965517241379,22,6,0.0,0.25257731958762886
aperture,8,0.0,1.0,0.0,0.7931034482758621,0.2068965517241379,22,6,0.0,0.25257731958762886
used,4,0.0,1.0,0.0,0.7931034482758621,0.2068965517241379,22,6,0.0,0.25257731958762886
for,3,0.0,1.0,0.0,0.7931034482758621,0.2068965517241379,22,6,0.0,0.25257731958762886
extraction.,11,0.0,0.9090909090909091,0.0,0.7931034482758621,0.2068965517241379,22,6,0.0,0.25257731958762886
The,3,0.3333333333333333,0.6666666666666666,0.0,0.7931034482758621,0.2068965517241379,22,6,0.0,0.25257731958762886
duction,7,0.0,1.0,0.0,0.7931034482758621,0.2068965517241379,22,6,0.0,0.25257731958762886
techniques,10,0.0,1.0,0.0,0.7931034482758621,0.2068965517241379,22,6,0.0,0.25257731958762886
(bias,5,0.0,0.8,0.0,0.7931034482758621,0.2068965517241379,22,6,0.0,0.25257731958762886
"subtraction,",12,0.0,0.9166666666666666,0.0,0.7931034482758621,0.2068965517241379,22,6,0.0,0.25257731958762886
flat,4,0.0,1.0,0.0,0.7931034482758621,0.2068965517241379,22,6,0.0,0.25257731958762886
fielding,8,0.0,1.0,0.0,0.7931034482758621,0.2068965517241379,22,6,0.0,0.25257731958762886
and,3,0.0,1.0,0.0,0.7931034482758621,0.2068965517241379,22,6,0.0,0.25257731958762886
median,6,0.0,1.0,0.0,0.7931034482758621,0.2068965517241379,22,6,0.0,0.25257731958762886
com-,4,0.0,0.75,0.0,0.7931034482758621,0.2068965517241379,22,6,0.0,0.25257731958762886
total,5,0.0,1.0,0.0,0.8529411764705882,0.1470588235294118,11,1,0.0,0.6494845360824743
number,6,0.0,1.0,0.0,0.8529411764705882,0.1470588235294118,11,1,0.0,0.6494845360824743
of,2,0.0,1.0,0.0,0.8529411764705882,0.1470588235294118,11,1,0.0,0.6494845360824743
molecules,9,0.0,1.0,0.0,0.8529411764705882,0.1470588235294118,11,1,0.0,0.6494845360824743
present,7,0.0,1.0,0.0,0.8529411764705882,0.1470588235294118,11,1,0.0,0.6494845360824743
in,2,0.0,1.0,0.0,0.8529411764705882,0.1470588235294118,11,1,0.0,0.6494845360824743
the,3,0.0,1.0,0.0,0.8529411764705882,0.1470588235294118,11,1,0.0,0.6494845360824743
aperture,8,0.0,1.0,0.0,0.8529411764705882,0.1470588235294118,11,1,0.0,0.6494845360824743
was,3,0.0,1.0,0.0,0.8529411764705882,0.1470588235294118,11,1,0.0,0.6494845360824743
converted,9,0.0,1.0,0.0,0.8529411764705882,0.1470588235294118,11,1,0.0,0.6494845360824743
into,4,0.0,1.0,0.0,0.8529411764705882,0.1470588235294118,11,1,0.0,0.6494845360824743
the,3,0.0,1.0,0.0,0.8125,0.1875,13,1,0.0,0.6701030927835052
number,6,0.0,1.0,0.0,0.8125,0.1875,13,1,0.0,0.6701030927835052
present,7,0.0,1.0,0.0,0.8125,0.1875,13,1,0.0,0.6701030927835052
in,2,0.0,1.0,0.0,0.8125,0.1875,13,1,0.0,0.6701030927835052
the,3,0.0,1.0,0.0,0.8125,0.1875,13,1,0.0,0.6701030927835052
entire,6,0.0,1.0,0.0,0.8125,0.1875,13,1,0.0,0.6701030927835052
coma,4,0.0,1.0,0.0,0.8125,0.1875,13,1,0.0,0.6701030927835052
with,4,0.0,1.0,0.0,0.8125,0.1875,13,1,0.0,0.6701030927835052
the,3,0.0,1.0,0.0,0.8125,0.1875,13,1,0.0,0.6701030927835052
help,4,0.0,1.0,0.0,0.8125,0.1875,13,1,0.0,0.6701030927835052
of,2,0.0,1.0,0.0,0.8125,0.1875,13,1,0.0,0.6701030927835052
the,3,0.0,1.0,0.0,0.8125,0.1875,13,1,0.0,0.6701030927835052
Haser,5,0.2,0.8,0.0,0.8125,0.1875,13,1,0.0,0.6701030927835052
factor,6,0.0,1.0,0.0,0.8,0.19999999999999996,13,7,0.0,0.4072164948453608
(further,8,0.0,0.875,0.0,0.8,0.19999999999999996,13,7,0.0,0.4072164948453608
described,9,0.0,1.0,0.0,0.8,0.19999999999999996,13,7,0.0,0.4072164948453608
in,2,0.0,1.0,0.0,0.8,0.19999999999999996,13,7,0.0,0.4072164948453608
Appendix,8,0.125,0.875,0.0,0.8,0.19999999999999996,13,7,0.0,0.4072164948453608
C).,3,0.3333333333333333,0.0,0.0,0.8,0.19999999999999996,13,7,0.0,0.4072164948453608
The,3,0.3333333333333333,0.6666666666666666,0.0,0.8,0.19999999999999996,13,7,0.0,0.4072164948453608
Haser,5,0.2,0.8,0.0,0.8,0.19999999999999996,13,7,0.0,0.4072164948453608
factor,6,0.0,1.0,0.0,0.8,0.19999999999999996,13,7,0.0,0.4072164948453608
for,3,0.0,1.0,0.0,0.8,0.19999999999999996,13,7,0.0,0.4072164948453608
both,4,0.0,1.0,0.0,0.8,0.19999999999999996,13,7,0.0,0.4072164948453608
5,1,0.0,0.0,1.0,0.8,0.19999999999999996,13,7,0.0,0.4072164948453608
https://asteroid.lowell.edu/comet/,34,0.0,0.7941176470588235,0.0,0.8,0.19999999999999996,13,7,0.0,0.4072164948453608
MNRAS,5,1.0,0.0,0.0,0.1292517006802721,0.8707482993197279,4,1,0.6443298969072165,0.24226804123711343
"000,",4,0.0,0.0,0.75,0.1292517006802721,0.8707482993197279,4,1,0.6443298969072165,0.24226804123711343
1–10,4,0.0,0.0,0.75,0.1292517006802721,0.8707482993197279,4,1,0.6443298969072165,0.24226804123711343
(2021),6,0.0,0.0,0.6666666666666666,0.1292517006802721,0.8707482993197279,4,1,0.6443298969072165,0.24226804123711343
avr_spaces,10,0.0,0.9,0.0,1.0,0.0,1,1,0.1085419734904271,0.9484536082474226
4,1,0.0,0.0,1.0,0.6153846153846154,0.3846153846153846,5,4,0.0,0.865979381443299
Aravind,7,0.14285714285714285,0.8571428571428571,0.0,0.6153846153846154,0.3846153846153846,5,4,0.0,0.865979381443299
K.,2,0.5,0.0,0.0,0.6153846153846154,0.3846153846153846,5,4,0.0,0.865979381443299
et,2,0.0,1.0,0.0,0.6153846153846154,0.3846153846153846,5,4,0.0,0.865979381443299
"al.,",4,0.0,0.5,0.0,0.6153846153846154,0.3846153846153846,5,4,0.0,0.865979381443299
in,2,0.0,1.0,0.0,0.410958904109589,0.589041095890411,9,1,0.4020618556701031,0.24742268041237114
carbon,6,0.0,1.0,0.0,0.410958904109589,0.589041095890411,9,1,0.4020618556701031,0.24742268041237114
chain,5,0.0,1.0,0.0,0.410958904109589,0.589041095890411,9,1,0.4020618556701031,0.24742268041237114
"molecules,",10,0.0,0.9,0.0,0.410958904109589,0.589041095890411,9,1,0.4020618556701031,0.24742268041237114
according,9,0.0,1.0,0.0,0.410958904109589,0.589041095890411,9,1,0.4020618556701031,0.24742268041237114
to,2,0.0,1.0,0.0,0.410958904109589,0.589041095890411,9,1,0.4020618556701031,0.24742268041237114
the,3,0.0,1.0,0.0,0.410958904109589,0.589041095890411,9,1,0.4020618556701031,0.24742268041237114
classification,14,0.0,1.0,0.0,0.410958904109589,0.589041095890411,9,1,0.4020618556701031,0.24742268041237114
criterion,9,0.0,1.0,0.0,0.410958904109589,0.589041095890411,9,1,0.4020618556701031,0.24742268041237114
CN,2,1.0,0.0,0.0,0.18181818181818182,0.8181818181818181,1,1,0.04639175257731959,0.9432989690721649
defined,7,0.0,1.0,0.0,0.38620689655172413,0.6137931034482759,12,1,0.4020618556701031,0.25257731958762886
by,2,0.0,1.0,0.0,0.38620689655172413,0.6137931034482759,12,1,0.4020618556701031,0.25257731958762886
A’Hearn,7,0.2857142857142857,0.5714285714285714,0.0,0.38620689655172413,0.6137931034482759,12,1,0.4020618556701031,0.25257731958762886
et,2,0.0,1.0,0.0,0.38620689655172413,0.6137931034482759,12,1,0.4020618556701031,0.25257731958762886
al.,3,0.0,0.6666666666666666,0.0,0.38620689655172413,0.6137931034482759,12,1,0.4020618556701031,0.25257731958762886
(1995).,7,0.0,0.0,0.5714285714285714,0.38620689655172413,0.6137931034482759,12,1,0.4020618556701031,0.25257731958762886
"Also,",5,0.2,0.6,0.0,0.38620689655172413,0.6137931034482759,12,1,0.4020618556701031,0.25257731958762886
the,3,0.0,1.0,0.0,0.38620689655172413,0.6137931034482759,12,1,0.4020618556701031,0.25257731958762886
comet,5,0.0,1.0,0.0,0.38620689655172413,0.6137931034482759,12,1,0.4020618556701031,0.25257731958762886
can,3,0.0,1.0,0.0,0.38620689655172413,0.6137931034482759,12,1,0.4020618556701031,0.25257731958762886
be,2,0.0,1.0,0.0,0.38620689655172413,0.6137931034482759,12,1,0.4020618556701031,0.25257731958762886
classified,10,0.0,1.0,0.0,0.38620689655172413,0.6137931034482759,12,1,0.4020618556701031,0.25257731958762886
C3,2,0.5,0.0,0.5,0.15384615384615385,0.8461538461538461,1,1,0.05670103092783505,0.9329896907216495
as,2,0.0,1.0,0.0,0.3972602739726027,0.6027397260273972,11,1,0.4020618556701031,0.24742268041237114
depleted,8,0.0,1.0,0.0,0.3972602739726027,0.6027397260273972,11,1,0.4020618556701031,0.24742268041237114
in,2,0.0,1.0,0.0,0.3972602739726027,0.6027397260273972,11,1,0.4020618556701031,0.24742268041237114
carbon,6,0.0,1.0,0.0,0.3972602739726027,0.6027397260273972,11,1,0.4020618556701031,0.24742268041237114
chain,5,0.0,1.0,0.0,0.3972602739726027,0.6027397260273972,11,1,0.4020618556701031,0.24742268041237114
molecules,9,0.0,1.0,0.0,0.3972602739726027,0.6027397260273972,11,1,0.4020618556701031,0.24742268041237114
according,9,0.0,1.0,0.0,0.3972602739726027,0.6027397260273972,11,1,0.4020618556701031,0.24742268041237114
to,2,0.0,1.0,0.0,0.3972602739726027,0.6027397260273972,11,1,0.4020618556701031,0.24742268041237114
the,3,0.0,1.0,0.0,0.3972602739726027,0.6027397260273972,11,1,0.4020618556701031,0.24742268041237114
criterion,9,0.0,1.0,0.0,0.3972602739726027,0.6027397260273972,11,1,0.4020618556701031,0.24742268041237114
de-,3,0.0,0.6666666666666666,0.0,0.3972602739726027,0.6027397260273972,11,1,0.4020618556701031,0.24742268041237114
C2,2,0.5,0.0,0.5,0.4375,0.5625,16,17,0.17525773195876287,0.25773195876288657
(Δν,3,0.3333333333333333,0.3333333333333333,0.0,0.4375,0.5625,16,17,0.17525773195876287,0.25773195876288657
=,1,0.0,0.0,0.0,0.4375,0.5625,16,17,0.17525773195876287,0.25773195876288657
0),2,0.0,0.0,0.5,0.4375,0.5625,16,17,0.17525773195876287,0.25773195876288657
fined,5,0.0,1.0,0.0,0.4375,0.5625,16,17,0.17525773195876287,0.25773195876288657
by,2,0.0,1.0,0.0,0.4375,0.5625,16,17,0.17525773195876287,0.25773195876288657
Cochran,7,0.14285714285714285,0.8571428571428571,0.0,0.4375,0.5625,16,17,0.17525773195876287,0.25773195876288657
et,2,0.0,1.0,0.0,0.4375,0.5625,16,17,0.17525773195876287,0.25773195876288657
al.,3,0.0,0.6666666666666666,0.0,0.4375,0.5625,16,17,0.17525773195876287,0.25773195876288657
"(2012),",7,0.0,0.0,0.5714285714285714,0.4375,0.5625,16,17,0.17525773195876287,0.25773195876288657
where,5,0.0,1.0,0.0,0.4375,0.5625,16,17,0.17525773195876287,0.25773195876288657
the,3,0.0,1.0,0.0,0.4375,0.5625,16,17,0.17525773195876287,0.25773195876288657
production,10,0.0,1.0,0.0,0.4375,0.5625,16,17,0.17525773195876287,0.25773195876288657
rates,5,0.0,1.0,0.0,0.4375,0.5625,16,17,0.17525773195876287,0.25773195876288657
of,2,0.0,1.0,0.0,0.4375,0.5625,16,17,0.17525773195876287,0.25773195876288657
both,4,0.0,1.0,0.0,0.4375,0.5625,16,17,0.17525773195876287,0.25773195876288657
C3,2,0.5,0.0,0.5,0.375,0.625,13,1,0.4020618556701031,0.25773195876288657
and,3,0.0,1.0,0.0,0.375,0.625,13,1,0.4020618556701031,0.25773195876288657
C2,2,0.5,0.0,0.5,0.375,0.625,13,1,0.4020618556701031,0.25773195876288657
with,4,0.0,1.0,0.0,0.375,0.625,13,1,0.4020618556701031,0.25773195876288657
respect,7,0.0,1.0,0.0,0.375,0.625,13,1,0.4020618556701031,0.25773195876288657
to,2,0.0,1.0,0.0,0.375,0.625,13,1,0.4020618556701031,0.25773195876288657
CN,2,1.0,0.0,0.0,0.375,0.625,13,1,0.4020618556701031,0.25773195876288657
are,3,0.0,1.0,0.0,0.375,0.625,13,1,0.4020618556701031,0.25773195876288657
considered.,11,0.0,0.9090909090909091,0.0,0.375,0.625,13,1,0.4020618556701031,0.25773195876288657
Figure,6,0.16666666666666666,0.8333333333333334,0.0,0.375,0.625,13,1,0.4020618556701031,0.25773195876288657
4,1,0.0,0.0,1.0,0.375,0.625,13,1,0.4020618556701031,0.25773195876288657
compiles,8,0.0,1.0,0.0,0.375,0.625,13,1,0.4020618556701031,0.25773195876288657
the,3,0.0,1.0,0.0,0.375,0.625,13,1,0.4020618556701031,0.25773195876288657
values,6,0.0,1.0,0.0,0.3888888888888889,0.6111111111111112,11,1,0.4020618556701031,0.25773195876288657
of,2,0.0,1.0,0.0,0.3888888888888889,0.6111111111111112,11,1,0.4020618556701031,0.25773195876288657
Q(C2,4,0.5,0.0,0.25,0.3888888888888889,0.6111111111111112,11,1,0.4020618556701031,0.25773195876288657
)/Q(CN),7,0.42857142857142855,0.0,0.0,0.3888888888888889,0.6111111111111112,11,1,0.4020618556701031,0.25773195876288657
as,2,0.0,1.0,0.0,0.3888888888888889,0.6111111111111112,11,1,0.4020618556701031,0.25773195876288657
reported,8,0.0,1.0,0.0,0.3888888888888889,0.6111111111111112,11,1,0.4020618556701031,0.25773195876288657
from,4,0.0,1.0,0.0,0.3888888888888889,0.6111111111111112,11,1,0.4020618556701031,0.25773195876288657
all,3,0.0,1.0,0.0,0.3888888888888889,0.6111111111111112,11,1,0.4020618556701031,0.25773195876288657
the,3,0.0,1.0,0.0,0.3888888888888889,0.6111111111111112,11,1,0.4020618556701031,0.25773195876288657
other,5,0.0,1.0,0.0,0.3888888888888889,0.6111111111111112,11,1,0.4020618556701031,0.25773195876288657
observations,12,0.0,1.0,0.0,0.3888888888888889,0.6111111111111112,11,1,0.4020618556701031,0.25773195876288657
with,4,0.0,1.0,0.0,0.4,0.6,13,1,0.4020618556701031,0.22680412371134018
our,3,0.0,1.0,0.0,0.4,0.6,13,1,0.4020618556701031,0.22680412371134018
own,3,0.0,1.0,0.0,0.4,0.6,13,1,0.4020618556701031,0.22680412371134018
observations.,13,0.0,0.9230769230769231,0.0,0.4,0.6,13,1,0.4020618556701031,0.22680412371134018
It,2,0.5,0.5,0.0,0.4,0.6,13,1,0.4020618556701031,0.22680412371134018
is,2,0.0,1.0,0.0,0.4,0.6,13,1,0.4020618556701031,0.22680412371134018
interesting,11,0.0,1.0,0.0,0.4,0.6,13,1,0.4020618556701031,0.22680412371134018
to,2,0.0,1.0,0.0,0.4,0.6,13,1,0.4020618556701031,0.22680412371134018
observe,7,0.0,1.0,0.0,0.4,0.6,13,1,0.4020618556701031,0.22680412371134018
that,4,0.0,1.0,0.0,0.4,0.6,13,1,0.4020618556701031,0.22680412371134018
there,5,0.0,1.0,0.0,0.4,0.6,13,1,0.4020618556701031,0.22680412371134018
is,2,0.0,1.0,0.0,0.4,0.6,13,1,0.4020618556701031,0.22680412371134018
an,2,0.0,1.0,0.0,0.4,0.6,13,1,0.4020618556701031,0.22680412371134018
CN,2,1.0,0.0,0.0,0.18181818181818182,0.8181818181818181,1,1,0.04639175257731959,0.9432989690721649
increase,8,0.0,1.0,0.0,0.40816326530612246,0.5918367346938775,10,1,0.4020618556701031,0.24226804123711343
in,2,0.0,1.0,0.0,0.40816326530612246,0.5918367346938775,10,1,0.4020618556701031,0.24226804123711343
the,3,0.0,1.0,0.0,0.40816326530612246,0.5918367346938775,10,1,0.4020618556701031,0.24226804123711343
production,10,0.0,1.0,0.0,0.40816326530612246,0.5918367346938775,10,1,0.4020618556701031,0.24226804123711343
rate,4,0.0,1.0,0.0,0.40816326530612246,0.5918367346938775,10,1,0.4020618556701031,0.24226804123711343
ratio,5,0.0,1.0,0.0,0.40816326530612246,0.5918367346938775,10,1,0.4020618556701031,0.24226804123711343
with,4,0.0,1.0,0.0,0.40816326530612246,0.5918367346938775,10,1,0.4020618556701031,0.24226804123711343
heliocentric,12,0.0,1.0,0.0,0.40816326530612246,0.5918367346938775,10,1,0.4020618556701031,0.24226804123711343
distance,8,0.0,1.0,0.0,0.40816326530612246,0.5918367346938775,10,1,0.4020618556701031,0.24226804123711343
(un-,4,0.0,0.5,0.0,0.40816326530612246,0.5918367346938775,10,1,0.4020618556701031,0.24226804123711343
C3,2,0.5,0.0,0.5,0.45,0.55,15,27,0.05670103092783505,0.27835051546391754
C2,2,0.5,0.0,0.5,0.45,0.55,15,27,0.05670103092783505,0.27835051546391754
(Δν,3,0.3333333333333333,0.3333333333333333,0.0,0.45,0.55,15,27,0.05670103092783505,0.27835051546391754
=,1,0.0,0.0,0.0,0.45,0.55,15,27,0.05670103092783505,0.27835051546391754
0),2,0.0,0.0,0.5,0.45,0.55,15,27,0.05670103092783505,0.27835051546391754
til,3,0.0,1.0,0.0,0.45,0.55,15,27,0.05670103092783505,0.27835051546391754
"perihelion),",12,0.0,0.8333333333333334,0.0,0.45,0.55,15,27,0.05670103092783505,0.27835051546391754
which,5,0.0,1.0,0.0,0.45,0.55,15,27,0.05670103092783505,0.27835051546391754
is,2,0.0,1.0,0.0,0.45,0.55,15,27,0.05670103092783505,0.27835051546391754
not,3,0.0,1.0,0.0,0.45,0.55,15,27,0.05670103092783505,0.27835051546391754
common,6,0.0,1.0,0.0,0.45,0.55,15,27,0.05670103092783505,0.27835051546391754
among,5,0.0,1.0,0.0,0.45,0.55,15,27,0.05670103092783505,0.27835051546391754
Solar,5,0.2,0.8,0.0,0.45,0.55,15,27,0.05670103092783505,0.27835051546391754
system,6,0.0,1.0,0.0,0.45,0.55,15,27,0.05670103092783505,0.27835051546391754
comets,6,0.0,1.0,0.0,0.45,0.55,15,27,0.05670103092783505,0.27835051546391754
for,3,0.0,1.0,0.0,0.3931034482758621,0.6068965517241379,11,1,0.4020618556701031,0.25257731958762886
a,1,0.0,1.0,0.0,0.3931034482758621,0.6068965517241379,11,1,0.4020618556701031,0.25257731958762886
minimal,7,0.0,1.0,0.0,0.3931034482758621,0.6068965517241379,11,1,0.4020618556701031,0.25257731958762886
change,6,0.0,1.0,0.0,0.3931034482758621,0.6068965517241379,11,1,0.4020618556701031,0.25257731958762886
in,2,0.0,1.0,0.0,0.3931034482758621,0.6068965517241379,11,1,0.4020618556701031,0.25257731958762886
heliocentric,12,0.0,1.0,0.0,0.3931034482758621,0.6068965517241379,11,1,0.4020618556701031,0.25257731958762886
distance,8,0.0,1.0,0.0,0.3931034482758621,0.6068965517241379,11,1,0.4020618556701031,0.25257731958762886
(A’Hearn,8,0.25,0.5,0.0,0.3931034482758621,0.6068965517241379,11,1,0.4020618556701031,0.25257731958762886
et,2,0.0,1.0,0.0,0.3931034482758621,0.6068965517241379,11,1,0.4020618556701031,0.25257731958762886
al.,3,0.0,0.6666666666666666,0.0,0.3931034482758621,0.6068965517241379,11,1,0.4020618556701031,0.25257731958762886
1995;,5,0.0,0.0,0.8,0.3931034482758621,0.6068965517241379,11,1,0.4020618556701031,0.25257731958762886
Cochran,7,0.14285714285714285,0.8571428571428571,0.0,0.3776223776223776,0.6223776223776224,12,1,0.4020618556701031,0.2628865979381443
et,2,0.0,1.0,0.0,0.3776223776223776,0.6223776223776224,12,1,0.4020618556701031,0.2628865979381443
al.,3,0.0,0.6666666666666666,0.0,0.3776223776223776,0.6223776223776224,12,1,0.4020618556701031,0.2628865979381443
2012).,6,0.0,0.0,0.6666666666666666,0.3776223776223776,0.6223776223776224,12,1,0.4020618556701031,0.2628865979381443
Along,5,0.2,0.8,0.0,0.3776223776223776,0.6223776223776224,12,1,0.4020618556701031,0.2628865979381443
the,3,0.0,1.0,0.0,0.3776223776223776,0.6223776223776224,12,1,0.4020618556701031,0.2628865979381443
orbit,5,0.0,1.0,0.0,0.3776223776223776,0.6223776223776224,12,1,0.4020618556701031,0.2628865979381443
of,2,0.0,1.0,0.0,0.3776223776223776,0.6223776223776224,12,1,0.4020618556701031,0.2628865979381443
the,3,0.0,1.0,0.0,0.3776223776223776,0.6223776223776224,12,1,0.4020618556701031,0.2628865979381443
"comet,",6,0.0,0.8333333333333334,0.0,0.3776223776223776,0.6223776223776224,12,1,0.4020618556701031,0.2628865979381443
the,3,0.0,1.0,0.0,0.3776223776223776,0.6223776223776224,12,1,0.4020618556701031,0.2628865979381443
behaviour,9,0.0,1.0,0.0,0.3776223776223776,0.6223776223776224,12,1,0.4020618556701031,0.2628865979381443
has,3,0.0,1.0,0.0,0.3873239436619718,0.6126760563380282,10,1,0.4020618556701031,0.2680412371134021
changed,7,0.0,1.0,0.0,0.3873239436619718,0.6126760563380282,10,1,0.4020618556701031,0.2680412371134021
from,4,0.0,1.0,0.0,0.3873239436619718,0.6126760563380282,10,1,0.4020618556701031,0.2680412371134021
highly,6,0.0,1.0,0.0,0.3873239436619718,0.6126760563380282,10,1,0.4020618556701031,0.2680412371134021
depleted,8,0.0,1.0,0.0,0.3873239436619718,0.6126760563380282,10,1,0.4020618556701031,0.2680412371134021
to,2,0.0,1.0,0.0,0.3873239436619718,0.6126760563380282,10,1,0.4020618556701031,0.2680412371134021
a,1,0.0,1.0,0.0,0.3873239436619718,0.6126760563380282,10,1,0.4020618556701031,0.2680412371134021
moderately,10,0.0,1.0,0.0,0.3873239436619718,0.6126760563380282,10,1,0.4020618556701031,0.2680412371134021
depleted,8,0.0,1.0,0.0,0.3873239436619718,0.6126760563380282,10,1,0.4020618556701031,0.2680412371134021
"comet,",6,0.0,0.8333333333333334,0.0,0.3873239436619718,0.6126760563380282,10,1,0.4020618556701031,0.2680412371134021
as,2,0.0,1.0,0.0,0.4,0.6,10,1,0.4020618556701031,0.25257731958762886
it,2,0.0,1.0,0.0,0.4,0.6,10,1,0.4020618556701031,0.25257731958762886
approached,10,0.0,1.0,0.0,0.4,0.6,10,1,0.4020618556701031,0.25257731958762886
perihelion.,11,0.0,0.9090909090909091,0.0,0.4,0.6,10,1,0.4020618556701031,0.25257731958762886
Even,4,0.25,0.75,0.0,0.4,0.6,10,1,0.4020618556701031,0.25257731958762886
though,6,0.0,1.0,0.0,0.4,0.6,10,1,0.4020618556701031,0.25257731958762886
the,3,0.0,1.0,0.0,0.4,0.6,10,1,0.4020618556701031,0.25257731958762886
production,10,0.0,1.0,0.0,0.4,0.6,10,1,0.4020618556701031,0.25257731958762886
rate,4,0.0,1.0,0.0,0.4,0.6,10,1,0.4020618556701031,0.25257731958762886
"ratio,",6,0.0,0.8333333333333334,0.0,0.4,0.6,10,1,0.4020618556701031,0.25257731958762886
reported,8,0.0,1.0,0.0,0.3888888888888889,0.6111111111111112,11,1,0.4020618556701031,0.25773195876288657
in,2,0.0,1.0,0.0,0.3888888888888889,0.6111111111111112,11,1,0.4020618556701031,0.25773195876288657
our,3,0.0,1.0,0.0,0.3888888888888889,0.6111111111111112,11,1,0.4020618556701031,0.25773195876288657
"work,",5,0.0,0.8,0.0,0.3888888888888889,0.6111111111111112,11,1,0.4020618556701031,0.25773195876288657
"pre-perihelion,",15,0.0,0.8666666666666667,0.0,0.3888888888888889,0.6111111111111112,11,1,0.4020618556701031,0.25773195876288657
Q(C2,4,0.5,0.0,0.25,0.3888888888888889,0.6111111111111112,11,1,0.4020618556701031,0.25773195876288657
)/Q(CN),7,0.42857142857142855,0.0,0.0,0.3888888888888889,0.6111111111111112,11,1,0.4020618556701031,0.25773195876288657
=,1,0.0,0.0,0.0,0.3888888888888889,0.6111111111111112,11,1,0.4020618556701031,0.25773195876288657
"0.54,",5,0.0,0.0,0.6,0.3888888888888889,0.6111111111111112,11,1,0.4020618556701031,0.25773195876288657
is,2,0.0,1.0,0.0,0.3888888888888889,0.6111111111111112,11,1,0.4020618556701031,0.25773195876288657
com-,4,0.0,0.75,0.0,0.3888888888888889,0.6111111111111112,11,1,0.4020618556701031,0.25773195876288657
Figure,6,0.16666666666666666,0.8333333333333334,0.0,0.8278145695364238,0.17218543046357615,27,1,0.0,0.22164948453608246
2.,2,0.0,0.0,0.5,0.8278145695364238,0.17218543046357615,27,1,0.0,0.22164948453608246
Optical,7,0.14285714285714285,0.8571428571428571,0.0,0.8278145695364238,0.17218543046357615,27,1,0.0,0.22164948453608246
spectra,7,0.0,1.0,0.0,0.8278145695364238,0.17218543046357615,27,1,0.0,0.22164948453608246
of,2,0.0,1.0,0.0,0.8278145695364238,0.17218543046357615,27,1,0.0,0.22164948453608246
2I/Borisov,10,0.2,0.6,0.1,0.8278145695364238,0.17218543046357615,27,1,0.0,0.22164948453608246
as,2,0.0,1.0,0.0,0.8278145695364238,0.17218543046357615,27,1,0.0,0.22164948453608246
observed,8,0.0,1.0,0.0,0.8278145695364238,0.17218543046357615,27,1,0.0,0.22164948453608246
on,2,0.0,1.0,0.0,0.8278145695364238,0.17218543046357615,27,1,0.0,0.22164948453608246
the,3,0.0,1.0,0.0,0.8278145695364238,0.17218543046357615,27,1,0.0,0.22164948453608246
pre,3,0.0,1.0,0.0,0.8278145695364238,0.17218543046357615,27,1,0.0,0.22164948453608246
and,3,0.0,1.0,0.0,0.8278145695364238,0.17218543046357615,27,1,0.0,0.22164948453608246
post,4,0.0,1.0,0.0,0.8278145695364238,0.17218543046357615,27,1,0.0,0.22164948453608246
peri-,5,0.0,0.8,0.0,0.8278145695364238,0.17218543046357615,27,1,0.0,0.22164948453608246
parable,7,0.0,1.0,0.0,0.8278145695364238,0.17218543046357615,27,1,0.0,0.22164948453608246
to,2,0.0,1.0,0.0,0.8278145695364238,0.17218543046357615,27,1,0.0,0.22164948453608246
the,3,0.0,1.0,0.0,0.8278145695364238,0.17218543046357615,27,1,0.0,0.22164948453608246
values,6,0.0,1.0,0.0,0.8278145695364238,0.17218543046357615,27,1,0.0,0.22164948453608246
reported,8,0.0,1.0,0.0,0.8278145695364238,0.17218543046357615,27,1,0.0,0.22164948453608246
by,2,0.0,1.0,0.0,0.8278145695364238,0.17218543046357615,27,1,0.0,0.22164948453608246
Bannister,9,0.1111111111111111,0.8888888888888888,0.0,0.8278145695364238,0.17218543046357615,27,1,0.0,0.22164948453608246
et,2,0.0,1.0,0.0,0.8278145695364238,0.17218543046357615,27,1,0.0,0.22164948453608246
al.,3,0.0,0.6666666666666666,0.0,0.8278145695364238,0.17218543046357615,27,1,0.0,0.22164948453608246
"(2020),",7,0.0,0.0,0.5714285714285714,0.8278145695364238,0.17218543046357615,27,1,0.0,0.22164948453608246
it,2,0.0,1.0,0.0,0.8278145695364238,0.17218543046357615,27,1,0.0,0.22164948453608246
is,2,0.0,1.0,0.0,0.8278145695364238,0.17218543046357615,27,1,0.0,0.22164948453608246
surpris-,8,0.0,0.875,0.0,0.8278145695364238,0.17218543046357615,27,1,0.0,0.22164948453608246
helion,6,0.0,1.0,0.0,0.46153846153846156,0.5384615384615384,15,33,0.0,0.2628865979381443
epochs.,7,0.0,0.8571428571428571,0.0,0.46153846153846156,0.5384615384615384,15,33,0.0,0.2628865979381443
ing,3,0.0,1.0,0.0,0.46153846153846156,0.5384615384615384,15,33,0.0,0.2628865979381443
to,2,0.0,1.0,0.0,0.46153846153846156,0.5384615384615384,15,33,0.0,0.2628865979381443
observe,7,0.0,1.0,0.0,0.46153846153846156,0.5384615384615384,15,33,0.0,0.2628865979381443
that,4,0.0,1.0,0.0,0.46153846153846156,0.5384615384615384,15,33,0.0,0.2628865979381443
the,3,0.0,1.0,0.0,0.46153846153846156,0.5384615384615384,15,33,0.0,0.2628865979381443
value,5,0.0,1.0,0.0,0.46153846153846156,0.5384615384615384,15,33,0.0,0.2628865979381443
has,3,0.0,1.0,0.0,0.46153846153846156,0.5384615384615384,15,33,0.0,0.2628865979381443
dropped,7,0.0,1.0,0.0,0.46153846153846156,0.5384615384615384,15,33,0.0,0.2628865979381443
to,2,0.0,1.0,0.0,0.46153846153846156,0.5384615384615384,15,33,0.0,0.2628865979381443
Q(C2,4,0.5,0.0,0.25,0.46153846153846156,0.5384615384615384,15,33,0.0,0.2628865979381443
)/Q(CN),7,0.42857142857142855,0.0,0.0,0.46153846153846156,0.5384615384615384,15,33,0.0,0.2628865979381443
=,1,0.0,0.0,0.0,0.46153846153846156,0.5384615384615384,15,33,0.0,0.2628865979381443
"0.34,",5,0.0,0.0,0.6,0.46153846153846156,0.5384615384615384,15,33,0.0,0.2628865979381443
"post-perihelion,",16,0.0,0.875,0.0,0.4041095890410959,0.595890410958904,10,1,0.4020618556701031,0.24742268041237114
once,4,0.0,1.0,0.0,0.4041095890410959,0.595890410958904,10,1,0.4020618556701031,0.24742268041237114
again,5,0.0,1.0,0.0,0.4041095890410959,0.595890410958904,10,1,0.4020618556701031,0.24742268041237114
making,6,0.0,1.0,0.0,0.4041095890410959,0.595890410958904,10,1,0.4020618556701031,0.24742268041237114
the,3,0.0,1.0,0.0,0.4041095890410959,0.595890410958904,10,1,0.4020618556701031,0.24742268041237114
comet,5,0.0,1.0,0.0,0.4041095890410959,0.595890410958904,10,1,0.4020618556701031,0.24742268041237114
highly,6,0.0,1.0,0.0,0.4041095890410959,0.595890410958904,10,1,0.4020618556701031,0.24742268041237114
depleted,8,0.0,1.0,0.0,0.4041095890410959,0.595890410958904,10,1,0.4020618556701031,0.24742268041237114
in,2,0.0,1.0,0.0,0.4041095890410959,0.595890410958904,10,1,0.4020618556701031,0.24742268041237114
car-,4,0.0,0.75,0.0,0.4041095890410959,0.595890410958904,10,1,0.4020618556701031,0.24742268041237114
bon,3,0.0,1.0,0.0,0.39436619718309857,0.6056338028169015,9,1,0.4020618556701031,0.2680412371134021
chain,5,0.0,1.0,0.0,0.39436619718309857,0.6056338028169015,9,1,0.4020618556701031,0.2680412371134021
molecules.,10,0.0,0.9,0.0,0.39436619718309857,0.6056338028169015,9,1,0.4020618556701031,0.2680412371134021
Langland-Shula,14,0.14285714285714285,0.7857142857142857,0.0,0.39436619718309857,0.6056338028169015,9,1,0.4020618556701031,0.2680412371134021
&,1,0.0,0.0,0.0,0.39436619718309857,0.6056338028169015,9,1,0.4020618556701031,0.2680412371134021
Smith,5,0.2,0.8,0.0,0.39436619718309857,0.6056338028169015,9,1,0.4020618556701031,0.2680412371134021
(2011),6,0.0,0.0,0.6666666666666666,0.39436619718309857,0.6056338028169015,9,1,0.4020618556701031,0.2680412371134021
have,4,0.0,1.0,0.0,0.39436619718309857,0.6056338028169015,9,1,0.4020618556701031,0.2680412371134021
reported,8,0.0,1.0,0.0,0.39436619718309857,0.6056338028169015,9,1,0.4020618556701031,0.2680412371134021
bining),7,0.0,0.8571428571428571,0.0,0.859375,0.140625,10,1,0.0,0.6701030927835052
on,2,0.0,1.0,0.0,0.859375,0.140625,10,1,0.0,0.6701030927835052
both,4,0.0,1.0,0.0,0.859375,0.140625,10,1,0.0,0.6701030927835052
comet,5,0.0,1.0,0.0,0.859375,0.140625,10,1,0.0,0.6701030927835052
and,3,0.0,1.0,0.0,0.859375,0.140625,10,1,0.0,0.6701030927835052
standard,8,0.0,1.0,0.0,0.859375,0.140625,10,1,0.0,0.6701030927835052
star,4,0.0,1.0,0.0,0.859375,0.140625,10,1,0.0,0.6701030927835052
images.,7,0.0,0.8571428571428571,0.0,0.859375,0.140625,10,1,0.0,0.6701030927835052
Aperture,8,0.125,0.875,0.0,0.859375,0.140625,10,1,0.0,0.6701030927835052
photom-,7,0.0,0.8571428571428571,0.0,0.859375,0.140625,10,1,0.0,0.6701030927835052
the,3,0.0,1.0,0.0,0.4,0.6,10,1,0.4020618556701031,0.25257731958762886
variation,9,0.0,1.0,0.0,0.4,0.6,10,1,0.4020618556701031,0.25257731958762886
in,2,0.0,1.0,0.0,0.4,0.6,10,1,0.4020618556701031,0.25257731958762886
production,10,0.0,1.0,0.0,0.4,0.6,10,1,0.4020618556701031,0.25257731958762886
rate,4,0.0,1.0,0.0,0.4,0.6,10,1,0.4020618556701031,0.25257731958762886
ratio,5,0.0,1.0,0.0,0.4,0.6,10,1,0.4020618556701031,0.25257731958762886
(Q(C2,5,0.4,0.0,0.2,0.4,0.6,10,1,0.4020618556701031,0.25257731958762886
)/Q(CN)),8,0.375,0.0,0.0,0.4,0.6,10,1,0.4020618556701031,0.25257731958762886
with,4,0.0,1.0,0.0,0.4,0.6,10,1,0.4020618556701031,0.25257731958762886
increas-,8,0.0,0.875,0.0,0.4,0.6,10,1,0.4020618556701031,0.25257731958762886
etry,4,0.0,1.0,0.0,0.8225806451612904,0.17741935483870963,12,1,0.0,0.6804123711340206
was,3,0.0,1.0,0.0,0.8225806451612904,0.17741935483870963,12,1,0.0,0.6804123711340206
performed,9,0.0,1.0,0.0,0.8225806451612904,0.17741935483870963,12,1,0.0,0.6804123711340206
on,2,0.0,1.0,0.0,0.8225806451612904,0.17741935483870963,12,1,0.0,0.6804123711340206
the,3,0.0,1.0,0.0,0.8225806451612904,0.17741935483870963,12,1,0.0,0.6804123711340206
comet,5,0.0,1.0,0.0,0.8225806451612904,0.17741935483870963,12,1,0.0,0.6804123711340206
and,3,0.0,1.0,0.0,0.8225806451612904,0.17741935483870963,12,1,0.0,0.6804123711340206
standard,8,0.0,1.0,0.0,0.8225806451612904,0.17741935483870963,12,1,0.0,0.6804123711340206
stars,5,0.0,1.0,0.0,0.8225806451612904,0.17741935483870963,12,1,0.0,0.6804123711340206
(Ru,3,0.3333333333333333,0.3333333333333333,0.0,0.8225806451612904,0.17741935483870963,12,1,0.0,0.6804123711340206
"149,",4,0.0,0.0,0.75,0.8225806451612904,0.17741935483870963,12,1,0.0,0.6804123711340206
Ru,2,0.5,0.5,0.0,0.8225806451612904,0.17741935483870963,12,1,0.0,0.6804123711340206
ing,3,0.0,1.0,0.0,0.3888888888888889,0.6111111111111112,11,1,0.4020618556701031,0.25773195876288657
heliocentric,12,0.0,1.0,0.0,0.3888888888888889,0.6111111111111112,11,1,0.4020618556701031,0.25773195876288657
distance,8,0.0,1.0,0.0,0.3888888888888889,0.6111111111111112,11,1,0.4020618556701031,0.25773195876288657
in,2,0.0,1.0,0.0,0.3888888888888889,0.6111111111111112,11,1,0.4020618556701031,0.25773195876288657
a,1,0.0,1.0,0.0,0.3888888888888889,0.6111111111111112,11,1,0.4020618556701031,0.25773195876288657
sample,6,0.0,1.0,0.0,0.3888888888888889,0.6111111111111112,11,1,0.4020618556701031,0.25773195876288657
of,2,0.0,1.0,0.0,0.3888888888888889,0.6111111111111112,11,1,0.4020618556701031,0.25773195876288657
Solar,5,0.2,0.8,0.0,0.3888888888888889,0.6111111111111112,11,1,0.4020618556701031,0.25773195876288657
system,6,0.0,1.0,0.0,0.3888888888888889,0.6111111111111112,11,1,0.4020618556701031,0.25773195876288657
comets.,7,0.0,0.8571428571428571,0.0,0.3888888888888889,0.6111111111111112,11,1,0.4020618556701031,0.25773195876288657
How-,4,0.25,0.5,0.0,0.3888888888888889,0.6111111111111112,11,1,0.4020618556701031,0.25773195876288657
"149B,",5,0.2,0.0,0.6,0.8275862068965517,0.1724137931034483,11,1,0.0,0.7010309278350515
Ru,2,0.5,0.5,0.0,0.8275862068965517,0.1724137931034483,11,1,0.0,0.7010309278350515
"149D,",5,0.2,0.0,0.6,0.8275862068965517,0.1724137931034483,11,1,0.0,0.7010309278350515
Ru,2,0.5,0.5,0.0,0.8275862068965517,0.1724137931034483,11,1,0.0,0.7010309278350515
149E),5,0.2,0.0,0.6,0.8275862068965517,0.1724137931034483,11,1,0.0,0.7010309278350515
using,5,0.0,1.0,0.0,0.8275862068965517,0.1724137931034483,11,1,0.0,0.7010309278350515
the,3,0.0,1.0,0.0,0.8275862068965517,0.1724137931034483,11,1,0.0,0.7010309278350515
PHOTUTILS,9,1.0,0.0,0.0,0.8275862068965517,0.1724137931034483,11,1,0.0,0.7010309278350515
package,7,0.0,1.0,0.0,0.8275862068965517,0.1724137931034483,11,1,0.0,0.7010309278350515
in,2,0.0,1.0,0.0,0.8275862068965517,0.1724137931034483,11,1,0.0,0.7010309278350515
As-,3,0.3333333333333333,0.3333333333333333,0.0,0.8275862068965517,0.1724137931034483,11,1,0.0,0.7010309278350515
"ever,",5,0.0,0.8,0.0,0.3877551020408163,0.6122448979591837,13,1,0.4020618556701031,0.24226804123711343
A’Hearn,7,0.2857142857142857,0.5714285714285714,0.0,0.3877551020408163,0.6122448979591837,13,1,0.4020618556701031,0.24226804123711343
et,2,0.0,1.0,0.0,0.3877551020408163,0.6122448979591837,13,1,0.4020618556701031,0.24226804123711343
al.,3,0.0,0.6666666666666666,0.0,0.3877551020408163,0.6122448979591837,13,1,0.4020618556701031,0.24226804123711343
"(1995),",7,0.0,0.0,0.5714285714285714,0.3877551020408163,0.6122448979591837,13,1,0.4020618556701031,0.24226804123711343
Cochran,7,0.14285714285714285,0.8571428571428571,0.0,0.3877551020408163,0.6122448979591837,13,1,0.4020618556701031,0.24226804123711343
et,2,0.0,1.0,0.0,0.3877551020408163,0.6122448979591837,13,1,0.4020618556701031,0.24226804123711343
al.,3,0.0,0.6666666666666666,0.0,0.3877551020408163,0.6122448979591837,13,1,0.4020618556701031,0.24226804123711343
(1992),6,0.0,0.0,0.6666666666666666,0.3877551020408163,0.6122448979591837,13,1,0.4020618556701031,0.24226804123711343
and,3,0.0,1.0,0.0,0.3877551020408163,0.6122448979591837,13,1,0.4020618556701031,0.24226804123711343
Cochran,7,0.14285714285714285,0.8571428571428571,0.0,0.3877551020408163,0.6122448979591837,13,1,0.4020618556701031,0.24226804123711343
et,2,0.0,1.0,0.0,0.3877551020408163,0.6122448979591837,13,1,0.4020618556701031,0.24226804123711343
al.,3,0.0,0.6666666666666666,0.0,0.3877551020408163,0.6122448979591837,13,1,0.4020618556701031,0.24226804123711343
tropy.,6,0.0,0.8333333333333334,0.0,0.8636363636363636,0.13636363636363635,10,1,0.0,0.6597938144329897
The,3,0.3333333333333333,0.6666666666666666,0.0,0.8636363636363636,0.13636363636363635,10,1,0.0,0.6597938144329897
instrumental,12,0.0,1.0,0.0,0.8636363636363636,0.13636363636363635,10,1,0.0,0.6597938144329897
magnitudes,10,0.0,1.0,0.0,0.8636363636363636,0.13636363636363635,10,1,0.0,0.6597938144329897
of,2,0.0,1.0,0.0,0.8636363636363636,0.13636363636363635,10,1,0.0,0.6597938144329897
the,3,0.0,1.0,0.0,0.8636363636363636,0.13636363636363635,10,1,0.0,0.6597938144329897
standard,8,0.0,1.0,0.0,0.8636363636363636,0.13636363636363635,10,1,0.0,0.6597938144329897
stars,5,0.0,1.0,0.0,0.8636363636363636,0.13636363636363635,10,1,0.0,0.6597938144329897
were,4,0.0,1.0,0.0,0.8636363636363636,0.13636363636363635,10,1,0.0,0.6597938144329897
then,4,0.0,1.0,0.0,0.8636363636363636,0.13636363636363635,10,1,0.0,0.6597938144329897
(2012),6,0.0,0.0,0.6666666666666666,0.39864864864864863,0.6013513513513513,12,1,0.4020618556701031,0.23711340206185572
did,3,0.0,1.0,0.0,0.39864864864864863,0.6013513513513513,12,1,0.4020618556701031,0.23711340206185572
not,3,0.0,1.0,0.0,0.39864864864864863,0.6013513513513513,12,1,0.4020618556701031,0.23711340206185572
observe,7,0.0,1.0,0.0,0.39864864864864863,0.6013513513513513,12,1,0.4020618556701031,0.23711340206185572
any,3,0.0,1.0,0.0,0.39864864864864863,0.6013513513513513,12,1,0.4020618556701031,0.23711340206185572
variation,9,0.0,1.0,0.0,0.39864864864864863,0.6013513513513513,12,1,0.4020618556701031,0.23711340206185572
in,2,0.0,1.0,0.0,0.39864864864864863,0.6013513513513513,12,1,0.4020618556701031,0.23711340206185572
the,3,0.0,1.0,0.0,0.39864864864864863,0.6013513513513513,12,1,0.4020618556701031,0.23711340206185572
production,10,0.0,1.0,0.0,0.39864864864864863,0.6013513513513513,12,1,0.4020618556701031,0.23711340206185572
rate,4,0.0,1.0,0.0,0.39864864864864863,0.6013513513513513,12,1,0.4020618556701031,0.23711340206185572
ratios,6,0.0,1.0,0.0,0.39864864864864863,0.6013513513513513,12,1,0.4020618556701031,0.23711340206185572
for,3,0.0,1.0,0.0,0.39864864864864863,0.6013513513513513,12,1,0.4020618556701031,0.23711340206185572
corrected,9,0.0,1.0,0.0,0.8823529411764706,0.11764705882352944,9,1,0.0,0.6494845360824743
for,3,0.0,1.0,0.0,0.8823529411764706,0.11764705882352944,9,1,0.0,0.6494845360824743
both,4,0.0,1.0,0.0,0.8823529411764706,0.11764705882352944,9,1,0.0,0.6494845360824743
extinction,10,0.0,1.0,0.0,0.8823529411764706,0.11764705882352944,9,1,0.0,0.6494845360824743
and,3,0.0,1.0,0.0,0.8823529411764706,0.11764705882352944,9,1,0.0,0.6494845360824743
color.,6,0.0,0.8333333333333334,0.0,0.8823529411764706,0.11764705882352944,9,1,0.0,0.6494845360824743
Extinction,10,0.1,0.9,0.0,0.8823529411764706,0.11764705882352944,9,1,0.0,0.6494845360824743
coefficient,11,0.0,1.0,0.0,0.8823529411764706,0.11764705882352944,9,1,0.0,0.6494845360824743
val-,4,0.0,0.75,0.0,0.8823529411764706,0.11764705882352944,9,1,0.0,0.6494845360824743
a,1,0.0,1.0,0.0,0.3931034482758621,0.6068965517241379,11,1,0.4020618556701031,0.25257731958762886
minimal,7,0.0,1.0,0.0,0.3931034482758621,0.6068965517241379,11,1,0.4020618556701031,0.25257731958762886
change,6,0.0,1.0,0.0,0.3931034482758621,0.6068965517241379,11,1,0.4020618556701031,0.25257731958762886
in,2,0.0,1.0,0.0,0.3931034482758621,0.6068965517241379,11,1,0.4020618556701031,0.25257731958762886
the,3,0.0,1.0,0.0,0.3931034482758621,0.6068965517241379,11,1,0.4020618556701031,0.25257731958762886
heliocentric,12,0.0,1.0,0.0,0.3931034482758621,0.6068965517241379,11,1,0.4020618556701031,0.25257731958762886
distance.,9,0.0,0.8888888888888888,0.0,0.3931034482758621,0.6068965517241379,11,1,0.4020618556701031,0.25257731958762886
In,2,0.5,0.5,0.0,0.3931034482758621,0.6068965517241379,11,1,0.4020618556701031,0.25257731958762886
the,3,0.0,1.0,0.0,0.3931034482758621,0.6068965517241379,11,1,0.4020618556701031,0.25257731958762886
current,7,0.0,1.0,0.0,0.3931034482758621,0.6068965517241379,11,1,0.4020618556701031,0.25257731958762886
"work,",5,0.0,0.8,0.0,0.3931034482758621,0.6068965517241379,11,1,0.4020618556701031,0.25257731958762886
ues,3,0.0,1.0,0.0,0.855072463768116,0.14492753623188404,11,1,0.0,0.6443298969072164
(magnitude/airmass),19,0.0,0.8421052631578947,0.0,0.855072463768116,0.14492753623188404,11,1,0.0,0.6443298969072164
of,2,0.0,1.0,0.0,0.855072463768116,0.14492753623188404,11,1,0.0,0.6443298969072164
various,7,0.0,1.0,0.0,0.855072463768116,0.14492753623188404,11,1,0.0,0.6443298969072164
"filters,",8,0.0,0.875,0.0,0.855072463768116,0.14492753623188404,11,1,0.0,0.6443298969072164
as,2,0.0,1.0,0.0,0.855072463768116,0.14492753623188404,11,1,0.0,0.6443298969072164
given,5,0.0,1.0,0.0,0.855072463768116,0.14492753623188404,11,1,0.0,0.6443298969072164
in,2,0.0,1.0,0.0,0.855072463768116,0.14492753623188404,11,1,0.0,0.6443298969072164
Stalin,6,0.16666666666666666,0.8333333333333334,0.0,0.855072463768116,0.14492753623188404,11,1,0.0,0.6443298969072164
et,2,0.0,1.0,0.0,0.855072463768116,0.14492753623188404,11,1,0.0,0.6443298969072164
al.,3,0.0,0.6666666666666666,0.0,0.855072463768116,0.14492753623188404,11,1,0.0,0.6443298969072164
even,4,0.0,1.0,0.0,0.3972602739726027,0.6027397260273972,11,1,0.4020618556701031,0.24742268041237114
though,6,0.0,1.0,0.0,0.3972602739726027,0.6027397260273972,11,1,0.4020618556701031,0.24742268041237114
the,3,0.0,1.0,0.0,0.3972602739726027,0.6027397260273972,11,1,0.4020618556701031,0.24742268041237114
production,10,0.0,1.0,0.0,0.3972602739726027,0.6027397260273972,11,1,0.4020618556701031,0.24742268041237114
rate,4,0.0,1.0,0.0,0.3972602739726027,0.6027397260273972,11,1,0.4020618556701031,0.24742268041237114
ratios,6,0.0,1.0,0.0,0.3972602739726027,0.6027397260273972,11,1,0.4020618556701031,0.24742268041237114
are,3,0.0,1.0,0.0,0.3972602739726027,0.6027397260273972,11,1,0.4020618556701031,0.24742268041237114
comparable,10,0.0,1.0,0.0,0.3972602739726027,0.6027397260273972,11,1,0.4020618556701031,0.24742268041237114
within,6,0.0,1.0,0.0,0.3972602739726027,0.6027397260273972,11,1,0.4020618556701031,0.24742268041237114
the,3,0.0,1.0,0.0,0.3972602739726027,0.6027397260273972,11,1,0.4020618556701031,0.24742268041237114
er-,3,0.0,0.6666666666666666,0.0,0.3972602739726027,0.6027397260273972,11,1,0.4020618556701031,0.24742268041237114
"(2008),",7,0.0,0.0,0.5714285714285714,0.8507462686567164,0.14925373134328357,11,1,0.0,0.654639175257732
were,4,0.0,1.0,0.0,0.8507462686567164,0.14925373134328357,11,1,0.0,0.654639175257732
used,4,0.0,1.0,0.0,0.8507462686567164,0.14925373134328357,11,1,0.0,0.654639175257732
to,2,0.0,1.0,0.0,0.8507462686567164,0.14925373134328357,11,1,0.0,0.654639175257732
apply,5,0.0,1.0,0.0,0.8507462686567164,0.14925373134328357,11,1,0.0,0.654639175257732
the,3,0.0,1.0,0.0,0.8507462686567164,0.14925373134328357,11,1,0.0,0.654639175257732
extinction,10,0.0,1.0,0.0,0.8507462686567164,0.14925373134328357,11,1,0.0,0.654639175257732
correction,10,0.0,1.0,0.0,0.8507462686567164,0.14925373134328357,11,1,0.0,0.654639175257732
to,2,0.0,1.0,0.0,0.8507462686567164,0.14925373134328357,11,1,0.0,0.654639175257732
the,3,0.0,1.0,0.0,0.8507462686567164,0.14925373134328357,11,1,0.0,0.654639175257732
instru-,7,0.0,0.8571428571428571,0.0,0.8507462686567164,0.14925373134328357,11,1,0.0,0.654639175257732
"rors,",5,0.0,0.8,0.0,0.4041095890410959,0.595890410958904,10,1,0.4020618556701031,0.24742268041237114
there,5,0.0,1.0,0.0,0.4041095890410959,0.595890410958904,10,1,0.4020618556701031,0.24742268041237114
is,2,0.0,1.0,0.0,0.4041095890410959,0.595890410958904,10,1,0.4020618556701031,0.24742268041237114
an,2,0.0,1.0,0.0,0.4041095890410959,0.595890410958904,10,1,0.4020618556701031,0.24742268041237114
indication,10,0.0,1.0,0.0,0.4041095890410959,0.595890410958904,10,1,0.4020618556701031,0.24742268041237114
of,2,0.0,1.0,0.0,0.4041095890410959,0.595890410958904,10,1,0.4020618556701031,0.24742268041237114
a,1,0.0,1.0,0.0,0.4041095890410959,0.595890410958904,10,1,0.4020618556701031,0.24742268041237114
possible,8,0.0,1.0,0.0,0.4041095890410959,0.595890410958904,10,1,0.4020618556701031,0.24742268041237114
asymmetry,9,0.0,1.0,0.0,0.4041095890410959,0.595890410958904,10,1,0.4020618556701031,0.24742268041237114
post-perihelion,15,0.0,0.9333333333333333,0.0,0.4041095890410959,0.595890410958904,10,1,0.4020618556701031,0.24742268041237114
mental,6,0.0,1.0,0.0,0.835820895522388,0.16417910447761197,12,1,0.0,0.654639175257732
magnitudes,10,0.0,1.0,0.0,0.835820895522388,0.16417910447761197,12,1,0.0,0.654639175257732
of,2,0.0,1.0,0.0,0.835820895522388,0.16417910447761197,12,1,0.0,0.654639175257732
the,3,0.0,1.0,0.0,0.835820895522388,0.16417910447761197,12,1,0.0,0.654639175257732
standard,8,0.0,1.0,0.0,0.835820895522388,0.16417910447761197,12,1,0.0,0.654639175257732
stars,5,0.0,1.0,0.0,0.835820895522388,0.16417910447761197,12,1,0.0,0.654639175257732
as,2,0.0,1.0,0.0,0.835820895522388,0.16417910447761197,12,1,0.0,0.654639175257732
well,4,0.0,1.0,0.0,0.835820895522388,0.16417910447761197,12,1,0.0,0.654639175257732
as,2,0.0,1.0,0.0,0.835820895522388,0.16417910447761197,12,1,0.0,0.654639175257732
the,3,0.0,1.0,0.0,0.835820895522388,0.16417910447761197,12,1,0.0,0.654639175257732
comet,5,0.0,1.0,0.0,0.835820895522388,0.16417910447761197,12,1,0.0,0.654639175257732
images,6,0.0,1.0,0.0,0.835820895522388,0.16417910447761197,12,1,0.0,0.654639175257732
(see,4,0.0,0.75,0.0,0.3888888888888889,0.6111111111111112,11,1,0.4020618556701031,0.25773195876288657
Figure,6,0.16666666666666666,0.8333333333333334,0.0,0.3888888888888889,0.6111111111111112,11,1,0.4020618556701031,0.25773195876288657
4).,3,0.0,0.0,0.3333333333333333,0.3888888888888889,0.6111111111111112,11,1,0.4020618556701031,0.25773195876288657
"However,",8,0.125,0.75,0.0,0.3888888888888889,0.6111111111111112,11,1,0.4020618556701031,0.25773195876288657
this,4,0.0,1.0,0.0,0.3888888888888889,0.6111111111111112,11,1,0.4020618556701031,0.25773195876288657
cannot,6,0.0,1.0,0.0,0.3888888888888889,0.6111111111111112,11,1,0.4020618556701031,0.25773195876288657
be,2,0.0,1.0,0.0,0.3888888888888889,0.6111111111111112,11,1,0.4020618556701031,0.25773195876288657
confirmed,9,0.0,1.0,0.0,0.3888888888888889,0.6111111111111112,11,1,0.4020618556701031,0.25773195876288657
with,4,0.0,1.0,0.0,0.3888888888888889,0.6111111111111112,11,1,0.4020618556701031,0.25773195876288657
the,3,0.0,1.0,0.0,0.3888888888888889,0.6111111111111112,11,1,0.4020618556701031,0.25773195876288657
limited,7,0.0,1.0,0.0,0.3888888888888889,0.6111111111111112,11,1,0.4020618556701031,0.25773195876288657
obtained,8,0.0,1.0,0.0,0.85,0.15000000000000002,10,1,0.0,0.6907216494845361
from,4,0.0,1.0,0.0,0.85,0.15000000000000002,10,1,0.0,0.6907216494845361
HCT.,4,0.75,0.0,0.0,0.85,0.15000000000000002,10,1,0.0,0.6907216494845361
The,3,0.3333333333333333,0.6666666666666666,0.0,0.85,0.15000000000000002,10,1,0.0,0.6907216494845361
coefficients,12,0.0,1.0,0.0,0.85,0.15000000000000002,10,1,0.0,0.6907216494845361
for,3,0.0,1.0,0.0,0.85,0.15000000000000002,10,1,0.0,0.6907216494845361
Mount,5,0.2,0.8,0.0,0.85,0.15000000000000002,10,1,0.0,0.6907216494845361
Abu,3,0.3333333333333333,0.6666666666666666,0.0,0.85,0.15000000000000002,10,1,0.0,0.6907216494845361
were,4,0.0,1.0,0.0,0.85,0.15000000000000002,10,1,0.0,0.6907216494845361
taken,5,0.0,1.0,0.0,0.85,0.15000000000000002,10,1,0.0,0.6907216494845361
post-perihelion,15,0.0,0.9333333333333333,0.0,0.31932773109243695,0.680672268907563,4,1,0.4020618556701031,0.38659793814432986
data,4,0.0,1.0,0.0,0.31932773109243695,0.680672268907563,4,1,0.4020618556701031,0.38659793814432986
currently,9,0.0,1.0,0.0,0.31932773109243695,0.680672268907563,4,1,0.4020618556701031,0.38659793814432986
available.,10,0.0,0.9,0.0,0.31932773109243695,0.680672268907563,4,1,0.4020618556701031,0.38659793814432986
from,4,0.0,1.0,0.0,0.8461538461538461,0.15384615384615385,11,1,0.0,0.6649484536082475
an,2,0.0,1.0,0.0,0.8461538461538461,0.15384615384615385,11,1,0.0,0.6649484536082475
in,2,0.0,1.0,0.0,0.8461538461538461,0.15384615384615385,11,1,0.0,0.6649484536082475
house,5,0.0,1.0,0.0,0.8461538461538461,0.15384615384615385,11,1,0.0,0.6649484536082475
project,7,0.0,1.0,0.0,0.8461538461538461,0.15384615384615385,11,1,0.0,0.6649484536082475
carried,7,0.0,1.0,0.0,0.8461538461538461,0.15384615384615385,11,1,0.0,0.6649484536082475
out,3,0.0,1.0,0.0,0.8461538461538461,0.15384615384615385,11,1,0.0,0.6649484536082475
for,3,0.0,1.0,0.0,0.8461538461538461,0.15384615384615385,11,1,0.0,0.6649484536082475
computing,9,0.0,1.0,0.0,0.8461538461538461,0.15384615384615385,11,1,0.0,0.6649484536082475
the,3,0.0,1.0,0.0,0.8461538461538461,0.15384615384615385,11,1,0.0,0.6649484536082475
extinction,10,0.0,1.0,0.0,0.8461538461538461,0.15384615384615385,11,1,0.0,0.6649484536082475
As,2,0.5,0.5,0.0,0.3561643835616438,0.6438356164383562,13,1,0.422680412371134,0.24742268041237114
shown,5,0.0,1.0,0.0,0.3561643835616438,0.6438356164383562,13,1,0.422680412371134,0.24742268041237114
in,2,0.0,1.0,0.0,0.3561643835616438,0.6438356164383562,13,1,0.422680412371134,0.24742268041237114
Figure,6,0.16666666666666666,0.8333333333333334,0.0,0.3561643835616438,0.6438356164383562,13,1,0.422680412371134,0.24742268041237114
"3,",2,0.0,0.0,0.5,0.3561643835616438,0.6438356164383562,13,1,0.422680412371134,0.24742268041237114
we,2,0.0,1.0,0.0,0.3561643835616438,0.6438356164383562,13,1,0.422680412371134,0.24742268041237114
also,4,0.0,1.0,0.0,0.3561643835616438,0.6438356164383562,13,1,0.422680412371134,0.24742268041237114
notice,6,0.0,1.0,0.0,0.3561643835616438,0.6438356164383562,13,1,0.422680412371134,0.24742268041237114
an,2,0.0,1.0,0.0,0.3561643835616438,0.6438356164383562,13,1,0.422680412371134,0.24742268041237114
asymmetry,9,0.0,1.0,0.0,0.3561643835616438,0.6438356164383562,13,1,0.422680412371134,0.24742268041237114
in,2,0.0,1.0,0.0,0.3561643835616438,0.6438356164383562,13,1,0.422680412371134,0.24742268041237114
the,3,0.0,1.0,0.0,0.3561643835616438,0.6438356164383562,13,1,0.422680412371134,0.24742268041237114
produc-,7,0.0,0.8571428571428571,0.0,0.3561643835616438,0.6438356164383562,13,1,0.422680412371134,0.24742268041237114
values,6,0.0,1.0,0.0,0.8260869565217391,0.17391304347826086,13,1,0.0,0.6443298969072164
for,3,0.0,1.0,0.0,0.8260869565217391,0.17391304347826086,13,1,0.0,0.6443298969072164
the,3,0.0,1.0,0.0,0.8260869565217391,0.17391304347826086,13,1,0.0,0.6443298969072164
site.,5,0.0,0.8,0.0,0.8260869565217391,0.17391304347826086,13,1,0.0,0.6443298969072164
The,3,0.3333333333333333,0.6666666666666666,0.0,0.8260869565217391,0.17391304347826086,13,1,0.0,0.6443298969072164
zero,4,0.0,1.0,0.0,0.8260869565217391,0.17391304347826086,13,1,0.0,0.6443298969072164
point,5,0.0,1.0,0.0,0.8260869565217391,0.17391304347826086,13,1,0.0,0.6443298969072164
offset,6,0.0,1.0,0.0,0.8260869565217391,0.17391304347826086,13,1,0.0,0.6443298969072164
in,2,0.0,1.0,0.0,0.8260869565217391,0.17391304347826086,13,1,0.0,0.6443298969072164
magnitude,9,0.0,1.0,0.0,0.8260869565217391,0.17391304347826086,13,1,0.0,0.6443298969072164
was,3,0.0,1.0,0.0,0.8260869565217391,0.17391304347826086,13,1,0.0,0.6443298969072164
then,4,0.0,1.0,0.0,0.8260869565217391,0.17391304347826086,13,1,0.0,0.6443298969072164
com-,4,0.0,0.75,0.0,0.8260869565217391,0.17391304347826086,13,1,0.0,0.6443298969072164
tion,4,0.0,1.0,0.0,0.3873239436619718,0.6126760563380282,10,1,0.4020618556701031,0.2680412371134021
rates,5,0.0,1.0,0.0,0.3873239436619718,0.6126760563380282,10,1,0.4020618556701031,0.2680412371134021
of,2,0.0,1.0,0.0,0.3873239436619718,0.6126760563380282,10,1,0.4020618556701031,0.2680412371134021
CN,2,1.0,0.0,0.0,0.3873239436619718,0.6126760563380282,10,1,0.4020618556701031,0.2680412371134021
and,3,0.0,1.0,0.0,0.3873239436619718,0.6126760563380282,10,1,0.4020618556701031,0.2680412371134021
C3,2,0.5,0.0,0.5,0.3873239436619718,0.6126760563380282,10,1,0.4020618556701031,0.2680412371134021
post-perihelion.,16,0.0,0.875,0.0,0.3873239436619718,0.6126760563380282,10,1,0.4020618556701031,0.2680412371134021
"Generally,",10,0.1,0.8,0.0,0.3873239436619718,0.6126760563380282,10,1,0.4020618556701031,0.2680412371134021
such,4,0.0,1.0,0.0,0.3873239436619718,0.6126760563380282,10,1,0.4020618556701031,0.2680412371134021
asymme-,7,0.0,0.8571428571428571,0.0,0.3873239436619718,0.6126760563380282,10,1,0.4020618556701031,0.2680412371134021
puted,5,0.0,1.0,0.0,0.8484848484848485,0.1515151515151515,11,1,0.0,0.6597938144329897
with,4,0.0,1.0,0.0,0.8484848484848485,0.1515151515151515,11,1,0.0,0.6597938144329897
the,3,0.0,1.0,0.0,0.8484848484848485,0.1515151515151515,11,1,0.0,0.6597938144329897
help,4,0.0,1.0,0.0,0.8484848484848485,0.1515151515151515,11,1,0.0,0.6597938144329897
of,2,0.0,1.0,0.0,0.8484848484848485,0.1515151515151515,11,1,0.0,0.6597938144329897
Landolt’s,9,0.1111111111111111,0.7777777777777778,0.0,0.8484848484848485,0.1515151515151515,11,1,0.0,0.6597938144329897
standard,8,0.0,1.0,0.0,0.8484848484848485,0.1515151515151515,11,1,0.0,0.6597938144329897
star,4,0.0,1.0,0.0,0.8484848484848485,0.1515151515151515,11,1,0.0,0.6597938144329897
magnitudes,10,0.0,1.0,0.0,0.8484848484848485,0.1515151515151515,11,1,0.0,0.6597938144329897
as,2,0.0,1.0,0.0,0.8484848484848485,0.1515151515151515,11,1,0.0,0.6597938144329897
given,5,0.0,1.0,0.0,0.8484848484848485,0.1515151515151515,11,1,0.0,0.6597938144329897
tries,5,0.0,1.0,0.0,0.3972602739726027,0.6027397260273972,11,1,0.4020618556701031,0.24742268041237114
in,2,0.0,1.0,0.0,0.3972602739726027,0.6027397260273972,11,1,0.4020618556701031,0.24742268041237114
production,10,0.0,1.0,0.0,0.3972602739726027,0.6027397260273972,11,1,0.4020618556701031,0.24742268041237114
rates,5,0.0,1.0,0.0,0.3972602739726027,0.6027397260273972,11,1,0.4020618556701031,0.24742268041237114
are,3,0.0,1.0,0.0,0.3972602739726027,0.6027397260273972,11,1,0.4020618556701031,0.24742268041237114
observed,8,0.0,1.0,0.0,0.3972602739726027,0.6027397260273972,11,1,0.4020618556701031,0.24742268041237114
among,5,0.0,1.0,0.0,0.3972602739726027,0.6027397260273972,11,1,0.4020618556701031,0.24742268041237114
the,3,0.0,1.0,0.0,0.3972602739726027,0.6027397260273972,11,1,0.4020618556701031,0.24742268041237114
short,5,0.0,1.0,0.0,0.3972602739726027,0.6027397260273972,11,1,0.4020618556701031,0.24742268041237114
period,6,0.0,1.0,0.0,0.3972602739726027,0.6027397260273972,11,1,0.4020618556701031,0.24742268041237114
comets,6,0.0,1.0,0.0,0.3972602739726027,0.6027397260273972,11,1,0.4020618556701031,0.24742268041237114
in,2,0.0,1.0,0.0,0.8636363636363636,0.13636363636363635,10,1,0.0,0.6597938144329897
Landolt,7,0.14285714285714285,0.8571428571428571,0.0,0.8636363636363636,0.13636363636363635,10,1,0.0,0.6597938144329897
(1992).,7,0.0,0.0,0.5714285714285714,0.8636363636363636,0.13636363636363635,10,1,0.0,0.6597938144329897
The,3,0.3333333333333333,0.6666666666666666,0.0,0.8636363636363636,0.13636363636363635,10,1,0.0,0.6597938144329897
comet,5,0.0,1.0,0.0,0.8636363636363636,0.13636363636363635,10,1,0.0,0.6597938144329897
instrumental,12,0.0,1.0,0.0,0.8636363636363636,0.13636363636363635,10,1,0.0,0.6597938144329897
magnitude,9,0.0,1.0,0.0,0.8636363636363636,0.13636363636363635,10,1,0.0,0.6597938144329897
were,4,0.0,1.0,0.0,0.8636363636363636,0.13636363636363635,10,1,0.0,0.6597938144329897
then,4,0.0,1.0,0.0,0.8636363636363636,0.13636363636363635,10,1,0.0,0.6597938144329897
cor-,4,0.0,0.75,0.0,0.8636363636363636,0.13636363636363635,10,1,0.0,0.6597938144329897
of,2,0.0,1.0,0.0,0.3793103448275862,0.6206896551724138,13,1,0.4020618556701031,0.25257731958762886
our,3,0.0,1.0,0.0,0.3793103448275862,0.6206896551724138,13,1,0.4020618556701031,0.25257731958762886
Solar,5,0.2,0.8,0.0,0.3793103448275862,0.6206896551724138,13,1,0.4020618556701031,0.25257731958762886
system,6,0.0,1.0,0.0,0.3793103448275862,0.6206896551724138,13,1,0.4020618556701031,0.25257731958762886
(eg.,4,0.0,0.5,0.0,0.3793103448275862,0.6206896551724138,13,1,0.4020618556701031,0.25257731958762886
Opitom,6,0.16666666666666666,0.8333333333333334,0.0,0.3793103448275862,0.6206896551724138,13,1,0.4020618556701031,0.25257731958762886
et,2,0.0,1.0,0.0,0.3793103448275862,0.6206896551724138,13,1,0.4020618556701031,0.25257731958762886
al.,3,0.0,0.6666666666666666,0.0,0.3793103448275862,0.6206896551724138,13,1,0.4020618556701031,0.25257731958762886
2017;,5,0.0,0.0,0.8,0.3793103448275862,0.6206896551724138,13,1,0.4020618556701031,0.25257731958762886
A’Hearn,7,0.2857142857142857,0.5714285714285714,0.0,0.3793103448275862,0.6206896551724138,13,1,0.4020618556701031,0.25257731958762886
et,2,0.0,1.0,0.0,0.3793103448275862,0.6206896551724138,13,1,0.4020618556701031,0.25257731958762886
al.,3,0.0,0.6666666666666666,0.0,0.3793103448275862,0.6206896551724138,13,1,0.4020618556701031,0.25257731958762886
"1984a),",7,0.0,0.14285714285714285,0.5714285714285714,0.3793103448275862,0.6206896551724138,13,1,0.4020618556701031,0.25257731958762886
rected,6,0.0,1.0,0.0,0.8428571428571429,0.15714285714285714,12,1,0.0,0.6391752577319587
for,3,0.0,1.0,0.0,0.8428571428571429,0.15714285714285714,12,1,0.0,0.6391752577319587
zero,4,0.0,1.0,0.0,0.8428571428571429,0.15714285714285714,12,1,0.0,0.6391752577319587
point,5,0.0,1.0,0.0,0.8428571428571429,0.15714285714285714,12,1,0.0,0.6391752577319587
to,2,0.0,1.0,0.0,0.8428571428571429,0.15714285714285714,12,1,0.0,0.6391752577319587
obtain,6,0.0,1.0,0.0,0.8428571428571429,0.15714285714285714,12,1,0.0,0.6391752577319587
its,3,0.0,1.0,0.0,0.8428571428571429,0.15714285714285714,12,1,0.0,0.6391752577319587
apparent,8,0.0,1.0,0.0,0.8428571428571429,0.15714285714285714,12,1,0.0,0.6391752577319587
magnitude,9,0.0,1.0,0.0,0.8428571428571429,0.15714285714285714,12,1,0.0,0.6391752577319587
in,2,0.0,1.0,0.0,0.8428571428571429,0.15714285714285714,12,1,0.0,0.6391752577319587
various,7,0.0,1.0,0.0,0.8428571428571429,0.15714285714285714,12,1,0.0,0.6391752577319587
fil-,4,0.0,0.75,0.0,0.8428571428571429,0.15714285714285714,12,1,0.0,0.6391752577319587
close,5,0.0,1.0,0.0,0.38461538461538464,0.6153846153846154,11,1,0.4020618556701031,0.2628865979381443
to,2,0.0,1.0,0.0,0.38461538461538464,0.6153846153846154,11,1,0.4020618556701031,0.2628865979381443
perihelion.,11,0.0,0.9090909090909091,0.0,0.38461538461538464,0.6153846153846154,11,1,0.4020618556701031,0.2628865979381443
This,4,0.25,0.75,0.0,0.38461538461538464,0.6153846153846154,11,1,0.4020618556701031,0.2628865979381443
asymmetry,9,0.0,1.0,0.0,0.38461538461538464,0.6153846153846154,11,1,0.4020618556701031,0.2628865979381443
is,2,0.0,1.0,0.0,0.38461538461538464,0.6153846153846154,11,1,0.4020618556701031,0.2628865979381443
expected,8,0.0,1.0,0.0,0.38461538461538464,0.6153846153846154,11,1,0.4020618556701031,0.2628865979381443
either,6,0.0,1.0,0.0,0.38461538461538464,0.6153846153846154,11,1,0.4020618556701031,0.2628865979381443
due,3,0.0,1.0,0.0,0.38461538461538464,0.6153846153846154,11,1,0.4020618556701031,0.2628865979381443
to,2,0.0,1.0,0.0,0.38461538461538464,0.6153846153846154,11,1,0.4020618556701031,0.2628865979381443
the,3,0.0,1.0,0.0,0.38461538461538464,0.6153846153846154,11,1,0.4020618556701031,0.2628865979381443
ters.,5,0.0,0.8,0.0,0.8378378378378378,0.16216216216216217,7,1,0.0,0.8092783505154639
These,5,0.2,0.8,0.0,0.8378378378378378,0.16216216216216217,7,1,0.0,0.8092783505154639
are,3,0.0,1.0,0.0,0.8378378378378378,0.16216216216216217,7,1,0.0,0.8092783505154639
tabulated,9,0.0,1.0,0.0,0.8378378378378378,0.16216216216216217,7,1,0.0,0.8092783505154639
in,2,0.0,1.0,0.0,0.8378378378378378,0.16216216216216217,7,1,0.0,0.8092783505154639
Table,5,0.2,0.8,0.0,0.8378378378378378,0.16216216216216217,7,1,0.0,0.8092783505154639
3.,2,0.0,0.0,0.5,0.8378378378378378,0.16216216216216217,7,1,0.0,0.8092783505154639
illumination,12,0.0,1.0,0.0,0.4041095890410959,0.595890410958904,10,1,0.4020618556701031,0.24742268041237114
of,2,0.0,1.0,0.0,0.4041095890410959,0.595890410958904,10,1,0.4020618556701031,0.24742268041237114
different,9,0.0,1.0,0.0,0.4041095890410959,0.595890410958904,10,1,0.4020618556701031,0.24742268041237114
areas,5,0.0,1.0,0.0,0.4041095890410959,0.595890410958904,10,1,0.4020618556701031,0.24742268041237114
of,2,0.0,1.0,0.0,0.4041095890410959,0.595890410958904,10,1,0.4020618556701031,0.24742268041237114
the,3,0.0,1.0,0.0,0.4041095890410959,0.595890410958904,10,1,0.4020618556701031,0.24742268041237114
nucleus,7,0.0,1.0,0.0,0.4041095890410959,0.595890410958904,10,1,0.4020618556701031,0.24742268041237114
having,6,0.0,1.0,0.0,0.4041095890410959,0.595890410958904,10,1,0.4020618556701031,0.24742268041237114
different,9,0.0,1.0,0.0,0.4041095890410959,0.595890410958904,10,1,0.4020618556701031,0.24742268041237114
sur-,4,0.0,0.75,0.0,0.4041095890410959,0.595890410958904,10,1,0.4020618556701031,0.24742268041237114
face,4,0.0,1.0,0.0,0.3793103448275862,0.6206896551724138,13,1,0.4020618556701031,0.25257731958762886
processing,10,0.0,1.0,0.0,0.3793103448275862,0.6206896551724138,13,1,0.4020618556701031,0.25257731958762886
during,6,0.0,1.0,0.0,0.3793103448275862,0.6206896551724138,13,1,0.4020618556701031,0.25257731958762886
their,5,0.0,1.0,0.0,0.3793103448275862,0.6206896551724138,13,1,0.4020618556701031,0.25257731958762886
orbit,5,0.0,1.0,0.0,0.3793103448275862,0.6206896551724138,13,1,0.4020618556701031,0.25257731958762886
or,2,0.0,1.0,0.0,0.3793103448275862,0.6206896551724138,13,1,0.4020618556701031,0.25257731958762886
due,3,0.0,1.0,0.0,0.3793103448275862,0.6206896551724138,13,1,0.4020618556701031,0.25257731958762886
to,2,0.0,1.0,0.0,0.3793103448275862,0.6206896551724138,13,1,0.4020618556701031,0.25257731958762886
the,3,0.0,1.0,0.0,0.3793103448275862,0.6206896551724138,13,1,0.4020618556701031,0.25257731958762886
presence,8,0.0,1.0,0.0,0.3793103448275862,0.6206896551724138,13,1,0.4020618556701031,0.25257731958762886
of,2,0.0,1.0,0.0,0.3793103448275862,0.6206896551724138,13,1,0.4020618556701031,0.25257731958762886
a,1,0.0,1.0,0.0,0.3793103448275862,0.6206896551724138,13,1,0.4020618556701031,0.25257731958762886
less,4,0.0,1.0,0.0,0.3793103448275862,0.6206896551724138,13,1,0.4020618556701031,0.25257731958762886
volatile,8,0.0,1.0,0.0,0.3972602739726027,0.6027397260273972,11,1,0.4020618556701031,0.24742268041237114
"surface,",8,0.0,0.875,0.0,0.3972602739726027,0.6027397260273972,11,1,0.4020618556701031,0.24742268041237114
depleted,8,0.0,1.0,0.0,0.3972602739726027,0.6027397260273972,11,1,0.4020618556701031,0.24742268041237114
in,2,0.0,1.0,0.0,0.3972602739726027,0.6027397260273972,11,1,0.4020618556701031,0.24742268041237114
most,4,0.0,1.0,0.0,0.3972602739726027,0.6027397260273972,11,1,0.4020618556701031,0.24742268041237114
of,2,0.0,1.0,0.0,0.3972602739726027,0.6027397260273972,11,1,0.4020618556701031,0.24742268041237114
the,3,0.0,1.0,0.0,0.3972602739726027,0.6027397260273972,11,1,0.4020618556701031,0.24742268041237114
molecules.,10,0.0,0.9,0.0,0.3972602739726027,0.6027397260273972,11,1,0.4020618556701031,0.24742268041237114
Once,4,0.25,0.75,0.0,0.3972602739726027,0.6027397260273972,11,1,0.4020618556701031,0.24742268041237114
these,5,0.0,1.0,0.0,0.3972602739726027,0.6027397260273972,11,1,0.4020618556701031,0.24742268041237114
lay-,4,0.0,0.75,0.0,0.3972602739726027,0.6027397260273972,11,1,0.4020618556701031,0.24742268041237114
4,1,0.0,0.0,1.0,0.5369127516778524,0.46308724832214765,15,29,0.0,0.2319587628865979
RESULTS,7,1.0,0.0,0.0,0.5369127516778524,0.46308724832214765,15,29,0.0,0.2319587628865979
&,1,0.0,0.0,0.0,0.5369127516778524,0.46308724832214765,15,29,0.0,0.2319587628865979
DISCUSSION,10,1.0,0.0,0.0,0.5369127516778524,0.46308724832214765,15,29,0.0,0.2319587628865979
ers,3,0.0,1.0,0.0,0.5369127516778524,0.46308724832214765,15,29,0.0,0.2319587628865979
get,3,0.0,1.0,0.0,0.5369127516778524,0.46308724832214765,15,29,0.0,0.2319587628865979
disintegrated,13,0.0,1.0,0.0,0.5369127516778524,0.46308724832214765,15,29,0.0,0.2319587628865979
by,2,0.0,1.0,0.0,0.5369127516778524,0.46308724832214765,15,29,0.0,0.2319587628865979
the,3,0.0,1.0,0.0,0.5369127516778524,0.46308724832214765,15,29,0.0,0.2319587628865979
solar,5,0.0,1.0,0.0,0.5369127516778524,0.46308724832214765,15,29,0.0,0.2319587628865979
"radiation,",10,0.0,0.9,0.0,0.5369127516778524,0.46308724832214765,15,29,0.0,0.2319587628865979
the,3,0.0,1.0,0.0,0.5369127516778524,0.46308724832214765,15,29,0.0,0.2319587628865979
less,4,0.0,1.0,0.0,0.5369127516778524,0.46308724832214765,15,29,0.0,0.2319587628865979
depleted,8,0.0,1.0,0.0,0.5369127516778524,0.46308724832214765,15,29,0.0,0.2319587628865979
surface,7,0.0,1.0,0.0,0.5369127516778524,0.46308724832214765,15,29,0.0,0.2319587628865979
of,2,0.0,1.0,0.0,0.3776223776223776,0.6223776223776224,12,1,0.4020618556701031,0.2628865979381443
the,3,0.0,1.0,0.0,0.3776223776223776,0.6223776223776224,12,1,0.4020618556701031,0.2628865979381443
comet,5,0.0,1.0,0.0,0.3776223776223776,0.6223776223776224,12,1,0.4020618556701031,0.2628865979381443
gets,4,0.0,1.0,0.0,0.3776223776223776,0.6223776223776224,12,1,0.4020618556701031,0.2628865979381443
exposed,7,0.0,1.0,0.0,0.3776223776223776,0.6223776223776224,12,1,0.4020618556701031,0.2628865979381443
resulting,9,0.0,1.0,0.0,0.3776223776223776,0.6223776223776224,12,1,0.4020618556701031,0.2628865979381443
in,2,0.0,1.0,0.0,0.3776223776223776,0.6223776223776224,12,1,0.4020618556701031,0.2628865979381443
an,2,0.0,1.0,0.0,0.3776223776223776,0.6223776223776224,12,1,0.4020618556701031,0.2628865979381443
increased,9,0.0,1.0,0.0,0.3776223776223776,0.6223776223776224,12,1,0.4020618556701031,0.2628865979381443
flux,4,0.0,1.0,0.0,0.3776223776223776,0.6223776223776224,12,1,0.4020618556701031,0.2628865979381443
in,2,0.0,1.0,0.0,0.3776223776223776,0.6223776223776224,12,1,0.4020618556701031,0.2628865979381443
emis-,5,0.0,0.8,0.0,0.3776223776223776,0.6223776223776224,12,1,0.4020618556701031,0.2628865979381443
4.1,3,0.0,0.0,0.6666666666666666,0.9375,0.0625,2,1,0.0,0.9175257731958762
Spectroscopy,12,0.08333333333333333,0.9166666666666666,0.0,0.9375,0.0625,2,1,0.0,0.9175257731958762
sions.,6,0.0,0.8333333333333334,0.0,0.38461538461538464,0.6153846153846154,11,1,0.4020618556701031,0.2628865979381443
"However,",8,0.125,0.75,0.0,0.38461538461538464,0.6153846153846154,11,1,0.4020618556701031,0.2628865979381443
Bodewits,8,0.125,0.875,0.0,0.38461538461538464,0.6153846153846154,11,1,0.4020618556701031,0.2628865979381443
et,2,0.0,1.0,0.0,0.38461538461538464,0.6153846153846154,11,1,0.4020618556701031,0.2628865979381443
al.,3,0.0,0.6666666666666666,0.0,0.38461538461538464,0.6153846153846154,11,1,0.4020618556701031,0.2628865979381443
(2020),6,0.0,0.0,0.6666666666666666,0.38461538461538464,0.6153846153846154,11,1,0.4020618556701031,0.2628865979381443
and,3,0.0,1.0,0.0,0.38461538461538464,0.6153846153846154,11,1,0.4020618556701031,0.2628865979381443
Cordiner,8,0.125,0.875,0.0,0.38461538461538464,0.6153846153846154,11,1,0.4020618556701031,0.2628865979381443
et,2,0.0,1.0,0.0,0.38461538461538464,0.6153846153846154,11,1,0.4020618556701031,0.2628865979381443
al.,3,0.0,0.6666666666666666,0.0,0.38461538461538464,0.6153846153846154,11,1,0.4020618556701031,0.2628865979381443
(2020),6,0.0,0.0,0.6666666666666666,0.38461538461538464,0.6153846153846154,11,1,0.4020618556701031,0.2628865979381443
From,4,0.25,0.75,0.0,0.8169014084507042,0.18309859154929575,18,6,0.0,0.2680412371134021
successful,10,0.0,1.0,0.0,0.8169014084507042,0.18309859154929575,18,6,0.0,0.2680412371134021
spectroscopic,13,0.0,1.0,0.0,0.8169014084507042,0.18309859154929575,18,6,0.0,0.2680412371134021
observations,12,0.0,1.0,0.0,0.8169014084507042,0.18309859154929575,18,6,0.0,0.2680412371134021
of,2,0.0,1.0,0.0,0.8169014084507042,0.18309859154929575,18,6,0.0,0.2680412371134021
the,3,0.0,1.0,0.0,0.8169014084507042,0.18309859154929575,18,6,0.0,0.2680412371134021
interstellar,12,0.0,1.0,0.0,0.8169014084507042,0.18309859154929575,18,6,0.0,0.2680412371134021
visi-,5,0.0,0.8,0.0,0.8169014084507042,0.18309859154929575,18,6,0.0,0.2680412371134021
report,6,0.0,1.0,0.0,0.8169014084507042,0.18309859154929575,18,6,0.0,0.2680412371134021
that,4,0.0,1.0,0.0,0.8169014084507042,0.18309859154929575,18,6,0.0,0.2680412371134021
2I/Borisov,10,0.2,0.6,0.1,0.8169014084507042,0.18309859154929575,18,6,0.0,0.2680412371134021
has,3,0.0,1.0,0.0,0.8169014084507042,0.18309859154929575,18,6,0.0,0.2680412371134021
an,2,0.0,1.0,0.0,0.8169014084507042,0.18309859154929575,18,6,0.0,0.2680412371134021
extremely,9,0.0,1.0,0.0,0.8169014084507042,0.18309859154929575,18,6,0.0,0.2680412371134021
high,4,0.0,1.0,0.0,0.8169014084507042,0.18309859154929575,18,6,0.0,0.2680412371134021
abundance,9,0.0,1.0,0.0,0.8169014084507042,0.18309859154929575,18,6,0.0,0.2680412371134021
of,2,0.0,1.0,0.0,0.8169014084507042,0.18309859154929575,18,6,0.0,0.2680412371134021
carbon,6,0.0,1.0,0.0,0.8169014084507042,0.18309859154929575,18,6,0.0,0.2680412371134021
"tor,",4,0.0,0.75,0.0,0.7916666666666666,0.20833333333333337,24,5,0.0,0.25773195876288657
carried,7,0.0,1.0,0.0,0.7916666666666666,0.20833333333333337,24,5,0.0,0.25773195876288657
out,3,0.0,1.0,0.0,0.7916666666666666,0.20833333333333337,24,5,0.0,0.25773195876288657
on,2,0.0,1.0,0.0,0.7916666666666666,0.20833333333333337,24,5,0.0,0.25773195876288657
two,3,0.0,1.0,0.0,0.7916666666666666,0.20833333333333337,24,5,0.0,0.25773195876288657
"epochs,",7,0.0,0.8571428571428571,0.0,0.7916666666666666,0.20833333333333337,24,5,0.0,0.25773195876288657
pre,3,0.0,1.0,0.0,0.7916666666666666,0.20833333333333337,24,5,0.0,0.25773195876288657
and,3,0.0,1.0,0.0,0.7916666666666666,0.20833333333333337,24,5,0.0,0.25773195876288657
post,4,0.0,1.0,0.0,0.7916666666666666,0.20833333333333337,24,5,0.0,0.25773195876288657
"perihelion,",11,0.0,0.9090909090909091,0.0,0.7916666666666666,0.20833333333333337,24,5,0.0,0.25773195876288657
we,2,0.0,1.0,0.0,0.7916666666666666,0.20833333333333337,24,5,0.0,0.25773195876288657
detect,6,0.0,1.0,0.0,0.7916666666666666,0.20833333333333337,24,5,0.0,0.25773195876288657
the,3,0.0,1.0,0.0,0.7916666666666666,0.20833333333333337,24,5,0.0,0.25773195876288657
"monoxide,",9,0.0,0.8888888888888888,0.0,0.7916666666666666,0.20833333333333337,24,5,0.0,0.25773195876288657
implying,8,0.0,1.0,0.0,0.7916666666666666,0.20833333333333337,24,5,0.0,0.25773195876288657
that,4,0.0,1.0,0.0,0.7916666666666666,0.20833333333333337,24,5,0.0,0.25773195876288657
the,3,0.0,1.0,0.0,0.7916666666666666,0.20833333333333337,24,5,0.0,0.25773195876288657
surface,7,0.0,1.0,0.0,0.7916666666666666,0.20833333333333337,24,5,0.0,0.25773195876288657
of,2,0.0,1.0,0.0,0.7916666666666666,0.20833333333333337,24,5,0.0,0.25773195876288657
the,3,0.0,1.0,0.0,0.7916666666666666,0.20833333333333337,24,5,0.0,0.25773195876288657
comet,5,0.0,1.0,0.0,0.7916666666666666,0.20833333333333337,24,5,0.0,0.25773195876288657
has,3,0.0,1.0,0.0,0.7916666666666666,0.20833333333333337,24,5,0.0,0.25773195876288657
not,3,0.0,1.0,0.0,0.7916666666666666,0.20833333333333337,24,5,0.0,0.25773195876288657
undergone,9,0.0,1.0,0.0,0.7916666666666666,0.20833333333333337,24,5,0.0,0.25773195876288657
presence,8,0.0,1.0,0.0,0.7328767123287672,0.26712328767123283,24,9,0.0,0.24742268041237114
of,2,0.0,1.0,0.0,0.7328767123287672,0.26712328767123283,24,9,0.0,0.24742268041237114
CN,2,1.0,0.0,0.0,0.7328767123287672,0.26712328767123283,24,9,0.0,0.24742268041237114
"radical,",8,0.0,0.875,0.0,0.7328767123287672,0.26712328767123283,24,9,0.0,0.24742268041237114
C2,2,0.5,0.0,0.5,0.7328767123287672,0.26712328767123283,24,9,0.0,0.24742268041237114
(∆ν,3,0.0,0.3333333333333333,0.0,0.7328767123287672,0.26712328767123283,24,9,0.0,0.24742268041237114
=,1,0.0,0.0,0.0,0.7328767123287672,0.26712328767123283,24,9,0.0,0.24742268041237114
0),2,0.0,0.0,0.5,0.7328767123287672,0.26712328767123283,24,9,0.0,0.24742268041237114
Swan,4,0.25,0.75,0.0,0.7328767123287672,0.26712328767123283,24,9,0.0,0.24742268041237114
band,4,0.0,1.0,0.0,0.7328767123287672,0.26712328767123283,24,9,0.0,0.24742268041237114
and,3,0.0,1.0,0.0,0.7328767123287672,0.26712328767123283,24,9,0.0,0.24742268041237114
C3,2,0.5,0.0,0.5,0.7328767123287672,0.26712328767123283,24,9,0.0,0.24742268041237114
emission,8,0.0,1.0,0.0,0.7328767123287672,0.26712328767123283,24,9,0.0,0.24742268041237114
a,1,0.0,1.0,0.0,0.7328767123287672,0.26712328767123283,24,9,0.0,0.24742268041237114
sufficiently,12,0.0,1.0,0.0,0.7328767123287672,0.26712328767123283,24,9,0.0,0.24742268041237114
intense,7,0.0,1.0,0.0,0.7328767123287672,0.26712328767123283,24,9,0.0,0.24742268041237114
heat,4,0.0,1.0,0.0,0.7328767123287672,0.26712328767123283,24,9,0.0,0.24742268041237114
processing,10,0.0,1.0,0.0,0.7328767123287672,0.26712328767123283,24,9,0.0,0.24742268041237114
to,2,0.0,1.0,0.0,0.7328767123287672,0.26712328767123283,24,9,0.0,0.24742268041237114
cause,5,0.0,1.0,0.0,0.7328767123287672,0.26712328767123283,24,9,0.0,0.24742268041237114
the,3,0.0,1.0,0.0,0.7328767123287672,0.26712328767123283,24,9,0.0,0.24742268041237114
depletion,9,0.0,1.0,0.0,0.7328767123287672,0.26712328767123283,24,9,0.0,0.24742268041237114
of,2,0.0,1.0,0.0,0.7328767123287672,0.26712328767123283,24,9,0.0,0.24742268041237114
the,3,0.0,1.0,0.0,0.7328767123287672,0.26712328767123283,24,9,0.0,0.24742268041237114
(latter,7,0.0,0.8571428571428571,0.0,0.7876712328767124,0.21232876712328763,23,6,0.0,0.24742268041237114
two,3,0.0,1.0,0.0,0.7876712328767124,0.21232876712328763,23,6,0.0,0.24742268041237114
being,5,0.0,1.0,0.0,0.7876712328767124,0.21232876712328763,23,6,0.0,0.24742268041237114
highly,6,0.0,1.0,0.0,0.7876712328767124,0.21232876712328763,23,6,0.0,0.24742268041237114
depleted),9,0.0,0.8888888888888888,0.0,0.7876712328767124,0.21232876712328763,23,6,0.0,0.24742268041237114
as,2,0.0,1.0,0.0,0.7876712328767124,0.21232876712328763,23,6,0.0,0.24742268041237114
shown,5,0.0,1.0,0.0,0.7876712328767124,0.21232876712328763,23,6,0.0,0.24742268041237114
in,2,0.0,1.0,0.0,0.7876712328767124,0.21232876712328763,23,6,0.0,0.24742268041237114
Figure,6,0.16666666666666666,0.8333333333333334,0.0,0.7876712328767124,0.21232876712328763,23,6,0.0,0.24742268041237114
2.,2,0.0,0.0,0.5,0.7876712328767124,0.21232876712328763,23,6,0.0,0.24742268041237114
The,3,0.3333333333333333,0.6666666666666666,0.0,0.7876712328767124,0.21232876712328763,23,6,0.0,0.24742268041237114
produc-,7,0.0,0.8571428571428571,0.0,0.7876712328767124,0.21232876712328763,23,6,0.0,0.24742268041237114
top,3,0.0,1.0,0.0,0.7876712328767124,0.21232876712328763,23,6,0.0,0.24742268041237114
volatile,8,0.0,1.0,0.0,0.7876712328767124,0.21232876712328763,23,6,0.0,0.24742268041237114
surface.,8,0.0,0.875,0.0,0.7876712328767124,0.21232876712328763,23,6,0.0,0.24742268041237114
In,2,0.5,0.5,0.0,0.7876712328767124,0.21232876712328763,23,6,0.0,0.24742268041237114
"addition,",9,0.0,0.8888888888888888,0.0,0.7876712328767124,0.21232876712328763,23,6,0.0,0.24742268041237114
such,4,0.0,1.0,0.0,0.7876712328767124,0.21232876712328763,23,6,0.0,0.24742268041237114
high,4,0.0,1.0,0.0,0.7876712328767124,0.21232876712328763,23,6,0.0,0.24742268041237114
CO,2,1.0,0.0,0.0,0.7876712328767124,0.21232876712328763,23,6,0.0,0.24742268041237114
abundance,9,0.0,1.0,0.0,0.7876712328767124,0.21232876712328763,23,6,0.0,0.24742268041237114
is,2,0.0,1.0,0.0,0.7876712328767124,0.21232876712328763,23,6,0.0,0.24742268041237114
usually,7,0.0,1.0,0.0,0.7876712328767124,0.21232876712328763,23,6,0.0,0.24742268041237114
tion,4,0.0,1.0,0.0,0.7622377622377622,0.23776223776223782,24,7,0.0,0.2628865979381443
rates,5,0.0,1.0,0.0,0.7622377622377622,0.23776223776223782,24,7,0.0,0.2628865979381443
of,2,0.0,1.0,0.0,0.7622377622377622,0.23776223776223782,24,7,0.0,0.2628865979381443
"CN,",3,0.6666666666666666,0.0,0.0,0.7622377622377622,0.23776223776223782,24,7,0.0,0.2628865979381443
C2,2,0.5,0.0,0.5,0.7622377622377622,0.23776223776223782,24,7,0.0,0.2628865979381443
and,3,0.0,1.0,0.0,0.7622377622377622,0.23776223776223782,24,7,0.0,0.2628865979381443
C3,2,0.5,0.0,0.5,0.7622377622377622,0.23776223776223782,24,7,0.0,0.2628865979381443
computed,8,0.0,1.0,0.0,0.7622377622377622,0.23776223776223782,24,7,0.0,0.2628865979381443
for,3,0.0,1.0,0.0,0.7622377622377622,0.23776223776223782,24,7,0.0,0.2628865979381443
both,4,0.0,1.0,0.0,0.7622377622377622,0.23776223776223782,24,7,0.0,0.2628865979381443
"epochs,",7,0.0,0.8571428571428571,0.0,0.7622377622377622,0.23776223776223782,24,7,0.0,0.2628865979381443
as,2,0.0,1.0,0.0,0.7622377622377622,0.23776223776223782,24,7,0.0,0.2628865979381443
mentioned,9,0.0,1.0,0.0,0.7622377622377622,0.23776223776223782,24,7,0.0,0.2628865979381443
uncommon,8,0.0,1.0,0.0,0.7622377622377622,0.23776223776223782,24,7,0.0,0.2628865979381443
among,5,0.0,1.0,0.0,0.7622377622377622,0.23776223776223782,24,7,0.0,0.2628865979381443
the,3,0.0,1.0,0.0,0.7622377622377622,0.23776223776223782,24,7,0.0,0.2628865979381443
short,5,0.0,1.0,0.0,0.7622377622377622,0.23776223776223782,24,7,0.0,0.2628865979381443
period,6,0.0,1.0,0.0,0.7622377622377622,0.23776223776223782,24,7,0.0,0.2628865979381443
comets,6,0.0,1.0,0.0,0.7622377622377622,0.23776223776223782,24,7,0.0,0.2628865979381443
(Dello,6,0.16666666666666666,0.6666666666666666,0.0,0.7622377622377622,0.23776223776223782,24,7,0.0,0.2628865979381443
Russo,5,0.2,0.8,0.0,0.7622377622377622,0.23776223776223782,24,7,0.0,0.2628865979381443
et,2,0.0,1.0,0.0,0.7622377622377622,0.23776223776223782,24,7,0.0,0.2628865979381443
al.,3,0.0,0.6666666666666666,0.0,0.7622377622377622,0.23776223776223782,24,7,0.0,0.2628865979381443
2016).,6,0.0,0.0,0.6666666666666666,0.7622377622377622,0.23776223776223782,24,7,0.0,0.2628865979381443
in,2,0.0,1.0,0.0,0.7762237762237763,0.22377622377622375,23,6,0.0,0.2628865979381443
Section,7,0.14285714285714285,0.8571428571428571,0.0,0.7762237762237763,0.22377622377622375,23,6,0.0,0.2628865979381443
"3.1,",4,0.0,0.0,0.5,0.7762237762237763,0.22377622377622375,23,6,0.0,0.2628865979381443
are,3,0.0,1.0,0.0,0.7762237762237763,0.22377622377622375,23,6,0.0,0.2628865979381443
listed,6,0.0,1.0,0.0,0.7762237762237763,0.22377622377622375,23,6,0.0,0.2628865979381443
in,2,0.0,1.0,0.0,0.7762237762237763,0.22377622377622375,23,6,0.0,0.2628865979381443
Table,5,0.2,0.8,0.0,0.7762237762237763,0.22377622377622375,23,6,0.0,0.2628865979381443
2.,2,0.0,0.0,0.5,0.7762237762237763,0.22377622377622375,23,6,0.0,0.2628865979381443
The,3,0.3333333333333333,0.6666666666666666,0.0,0.7762237762237763,0.22377622377622375,23,6,0.0,0.2628865979381443
comet,5,0.0,1.0,0.0,0.7762237762237763,0.22377622377622375,23,6,0.0,0.2628865979381443
has,3,0.0,1.0,0.0,0.7762237762237763,0.22377622377622375,23,6,0.0,0.2628865979381443
been,4,0.0,1.0,0.0,0.7762237762237763,0.22377622377622375,23,6,0.0,0.2628865979381443
monitored,9,0.0,1.0,0.0,0.7762237762237763,0.22377622377622375,23,6,0.0,0.2628865979381443
All,3,0.3333333333333333,0.6666666666666666,0.0,0.7762237762237763,0.22377622377622375,23,6,0.0,0.2628865979381443
these,5,0.0,1.0,0.0,0.7762237762237763,0.22377622377622375,23,6,0.0,0.2628865979381443
reported,8,0.0,1.0,0.0,0.7762237762237763,0.22377622377622375,23,6,0.0,0.2628865979381443
facts,5,0.0,1.0,0.0,0.7762237762237763,0.22377622377622375,23,6,0.0,0.2628865979381443
and,3,0.0,1.0,0.0,0.7762237762237763,0.22377622377622375,23,6,0.0,0.2628865979381443
the,3,0.0,1.0,0.0,0.7762237762237763,0.22377622377622375,23,6,0.0,0.2628865979381443
observed,8,0.0,1.0,0.0,0.7762237762237763,0.22377622377622375,23,6,0.0,0.2628865979381443
asymmetry,9,0.0,1.0,0.0,0.7762237762237763,0.22377622377622375,23,6,0.0,0.2628865979381443
in,2,0.0,1.0,0.0,0.7762237762237763,0.22377622377622375,23,6,0.0,0.2628865979381443
production,10,0.0,1.0,0.0,0.7762237762237763,0.22377622377622375,23,6,0.0,0.2628865979381443
in,2,0.0,1.0,0.0,0.8055555555555556,0.19444444444444442,20,6,0.0,0.25773195876288657
spectroscopy,12,0.0,1.0,0.0,0.8055555555555556,0.19444444444444442,20,6,0.0,0.25773195876288657
by,2,0.0,1.0,0.0,0.8055555555555556,0.19444444444444442,20,6,0.0,0.25773195876288657
various,7,0.0,1.0,0.0,0.8055555555555556,0.19444444444444442,20,6,0.0,0.25773195876288657
groups,6,0.0,1.0,0.0,0.8055555555555556,0.19444444444444442,20,6,0.0,0.25773195876288657
with,4,0.0,1.0,0.0,0.8055555555555556,0.19444444444444442,20,6,0.0,0.25773195876288657
heliocentric,12,0.0,1.0,0.0,0.8055555555555556,0.19444444444444442,20,6,0.0,0.25773195876288657
distance,8,0.0,1.0,0.0,0.8055555555555556,0.19444444444444442,20,6,0.0,0.25773195876288657
ranging,7,0.0,1.0,0.0,0.8055555555555556,0.19444444444444442,20,6,0.0,0.25773195876288657
rates,5,0.0,1.0,0.0,0.8055555555555556,0.19444444444444442,20,6,0.0,0.25773195876288657
around,6,0.0,1.0,0.0,0.8055555555555556,0.19444444444444442,20,6,0.0,0.25773195876288657
"perihelion,",11,0.0,0.9090909090909091,0.0,0.8055555555555556,0.19444444444444442,20,6,0.0,0.25773195876288657
makes,5,0.0,1.0,0.0,0.8055555555555556,0.19444444444444442,20,6,0.0,0.25773195876288657
us,2,0.0,1.0,0.0,0.8055555555555556,0.19444444444444442,20,6,0.0,0.25773195876288657
raise,5,0.0,1.0,0.0,0.8055555555555556,0.19444444444444442,20,6,0.0,0.25773195876288657
a,1,0.0,1.0,0.0,0.8055555555555556,0.19444444444444442,20,6,0.0,0.25773195876288657
question,8,0.0,1.0,0.0,0.8055555555555556,0.19444444444444442,20,6,0.0,0.25773195876288657
on,2,0.0,1.0,0.0,0.8055555555555556,0.19444444444444442,20,6,0.0,0.25773195876288657
the,3,0.0,1.0,0.0,0.8055555555555556,0.19444444444444442,20,6,0.0,0.25773195876288657
chemical,8,0.0,1.0,0.0,0.8055555555555556,0.19444444444444442,20,6,0.0,0.25773195876288657
from,4,0.0,1.0,0.0,0.7724137931034483,0.22758620689655173,23,7,0.0,0.25257731958762886
2.7,3,0.0,0.0,0.6666666666666666,0.7724137931034483,0.22758620689655173,23,7,0.0,0.25257731958762886
to,2,0.0,1.0,0.0,0.7724137931034483,0.22758620689655173,23,7,0.0,0.25257731958762886
2.02,4,0.0,0.0,0.75,0.7724137931034483,0.22758620689655173,23,7,0.0,0.25257731958762886
AU.,3,0.6666666666666666,0.0,0.0,0.7724137931034483,0.22758620689655173,23,7,0.0,0.25257731958762886
The,3,0.3333333333333333,0.6666666666666666,0.0,0.7724137931034483,0.22758620689655173,23,7,0.0,0.25257731958762886
current,7,0.0,1.0,0.0,0.7724137931034483,0.22758620689655173,23,7,0.0,0.25257731958762886
work,4,0.0,1.0,0.0,0.7724137931034483,0.22758620689655173,23,7,0.0,0.25257731958762886
reports,7,0.0,1.0,0.0,0.7724137931034483,0.22758620689655173,23,7,0.0,0.25257731958762886
the,3,0.0,1.0,0.0,0.7724137931034483,0.22758620689655173,23,7,0.0,0.25257731958762886
production,10,0.0,1.0,0.0,0.7724137931034483,0.22758620689655173,23,7,0.0,0.25257731958762886
rates,5,0.0,1.0,0.0,0.7724137931034483,0.22758620689655173,23,7,0.0,0.25257731958762886
homogeneity,11,0.0,1.0,0.0,0.7724137931034483,0.22758620689655173,23,7,0.0,0.25257731958762886
of,2,0.0,1.0,0.0,0.7724137931034483,0.22758620689655173,23,7,0.0,0.25257731958762886
the,3,0.0,1.0,0.0,0.7724137931034483,0.22758620689655173,23,7,0.0,0.25257731958762886
material,8,0.0,1.0,0.0,0.7724137931034483,0.22758620689655173,23,7,0.0,0.25257731958762886
present,7,0.0,1.0,0.0,0.7724137931034483,0.22758620689655173,23,7,0.0,0.25257731958762886
in,2,0.0,1.0,0.0,0.7724137931034483,0.22758620689655173,23,7,0.0,0.25257731958762886
the,3,0.0,1.0,0.0,0.7724137931034483,0.22758620689655173,23,7,0.0,0.25257731958762886
nucleus,7,0.0,1.0,0.0,0.7724137931034483,0.22758620689655173,23,7,0.0,0.25257731958762886
of,2,0.0,1.0,0.0,0.7724137931034483,0.22758620689655173,23,7,0.0,0.25257731958762886
2I/Borisov,10,0.2,0.6,0.1,0.7724137931034483,0.22758620689655173,23,7,0.0,0.25257731958762886
or,2,0.0,1.0,0.0,0.7724137931034483,0.22758620689655173,23,7,0.0,0.25257731958762886
for,3,0.0,1.0,0.0,0.7755102040816326,0.22448979591836737,24,6,0.0,0.24226804123711343
the,3,0.0,1.0,0.0,0.7755102040816326,0.22448979591836737,24,6,0.0,0.24226804123711343
comet,5,0.0,1.0,0.0,0.7755102040816326,0.22448979591836737,24,6,0.0,0.24226804123711343
pre,3,0.0,1.0,0.0,0.7755102040816326,0.22448979591836737,24,6,0.0,0.24226804123711343
and,3,0.0,1.0,0.0,0.7755102040816326,0.22448979591836737,24,6,0.0,0.24226804123711343
post,4,0.0,1.0,0.0,0.7755102040816326,0.22448979591836737,24,6,0.0,0.24226804123711343
perihelion,10,0.0,1.0,0.0,0.7755102040816326,0.22448979591836737,24,6,0.0,0.24226804123711343
and,3,0.0,1.0,0.0,0.7755102040816326,0.22448979591836737,24,6,0.0,0.24226804123711343
hence,5,0.0,1.0,0.0,0.7755102040816326,0.22448979591836737,24,6,0.0,0.24226804123711343
contributes,11,0.0,1.0,0.0,0.7755102040816326,0.22448979591836737,24,6,0.0,0.24226804123711343
a,1,0.0,1.0,0.0,0.7755102040816326,0.22448979591836737,24,6,0.0,0.24226804123711343
valu-,5,0.0,0.8,0.0,0.7755102040816326,0.22448979591836737,24,6,0.0,0.24226804123711343
the,3,0.0,1.0,0.0,0.7755102040816326,0.22448979591836737,24,6,0.0,0.24226804123711343
difference,10,0.0,1.0,0.0,0.7755102040816326,0.22448979591836737,24,6,0.0,0.24226804123711343
in,2,0.0,1.0,0.0,0.7755102040816326,0.22448979591836737,24,6,0.0,0.24226804123711343
the,3,0.0,1.0,0.0,0.7755102040816326,0.22448979591836737,24,6,0.0,0.24226804123711343
volatile,8,0.0,1.0,0.0,0.7755102040816326,0.22448979591836737,24,6,0.0,0.24226804123711343
nature,6,0.0,1.0,0.0,0.7755102040816326,0.22448979591836737,24,6,0.0,0.24226804123711343
of,2,0.0,1.0,0.0,0.7755102040816326,0.22448979591836737,24,6,0.0,0.24226804123711343
the,3,0.0,1.0,0.0,0.7755102040816326,0.22448979591836737,24,6,0.0,0.24226804123711343
molecules,9,0.0,1.0,0.0,0.7755102040816326,0.22448979591836737,24,6,0.0,0.24226804123711343
present,7,0.0,1.0,0.0,0.7755102040816326,0.22448979591836737,24,6,0.0,0.24226804123711343
in,2,0.0,1.0,0.0,0.7755102040816326,0.22448979591836737,24,6,0.0,0.24226804123711343
the,3,0.0,1.0,0.0,0.7755102040816326,0.22448979591836737,24,6,0.0,0.24226804123711343
able,4,0.0,1.0,0.0,0.8095238095238095,0.19047619047619047,21,5,0.0,0.24226804123711343
data,4,0.0,1.0,0.0,0.8095238095238095,0.19047619047619047,21,5,0.0,0.24226804123711343
point,5,0.0,1.0,0.0,0.8095238095238095,0.19047619047619047,21,5,0.0,0.24226804123711343
towards,7,0.0,1.0,0.0,0.8095238095238095,0.19047619047619047,21,5,0.0,0.24226804123711343
studying,8,0.0,1.0,0.0,0.8095238095238095,0.19047619047619047,21,5,0.0,0.24226804123711343
the,3,0.0,1.0,0.0,0.8095238095238095,0.19047619047619047,21,5,0.0,0.24226804123711343
characteristics,15,0.0,1.0,0.0,0.8095238095238095,0.19047619047619047,21,5,0.0,0.24226804123711343
of,2,0.0,1.0,0.0,0.8095238095238095,0.19047619047619047,21,5,0.0,0.24226804123711343
the,3,0.0,1.0,0.0,0.8095238095238095,0.19047619047619047,21,5,0.0,0.24226804123711343
emissions,9,0.0,1.0,0.0,0.8095238095238095,0.19047619047619047,21,5,0.0,0.24226804123711343
comet,5,0.0,1.0,0.0,0.8095238095238095,0.19047619047619047,21,5,0.0,0.24226804123711343
nucleus.,8,0.0,0.875,0.0,0.8095238095238095,0.19047619047619047,21,5,0.0,0.24226804123711343
Bannister,9,0.1111111111111111,0.8888888888888888,0.0,0.8095238095238095,0.19047619047619047,21,5,0.0,0.24226804123711343
et,2,0.0,1.0,0.0,0.8095238095238095,0.19047619047619047,21,5,0.0,0.24226804123711343
al.,3,0.0,0.6666666666666666,0.0,0.8095238095238095,0.19047619047619047,21,5,0.0,0.24226804123711343
(2020),6,0.0,0.0,0.6666666666666666,0.8095238095238095,0.19047619047619047,21,5,0.0,0.24226804123711343
suggests,8,0.0,1.0,0.0,0.8095238095238095,0.19047619047619047,21,5,0.0,0.24226804123711343
a,1,0.0,1.0,0.0,0.8095238095238095,0.19047619047619047,21,5,0.0,0.24226804123711343
possibility,11,0.0,1.0,0.0,0.8095238095238095,0.19047619047619047,21,5,0.0,0.24226804123711343
of,2,0.0,1.0,0.0,0.8095238095238095,0.19047619047619047,21,5,0.0,0.24226804123711343
het-,4,0.0,0.75,0.0,0.8095238095238095,0.19047619047619047,21,5,0.0,0.24226804123711343
in,2,0.0,1.0,0.0,0.5694444444444444,0.4305555555555556,15,25,0.0,0.25773195876288657
the,3,0.0,1.0,0.0,0.5694444444444444,0.4305555555555556,15,25,0.0,0.25773195876288657
comet,5,0.0,1.0,0.0,0.5694444444444444,0.4305555555555556,15,25,0.0,0.25773195876288657
post,4,0.0,1.0,0.0,0.5694444444444444,0.4305555555555556,15,25,0.0,0.25773195876288657
perihelion.,11,0.0,0.9090909090909091,0.0,0.5694444444444444,0.4305555555555556,15,25,0.0,0.25773195876288657
erogeneous,10,0.0,1.0,0.0,0.5694444444444444,0.4305555555555556,15,25,0.0,0.25773195876288657
composition,11,0.0,1.0,0.0,0.5694444444444444,0.4305555555555556,15,25,0.0,0.25773195876288657
in,2,0.0,1.0,0.0,0.5694444444444444,0.4305555555555556,15,25,0.0,0.25773195876288657
the,3,0.0,1.0,0.0,0.5694444444444444,0.4305555555555556,15,25,0.0,0.25773195876288657
comet,5,0.0,1.0,0.0,0.5694444444444444,0.4305555555555556,15,25,0.0,0.25773195876288657
based,5,0.0,1.0,0.0,0.5694444444444444,0.4305555555555556,15,25,0.0,0.25773195876288657
on,2,0.0,1.0,0.0,0.5694444444444444,0.4305555555555556,15,25,0.0,0.25773195876288657
the,3,0.0,1.0,0.0,0.5694444444444444,0.4305555555555556,15,25,0.0,0.25773195876288657
observed,8,0.0,1.0,0.0,0.5694444444444444,0.4305555555555556,15,25,0.0,0.25773195876288657
increase,8,0.0,1.0,0.0,0.5694444444444444,0.4305555555555556,15,25,0.0,0.25773195876288657
The,3,0.3333333333333333,0.6666666666666666,0.0,0.7517241379310344,0.24827586206896557,26,7,0.0,0.25257731958762886
production,10,0.0,1.0,0.0,0.7517241379310344,0.24827586206896557,26,7,0.0,0.25257731958762886
rate,4,0.0,1.0,0.0,0.7517241379310344,0.24827586206896557,26,7,0.0,0.25257731958762886
of,2,0.0,1.0,0.0,0.7517241379310344,0.24827586206896557,26,7,0.0,0.25257731958762886
"CN,",3,0.6666666666666666,0.0,0.0,0.7517241379310344,0.24827586206896557,26,7,0.0,0.25257731958762886
C2,2,0.5,0.0,0.5,0.7517241379310344,0.24827586206896557,26,7,0.0,0.25257731958762886
and,3,0.0,1.0,0.0,0.7517241379310344,0.24827586206896557,26,7,0.0,0.25257731958762886
C3,2,0.5,0.0,0.5,0.7517241379310344,0.24827586206896557,26,7,0.0,0.25257731958762886
",",1,0.0,0.0,0.0,0.7517241379310344,0.24827586206896557,26,7,0.0,0.25257731958762886
reported,8,0.0,1.0,0.0,0.7517241379310344,0.24827586206896557,26,7,0.0,0.25257731958762886
in,2,0.0,1.0,0.0,0.7517241379310344,0.24827586206896557,26,7,0.0,0.25257731958762886
this,4,0.0,1.0,0.0,0.7517241379310344,0.24827586206896557,26,7,0.0,0.25257731958762886
"work,",5,0.0,0.8,0.0,0.7517241379310344,0.24827586206896557,26,7,0.0,0.25257731958762886
pre-,4,0.0,0.75,0.0,0.7517241379310344,0.24827586206896557,26,7,0.0,0.25257731958762886
in,2,0.0,1.0,0.0,0.7517241379310344,0.24827586206896557,26,7,0.0,0.25257731958762886
C2,2,0.5,0.0,0.5,0.7517241379310344,0.24827586206896557,26,7,0.0,0.25257731958762886
activity,8,0.0,1.0,0.0,0.7517241379310344,0.24827586206896557,26,7,0.0,0.25257731958762886
close,5,0.0,1.0,0.0,0.7517241379310344,0.24827586206896557,26,7,0.0,0.25257731958762886
to,2,0.0,1.0,0.0,0.7517241379310344,0.24827586206896557,26,7,0.0,0.25257731958762886
perihelion.,11,0.0,0.9090909090909091,0.0,0.7517241379310344,0.24827586206896557,26,7,0.0,0.25257731958762886
Based,5,0.2,0.8,0.0,0.7517241379310344,0.24827586206896557,26,7,0.0,0.25257731958762886
on,2,0.0,1.0,0.0,0.7517241379310344,0.24827586206896557,26,7,0.0,0.25257731958762886
the,3,0.0,1.0,0.0,0.7517241379310344,0.24827586206896557,26,7,0.0,0.25257731958762886
observed,8,0.0,1.0,0.0,0.7517241379310344,0.24827586206896557,26,7,0.0,0.25257731958762886
very,4,0.0,1.0,0.0,0.7517241379310344,0.24827586206896557,26,7,0.0,0.25257731958762886
high,4,0.0,1.0,0.0,0.7517241379310344,0.24827586206896557,26,7,0.0,0.25257731958762886
"perihelion,",11,0.0,0.9090909090909091,0.0,0.7945205479452054,0.20547945205479456,22,6,0.0,0.24742268041237114
is,2,0.0,1.0,0.0,0.7945205479452054,0.20547945205479456,22,6,0.0,0.24742268041237114
comparable,10,0.0,1.0,0.0,0.7945205479452054,0.20547945205479456,22,6,0.0,0.24742268041237114
with,4,0.0,1.0,0.0,0.7945205479452054,0.20547945205479456,22,6,0.0,0.24742268041237114
the,3,0.0,1.0,0.0,0.7945205479452054,0.20547945205479456,22,6,0.0,0.24742268041237114
values,6,0.0,1.0,0.0,0.7945205479452054,0.20547945205479456,22,6,0.0,0.24742268041237114
reported,8,0.0,1.0,0.0,0.7945205479452054,0.20547945205479456,22,6,0.0,0.24742268041237114
in,2,0.0,1.0,0.0,0.7945205479452054,0.20547945205479456,22,6,0.0,0.24742268041237114
other,5,0.0,1.0,0.0,0.7945205479452054,0.20547945205479456,22,6,0.0,0.24742268041237114
observa-,8,0.0,0.875,0.0,0.7945205479452054,0.20547945205479456,22,6,0.0,0.24742268041237114
abundance,9,0.0,1.0,0.0,0.7945205479452054,0.20547945205479456,22,6,0.0,0.24742268041237114
of,2,0.0,1.0,0.0,0.7945205479452054,0.20547945205479456,22,6,0.0,0.24742268041237114
CO,2,1.0,0.0,0.0,0.7945205479452054,0.20547945205479456,22,6,0.0,0.24742268041237114
in,2,0.0,1.0,0.0,0.7945205479452054,0.20547945205479456,22,6,0.0,0.24742268041237114
"2I/Borisov,",11,0.18181818181818182,0.5454545454545454,0.09090909090909091,0.7945205479452054,0.20547945205479456,22,6,0.0,0.24742268041237114
Bodewits,8,0.125,0.875,0.0,0.7945205479452054,0.20547945205479456,22,6,0.0,0.24742268041237114
et,2,0.0,1.0,0.0,0.7945205479452054,0.20547945205479456,22,6,0.0,0.24742268041237114
al.,3,0.0,0.6666666666666666,0.0,0.7945205479452054,0.20547945205479456,22,6,0.0,0.24742268041237114
(2020),6,0.0,0.0,0.6666666666666666,0.7945205479452054,0.20547945205479456,22,6,0.0,0.24742268041237114
points,6,0.0,1.0,0.0,0.7945205479452054,0.20547945205479456,22,6,0.0,0.24742268041237114
out,3,0.0,1.0,0.0,0.7945205479452054,0.20547945205479456,22,6,0.0,0.24742268041237114
the,3,0.0,1.0,0.0,0.7945205479452054,0.20547945205479456,22,6,0.0,0.24742268041237114
"tions,",6,0.0,0.8333333333333334,0.0,0.7808219178082192,0.2191780821917808,27,4,0.0,0.24742268041237114
as,2,0.0,1.0,0.0,0.7808219178082192,0.2191780821917808,27,4,0.0,0.24742268041237114
shown,5,0.0,1.0,0.0,0.7808219178082192,0.2191780821917808,27,4,0.0,0.24742268041237114
in,2,0.0,1.0,0.0,0.7808219178082192,0.2191780821917808,27,4,0.0,0.24742268041237114
Figure,6,0.16666666666666666,0.8333333333333334,0.0,0.7808219178082192,0.2191780821917808,27,4,0.0,0.24742268041237114
"3,",2,0.0,0.0,0.5,0.7808219178082192,0.2191780821917808,27,4,0.0,0.24742268041237114
with,4,0.0,1.0,0.0,0.7808219178082192,0.2191780821917808,27,4,0.0,0.24742268041237114
slight,6,0.0,1.0,0.0,0.7808219178082192,0.2191780821917808,27,4,0.0,0.24742268041237114
increase,8,0.0,1.0,0.0,0.7808219178082192,0.2191780821917808,27,4,0.0,0.24742268041237114
in,2,0.0,1.0,0.0,0.7808219178082192,0.2191780821917808,27,4,0.0,0.24742268041237114
the,3,0.0,1.0,0.0,0.7808219178082192,0.2191780821917808,27,4,0.0,0.24742268041237114
rate,4,0.0,1.0,0.0,0.7808219178082192,0.2191780821917808,27,4,0.0,0.24742268041237114
which,5,0.0,1.0,0.0,0.7808219178082192,0.2191780821917808,27,4,0.0,0.24742268041237114
can,3,0.0,1.0,0.0,0.7808219178082192,0.2191780821917808,27,4,0.0,0.24742268041237114
possibility,11,0.0,1.0,0.0,0.7808219178082192,0.2191780821917808,27,4,0.0,0.24742268041237114
of,2,0.0,1.0,0.0,0.7808219178082192,0.2191780821917808,27,4,0.0,0.24742268041237114
the,3,0.0,1.0,0.0,0.7808219178082192,0.2191780821917808,27,4,0.0,0.24742268041237114
comet,5,0.0,1.0,0.0,0.7808219178082192,0.2191780821917808,27,4,0.0,0.24742268041237114
having,6,0.0,1.0,0.0,0.7808219178082192,0.2191780821917808,27,4,0.0,0.24742268041237114
formed,6,0.0,1.0,0.0,0.7808219178082192,0.2191780821917808,27,4,0.0,0.24742268041237114
beyond,6,0.0,1.0,0.0,0.7808219178082192,0.2191780821917808,27,4,0.0,0.24742268041237114
the,3,0.0,1.0,0.0,0.7808219178082192,0.2191780821917808,27,4,0.0,0.24742268041237114
CO,2,1.0,0.0,0.0,0.7808219178082192,0.2191780821917808,27,4,0.0,0.24742268041237114
ice,3,0.0,1.0,0.0,0.7808219178082192,0.2191780821917808,27,4,0.0,0.24742268041237114
line,4,0.0,1.0,0.0,0.7808219178082192,0.2191780821917808,27,4,0.0,0.24742268041237114
of,2,0.0,1.0,0.0,0.7808219178082192,0.2191780821917808,27,4,0.0,0.24742268041237114
its,3,0.0,1.0,0.0,0.7808219178082192,0.2191780821917808,27,4,0.0,0.24742268041237114
be,2,0.0,1.0,0.0,0.7847222222222222,0.2152777777777778,22,6,0.0,0.25773195876288657
accounted,9,0.0,1.0,0.0,0.7847222222222222,0.2152777777777778,22,6,0.0,0.25773195876288657
by,2,0.0,1.0,0.0,0.7847222222222222,0.2152777777777778,22,6,0.0,0.25773195876288657
the,3,0.0,1.0,0.0,0.7847222222222222,0.2152777777777778,22,6,0.0,0.25773195876288657
fact,4,0.0,1.0,0.0,0.7847222222222222,0.2152777777777778,22,6,0.0,0.25773195876288657
that,4,0.0,1.0,0.0,0.7847222222222222,0.2152777777777778,22,6,0.0,0.25773195876288657
the,3,0.0,1.0,0.0,0.7847222222222222,0.2152777777777778,22,6,0.0,0.25773195876288657
comet,5,0.0,1.0,0.0,0.7847222222222222,0.2152777777777778,22,6,0.0,0.25773195876288657
was,3,0.0,1.0,0.0,0.7847222222222222,0.2152777777777778,22,6,0.0,0.25773195876288657
approaching,11,0.0,1.0,0.0,0.7847222222222222,0.2152777777777778,22,6,0.0,0.25773195876288657
perihelion.,11,0.0,0.9090909090909091,0.0,0.7847222222222222,0.2152777777777778,22,6,0.0,0.25773195876288657
parent,6,0.0,1.0,0.0,0.7847222222222222,0.2152777777777778,22,6,0.0,0.25773195876288657
stellar,7,0.0,1.0,0.0,0.7847222222222222,0.2152777777777778,22,6,0.0,0.25773195876288657
system.,7,0.0,0.8571428571428571,0.0,0.7847222222222222,0.2152777777777778,22,6,0.0,0.25773195876288657
Since,5,0.2,0.8,0.0,0.7847222222222222,0.2152777777777778,22,6,0.0,0.25773195876288657
the,3,0.0,1.0,0.0,0.7847222222222222,0.2152777777777778,22,6,0.0,0.25773195876288657
results,7,0.0,1.0,0.0,0.7847222222222222,0.2152777777777778,22,6,0.0,0.25773195876288657
from,4,0.0,1.0,0.0,0.7847222222222222,0.2152777777777778,22,6,0.0,0.25773195876288657
the,3,0.0,1.0,0.0,0.7847222222222222,0.2152777777777778,22,6,0.0,0.25773195876288657
current,7,0.0,1.0,0.0,0.7847222222222222,0.2152777777777778,22,6,0.0,0.25773195876288657
work,4,0.0,1.0,0.0,0.7847222222222222,0.2152777777777778,22,6,0.0,0.25773195876288657
are,3,0.0,1.0,0.0,0.7847222222222222,0.2152777777777778,22,6,0.0,0.25773195876288657
Among,5,0.2,0.8,0.0,0.7724137931034483,0.22758620689655173,22,7,0.0,0.25257731958762886
the,3,0.0,1.0,0.0,0.7724137931034483,0.22758620689655173,22,7,0.0,0.25257731958762886
clear,5,0.0,1.0,0.0,0.7724137931034483,0.22758620689655173,22,7,0.0,0.25257731958762886
detection,9,0.0,1.0,0.0,0.7724137931034483,0.22758620689655173,22,7,0.0,0.25257731958762886
of,2,0.0,1.0,0.0,0.7724137931034483,0.22758620689655173,22,7,0.0,0.25257731958762886
C2,2,0.5,0.0,0.5,0.7724137931034483,0.22758620689655173,22,7,0.0,0.25257731958762886
as,2,0.0,1.0,0.0,0.7724137931034483,0.22758620689655173,22,7,0.0,0.25257731958762886
reported,8,0.0,1.0,0.0,0.7724137931034483,0.22758620689655173,22,7,0.0,0.25257731958762886
by,2,0.0,1.0,0.0,0.7724137931034483,0.22758620689655173,22,7,0.0,0.25257731958762886
Lin,3,0.3333333333333333,0.6666666666666666,0.0,0.7724137931034483,0.22758620689655173,22,7,0.0,0.25257731958762886
et,2,0.0,1.0,0.0,0.7724137931034483,0.22758620689655173,22,7,0.0,0.25257731958762886
al.,3,0.0,0.6666666666666666,0.0,0.7724137931034483,0.22758620689655173,22,7,0.0,0.25257731958762886
"(2020),",7,0.0,0.0,0.5714285714285714,0.7724137931034483,0.22758620689655173,22,7,0.0,0.25257731958762886
also,4,0.0,1.0,0.0,0.7724137931034483,0.22758620689655173,22,7,0.0,0.25257731958762886
in,2,0.0,1.0,0.0,0.7724137931034483,0.22758620689655173,22,7,0.0,0.25257731958762886
agreement,9,0.0,1.0,0.0,0.7724137931034483,0.22758620689655173,22,7,0.0,0.25257731958762886
with,4,0.0,1.0,0.0,0.7724137931034483,0.22758620689655173,22,7,0.0,0.25257731958762886
the,3,0.0,1.0,0.0,0.7724137931034483,0.22758620689655173,22,7,0.0,0.25257731958762886
suggestions,11,0.0,1.0,0.0,0.7724137931034483,0.22758620689655173,22,7,0.0,0.25257731958762886
regarding,9,0.0,1.0,0.0,0.7724137931034483,0.22758620689655173,22,7,0.0,0.25257731958762886
the,3,0.0,1.0,0.0,0.7724137931034483,0.22758620689655173,22,7,0.0,0.25257731958762886
"heterogeneity,",14,0.0,0.9285714285714286,0.0,0.7724137931034483,0.22758620689655173,22,7,0.0,0.25257731958762886
Bannister,9,0.1111111111111111,0.8888888888888888,0.0,0.7724137931034483,0.22758620689655173,25,6,0.0,0.25257731958762886
et,2,0.0,1.0,0.0,0.7724137931034483,0.22758620689655173,25,6,0.0,0.25257731958762886
al.,3,0.0,0.6666666666666666,0.0,0.7724137931034483,0.22758620689655173,25,6,0.0,0.25257731958762886
(2020),6,0.0,0.0,0.6666666666666666,0.7724137931034483,0.22758620689655173,25,6,0.0,0.25257731958762886
and,3,0.0,1.0,0.0,0.7724137931034483,0.22758620689655173,25,6,0.0,0.25257731958762886
the,3,0.0,1.0,0.0,0.7724137931034483,0.22758620689655173,25,6,0.0,0.25257731958762886
current,7,0.0,1.0,0.0,0.7724137931034483,0.22758620689655173,25,6,0.0,0.25257731958762886
"work,",5,0.0,0.8,0.0,0.7724137931034483,0.22758620689655173,25,6,0.0,0.25257731958762886
an,2,0.0,1.0,0.0,0.7724137931034483,0.22758620689655173,25,6,0.0,0.25257731958762886
increasing,10,0.0,1.0,0.0,0.7724137931034483,0.22758620689655173,25,6,0.0,0.25257731958762886
trend,5,0.0,1.0,0.0,0.7724137931034483,0.22758620689655173,25,6,0.0,0.25257731958762886
in,2,0.0,1.0,0.0,0.7724137931034483,0.22758620689655173,25,6,0.0,0.25257731958762886
it,2,0.0,1.0,0.0,0.7724137931034483,0.22758620689655173,25,6,0.0,0.25257731958762886
is,2,0.0,1.0,0.0,0.7724137931034483,0.22758620689655173,25,6,0.0,0.25257731958762886
possible,8,0.0,1.0,0.0,0.7724137931034483,0.22758620689655173,25,6,0.0,0.25257731958762886
that,4,0.0,1.0,0.0,0.7724137931034483,0.22758620689655173,25,6,0.0,0.25257731958762886
the,3,0.0,1.0,0.0,0.7724137931034483,0.22758620689655173,25,6,0.0,0.25257731958762886
comet,5,0.0,1.0,0.0,0.7724137931034483,0.22758620689655173,25,6,0.0,0.25257731958762886
was,3,0.0,1.0,0.0,0.7724137931034483,0.22758620689655173,25,6,0.0,0.25257731958762886
formed,6,0.0,1.0,0.0,0.7724137931034483,0.22758620689655173,25,6,0.0,0.25257731958762886
in,2,0.0,1.0,0.0,0.7724137931034483,0.22758620689655173,25,6,0.0,0.25257731958762886
a,1,0.0,1.0,0.0,0.7724137931034483,0.22758620689655173,25,6,0.0,0.25257731958762886
stellar,7,0.0,1.0,0.0,0.7724137931034483,0.22758620689655173,25,6,0.0,0.25257731958762886
system,6,0.0,1.0,0.0,0.7724137931034483,0.22758620689655173,25,6,0.0,0.25257731958762886
beyond,6,0.0,1.0,0.0,0.7724137931034483,0.22758620689655173,25,6,0.0,0.25257731958762886
the,3,0.0,1.0,0.0,0.7902097902097902,0.2097902097902098,23,5,0.0,0.2628865979381443
production,10,0.0,1.0,0.0,0.7902097902097902,0.2097902097902098,23,5,0.0,0.2628865979381443
rate,4,0.0,1.0,0.0,0.7902097902097902,0.2097902097902098,23,5,0.0,0.2628865979381443
can,3,0.0,1.0,0.0,0.7902097902097902,0.2097902097902098,23,5,0.0,0.2628865979381443
be,2,0.0,1.0,0.0,0.7902097902097902,0.2097902097902098,23,5,0.0,0.2628865979381443
"observed,",9,0.0,0.8888888888888888,0.0,0.7902097902097902,0.2097902097902098,23,5,0.0,0.2628865979381443
while,5,0.0,1.0,0.0,0.7902097902097902,0.2097902097902098,23,5,0.0,0.2628865979381443
it,2,0.0,1.0,0.0,0.7902097902097902,0.2097902097902098,23,5,0.0,0.2628865979381443
is,2,0.0,1.0,0.0,0.7902097902097902,0.2097902097902098,23,5,0.0,0.2628865979381443
difficult,9,0.0,1.0,0.0,0.7902097902097902,0.2097902097902098,23,5,0.0,0.2628865979381443
to,2,0.0,1.0,0.0,0.7902097902097902,0.2097902097902098,23,5,0.0,0.2628865979381443
compare,7,0.0,1.0,0.0,0.7902097902097902,0.2097902097902098,23,5,0.0,0.2628865979381443
the,3,0.0,1.0,0.0,0.7902097902097902,0.2097902097902098,23,5,0.0,0.2628865979381443
CO,2,1.0,0.0,0.0,0.7902097902097902,0.2097902097902098,23,5,0.0,0.2628865979381443
ice,3,0.0,1.0,0.0,0.7902097902097902,0.2097902097902098,23,5,0.0,0.2628865979381443
line,4,0.0,1.0,0.0,0.7902097902097902,0.2097902097902098,23,5,0.0,0.2628865979381443
undergoing,10,0.0,1.0,0.0,0.7902097902097902,0.2097902097902098,23,5,0.0,0.2628865979381443
a,1,0.0,1.0,0.0,0.7902097902097902,0.2097902097902098,23,5,0.0,0.2628865979381443
very,4,0.0,1.0,0.0,0.7902097902097902,0.2097902097902098,23,5,0.0,0.2628865979381443
inhomogeneous,13,0.0,1.0,0.0,0.7902097902097902,0.2097902097902098,23,5,0.0,0.2628865979381443
mixing,6,0.0,1.0,0.0,0.7902097902097902,0.2097902097902098,23,5,0.0,0.2628865979381443
of,2,0.0,1.0,0.0,0.7902097902097902,0.2097902097902098,23,5,0.0,0.2628865979381443
various,7,0.0,1.0,0.0,0.7902097902097902,0.2097902097902098,23,5,0.0,0.2628865979381443
the,3,0.0,1.0,0.0,0.7894736842105263,0.21052631578947367,18,7,0.0,0.31443298969072164
same,4,0.0,1.0,0.0,0.7894736842105263,0.21052631578947367,18,7,0.0,0.31443298969072164
with,4,0.0,1.0,0.0,0.7894736842105263,0.21052631578947367,18,7,0.0,0.31443298969072164
the,3,0.0,1.0,0.0,0.7894736842105263,0.21052631578947367,18,7,0.0,0.31443298969072164
upper,5,0.0,1.0,0.0,0.7894736842105263,0.21052631578947367,18,7,0.0,0.31443298969072164
limits,6,0.0,1.0,0.0,0.7894736842105263,0.21052631578947367,18,7,0.0,0.31443298969072164
reported,8,0.0,1.0,0.0,0.7894736842105263,0.21052631578947367,18,7,0.0,0.31443298969072164
in,2,0.0,1.0,0.0,0.7894736842105263,0.21052631578947367,18,7,0.0,0.31443298969072164
the,3,0.0,1.0,0.0,0.7894736842105263,0.21052631578947367,18,7,0.0,0.31443298969072164
other,5,0.0,1.0,0.0,0.7894736842105263,0.21052631578947367,18,7,0.0,0.31443298969072164
observations.,13,0.0,0.9230769230769231,0.0,0.7894736842105263,0.21052631578947367,18,7,0.0,0.31443298969072164
volatile,8,0.0,1.0,0.0,0.7894736842105263,0.21052631578947367,18,7,0.0,0.31443298969072164
compounds,9,0.0,1.0,0.0,0.7894736842105263,0.21052631578947367,18,7,0.0,0.31443298969072164
present,7,0.0,1.0,0.0,0.7894736842105263,0.21052631578947367,18,7,0.0,0.31443298969072164
in,2,0.0,1.0,0.0,0.7894736842105263,0.21052631578947367,18,7,0.0,0.31443298969072164
the,3,0.0,1.0,0.0,0.7894736842105263,0.21052631578947367,18,7,0.0,0.31443298969072164
proto-stellar,13,0.0,0.9230769230769231,0.0,0.7894736842105263,0.21052631578947367,18,7,0.0,0.31443298969072164
nebula.,7,0.0,0.8571428571428571,0.0,0.7894736842105263,0.21052631578947367,18,7,0.0,0.31443298969072164
Adding,6,0.16666666666666666,0.8333333333333334,0.0,0.7638888888888888,0.23611111111111116,20,9,0.0,0.25773195876288657
an,2,0.0,1.0,0.0,0.7638888888888888,0.23611111111111116,20,9,0.0,0.25773195876288657
important,9,0.0,1.0,0.0,0.7638888888888888,0.23611111111111116,20,9,0.0,0.25773195876288657
data,4,0.0,1.0,0.0,0.7638888888888888,0.23611111111111116,20,9,0.0,0.25773195876288657
point,5,0.0,1.0,0.0,0.7638888888888888,0.23611111111111116,20,9,0.0,0.25773195876288657
to,2,0.0,1.0,0.0,0.7638888888888888,0.23611111111111116,20,9,0.0,0.25773195876288657
the,3,0.0,1.0,0.0,0.7638888888888888,0.23611111111111116,20,9,0.0,0.25773195876288657
spectroscopic,13,0.0,1.0,0.0,0.7638888888888888,0.23611111111111116,20,9,0.0,0.25773195876288657
observation,11,0.0,1.0,0.0,0.7638888888888888,0.23611111111111116,20,9,0.0,0.25773195876288657
of,2,0.0,1.0,0.0,0.7638888888888888,0.23611111111111116,20,9,0.0,0.25773195876288657
A’Hearn,7,0.2857142857142857,0.5714285714285714,0.0,0.7638888888888888,0.23611111111111116,20,9,0.0,0.25773195876288657
&,1,0.0,0.0,0.0,0.7638888888888888,0.23611111111111116,20,9,0.0,0.25773195876288657
Cowan,5,0.2,0.8,0.0,0.7638888888888888,0.23611111111111116,20,9,0.0,0.25773195876288657
(1980),6,0.0,0.0,0.6666666666666666,0.7638888888888888,0.23611111111111116,20,9,0.0,0.25773195876288657
states,6,0.0,1.0,0.0,0.7638888888888888,0.23611111111111116,20,9,0.0,0.25773195876288657
"that,",5,0.0,0.8,0.0,0.7638888888888888,0.23611111111111116,20,9,0.0,0.25773195876288657
since,5,0.0,1.0,0.0,0.7638888888888888,0.23611111111111116,20,9,0.0,0.25773195876288657
the,3,0.0,1.0,0.0,0.7638888888888888,0.23611111111111116,20,9,0.0,0.25773195876288657
parent,6,0.0,1.0,0.0,0.7638888888888888,0.23611111111111116,20,9,0.0,0.25773195876288657
molecules,9,0.0,1.0,0.0,0.7638888888888888,0.23611111111111116,20,9,0.0,0.25773195876288657
the,3,0.0,1.0,0.0,0.7762237762237763,0.22377622377622375,27,4,0.0,0.2628865979381443
rare,4,0.0,1.0,0.0,0.7762237762237763,0.22377622377622375,27,4,0.0,0.2628865979381443
visit,5,0.0,1.0,0.0,0.7762237762237763,0.22377622377622375,27,4,0.0,0.2628865979381443
of,2,0.0,1.0,0.0,0.7762237762237763,0.22377622377622375,27,4,0.0,0.2628865979381443
the,3,0.0,1.0,0.0,0.7762237762237763,0.22377622377622375,27,4,0.0,0.2628865979381443
interstellar,12,0.0,1.0,0.0,0.7762237762237763,0.22377622377622375,27,4,0.0,0.2628865979381443
"comet,",6,0.0,0.8333333333333334,0.0,0.7762237762237763,0.22377622377622375,27,4,0.0,0.2628865979381443
the,3,0.0,1.0,0.0,0.7762237762237763,0.22377622377622375,27,4,0.0,0.2628865979381443
production,10,0.0,1.0,0.0,0.7762237762237763,0.22377622377622375,27,4,0.0,0.2628865979381443
rate,4,0.0,1.0,0.0,0.7762237762237763,0.22377622377622375,27,4,0.0,0.2628865979381443
of,2,0.0,1.0,0.0,0.7762237762237763,0.22377622377622375,27,4,0.0,0.2628865979381443
CN,2,1.0,0.0,0.0,0.7762237762237763,0.22377622377622375,27,4,0.0,0.2628865979381443
and,3,0.0,1.0,0.0,0.7762237762237763,0.22377622377622375,27,4,0.0,0.2628865979381443
of,2,0.0,1.0,0.0,0.7762237762237763,0.22377622377622375,27,4,0.0,0.2628865979381443
C2,2,0.5,0.0,0.5,0.7762237762237763,0.22377622377622375,27,4,0.0,0.2628865979381443
are,3,0.0,1.0,0.0,0.7762237762237763,0.22377622377622375,27,4,0.0,0.2628865979381443
primarily,9,0.0,1.0,0.0,0.7762237762237763,0.22377622377622375,27,4,0.0,0.2628865979381443
contained,9,0.0,1.0,0.0,0.7762237762237763,0.22377622377622375,27,4,0.0,0.2628865979381443
in,2,0.0,1.0,0.0,0.7762237762237763,0.22377622377622375,27,4,0.0,0.2628865979381443
the,3,0.0,1.0,0.0,0.7762237762237763,0.22377622377622375,27,4,0.0,0.2628865979381443
grains,6,0.0,1.0,0.0,0.7762237762237763,0.22377622377622375,27,4,0.0,0.2628865979381443
of,2,0.0,1.0,0.0,0.7762237762237763,0.22377622377622375,27,4,0.0,0.2628865979381443
H2,2,0.5,0.0,0.5,0.7762237762237763,0.22377622377622375,27,4,0.0,0.2628865979381443
O,1,1.0,0.0,0.0,0.7762237762237763,0.22377622377622375,27,4,0.0,0.2628865979381443
"ice,",4,0.0,0.75,0.0,0.7762237762237763,0.22377622377622375,27,4,0.0,0.2628865979381443
the,3,0.0,1.0,0.0,0.7762237762237763,0.22377622377622375,27,4,0.0,0.2628865979381443
pro-,4,0.0,0.75,0.0,0.7762237762237763,0.22377622377622375,27,4,0.0,0.2628865979381443
C3,2,0.5,0.0,0.5,0.7586206896551724,0.24137931034482762,27,6,0.0,0.25257731958762886
shows,5,0.0,1.0,0.0,0.7586206896551724,0.24137931034482762,27,6,0.0,0.25257731958762886
drastic,7,0.0,1.0,0.0,0.7586206896551724,0.24137931034482762,27,6,0.0,0.25257731958762886
change,6,0.0,1.0,0.0,0.7586206896551724,0.24137931034482762,27,6,0.0,0.25257731958762886
with,4,0.0,1.0,0.0,0.7586206896551724,0.24137931034482762,27,6,0.0,0.25257731958762886
only,4,0.0,1.0,0.0,0.7586206896551724,0.24137931034482762,27,6,0.0,0.25257731958762886
a,1,0.0,1.0,0.0,0.7586206896551724,0.24137931034482762,27,6,0.0,0.25257731958762886
slight,6,0.0,1.0,0.0,0.7586206896551724,0.24137931034482762,27,6,0.0,0.25257731958762886
variation,9,0.0,1.0,0.0,0.7586206896551724,0.24137931034482762,27,6,0.0,0.25257731958762886
in,2,0.0,1.0,0.0,0.7586206896551724,0.24137931034482762,27,6,0.0,0.25257731958762886
that,4,0.0,1.0,0.0,0.7586206896551724,0.24137931034482762,27,6,0.0,0.25257731958762886
of,2,0.0,1.0,0.0,0.7586206896551724,0.24137931034482762,27,6,0.0,0.25257731958762886
C2,2,0.5,0.0,0.5,0.7586206896551724,0.24137931034482762,27,6,0.0,0.25257731958762886
",",1,0.0,0.0,0.0,0.7586206896551724,0.24137931034482762,27,6,0.0,0.25257731958762886
duction,7,0.0,1.0,0.0,0.7586206896551724,0.24137931034482762,27,6,0.0,0.25257731958762886
of,2,0.0,1.0,0.0,0.7586206896551724,0.24137931034482762,27,6,0.0,0.25257731958762886
C2,2,0.5,0.0,0.5,0.7586206896551724,0.24137931034482762,27,6,0.0,0.25257731958762886
is,2,0.0,1.0,0.0,0.7586206896551724,0.24137931034482762,27,6,0.0,0.25257731958762886
directly,8,0.0,1.0,0.0,0.7586206896551724,0.24137931034482762,27,6,0.0,0.25257731958762886
related,7,0.0,1.0,0.0,0.7586206896551724,0.24137931034482762,27,6,0.0,0.25257731958762886
to,2,0.0,1.0,0.0,0.7586206896551724,0.24137931034482762,27,6,0.0,0.25257731958762886
the,3,0.0,1.0,0.0,0.7586206896551724,0.24137931034482762,27,6,0.0,0.25257731958762886
activity,8,0.0,1.0,0.0,0.7586206896551724,0.24137931034482762,27,6,0.0,0.25257731958762886
in,2,0.0,1.0,0.0,0.7586206896551724,0.24137931034482762,27,6,0.0,0.25257731958762886
the,3,0.0,1.0,0.0,0.7586206896551724,0.24137931034482762,27,6,0.0,0.25257731958762886
icy,3,0.0,1.0,0.0,0.7586206896551724,0.24137931034482762,27,6,0.0,0.25257731958762886
grains,6,0.0,1.0,0.0,0.7586206896551724,0.24137931034482762,27,6,0.0,0.25257731958762886
post-perihelion.,16,0.0,0.875,0.0,0.7608695652173914,0.23913043478260865,23,7,0.0,0.28865979381443296
The,3,0.3333333333333333,0.6666666666666666,0.0,0.7608695652173914,0.23913043478260865,23,7,0.0,0.28865979381443296
production,10,0.0,1.0,0.0,0.7608695652173914,0.23913043478260865,23,7,0.0,0.28865979381443296
rate,4,0.0,1.0,0.0,0.7608695652173914,0.23913043478260865,23,7,0.0,0.28865979381443296
"ratio,",6,0.0,0.8333333333333334,0.0,0.7608695652173914,0.23913043478260865,23,7,0.0,0.28865979381443296
Q(C2,4,0.5,0.0,0.25,0.7608695652173914,0.23913043478260865,23,7,0.0,0.28865979381443296
")/Q(CN),",8,0.375,0.0,0.0,0.7608695652173914,0.23913043478260865,23,7,0.0,0.28865979381443296
was,3,0.0,1.0,0.0,0.7608695652173914,0.23913043478260865,23,7,0.0,0.28865979381443296
com-,4,0.0,0.75,0.0,0.7608695652173914,0.23913043478260865,23,7,0.0,0.28865979381443296
of,2,0.0,1.0,0.0,0.7608695652173914,0.23913043478260865,23,7,0.0,0.28865979381443296
H2,2,0.5,0.0,0.5,0.7608695652173914,0.23913043478260865,23,7,0.0,0.28865979381443296
"O,",2,0.5,0.0,0.0,0.7608695652173914,0.23913043478260865,23,7,0.0,0.28865979381443296
while,5,0.0,1.0,0.0,0.7608695652173914,0.23913043478260865,23,7,0.0,0.28865979381443296
production,10,0.0,1.0,0.0,0.7608695652173914,0.23913043478260865,23,7,0.0,0.28865979381443296
of,2,0.0,1.0,0.0,0.7608695652173914,0.23913043478260865,23,7,0.0,0.28865979381443296
CN,2,1.0,0.0,0.0,0.7608695652173914,0.23913043478260865,23,7,0.0,0.28865979381443296
and,3,0.0,1.0,0.0,0.7608695652173914,0.23913043478260865,23,7,0.0,0.28865979381443296
C3,2,0.5,0.0,0.5,0.7608695652173914,0.23913043478260865,23,7,0.0,0.28865979381443296
are,3,0.0,1.0,0.0,0.7608695652173914,0.23913043478260865,23,7,0.0,0.28865979381443296
not.,4,0.0,0.75,0.0,0.7608695652173914,0.23913043478260865,23,7,0.0,0.28865979381443296
Combi,5,0.2,0.8,0.0,0.7608695652173914,0.23913043478260865,23,7,0.0,0.28865979381443296
&,1,0.0,0.0,0.0,0.7608695652173914,0.23913043478260865,23,7,0.0,0.28865979381443296
Fink,4,0.25,0.75,0.0,0.7608695652173914,0.23913043478260865,23,7,0.0,0.28865979381443296
puted,5,0.0,1.0,0.0,0.7430555555555556,0.2569444444444444,24,8,0.0,0.25773195876288657
for,3,0.0,1.0,0.0,0.7430555555555556,0.2569444444444444,24,8,0.0,0.25773195876288657
both,4,0.0,1.0,0.0,0.7430555555555556,0.2569444444444444,24,8,0.0,0.25773195876288657
the,3,0.0,1.0,0.0,0.7430555555555556,0.2569444444444444,24,8,0.0,0.25773195876288657
epochs,6,0.0,1.0,0.0,0.7430555555555556,0.2569444444444444,24,8,0.0,0.25773195876288657
and,3,0.0,1.0,0.0,0.7430555555555556,0.2569444444444444,24,8,0.0,0.25773195876288657
the,3,0.0,1.0,0.0,0.7430555555555556,0.2569444444444444,24,8,0.0,0.25773195876288657
comet,5,0.0,1.0,0.0,0.7430555555555556,0.2569444444444444,24,8,0.0,0.25773195876288657
was,3,0.0,1.0,0.0,0.7430555555555556,0.2569444444444444,24,8,0.0,0.25773195876288657
seen,4,0.0,1.0,0.0,0.7430555555555556,0.2569444444444444,24,8,0.0,0.25773195876288657
to,2,0.0,1.0,0.0,0.7430555555555556,0.2569444444444444,24,8,0.0,0.25773195876288657
be,2,0.0,1.0,0.0,0.7430555555555556,0.2569444444444444,24,8,0.0,0.25773195876288657
depleted,8,0.0,1.0,0.0,0.7430555555555556,0.2569444444444444,24,8,0.0,0.25773195876288657
(1997),6,0.0,0.0,0.6666666666666666,0.7430555555555556,0.2569444444444444,24,8,0.0,0.25773195876288657
discuss,7,0.0,1.0,0.0,0.7430555555555556,0.2569444444444444,24,8,0.0,0.25773195876288657
the,3,0.0,1.0,0.0,0.7430555555555556,0.2569444444444444,24,8,0.0,0.25773195876288657
possibility,11,0.0,1.0,0.0,0.7430555555555556,0.2569444444444444,24,8,0.0,0.25773195876288657
of,2,0.0,1.0,0.0,0.7430555555555556,0.2569444444444444,24,8,0.0,0.25773195876288657
C2,2,0.5,0.0,0.5,0.7430555555555556,0.2569444444444444,24,8,0.0,0.25773195876288657
being,5,0.0,1.0,0.0,0.7430555555555556,0.2569444444444444,24,8,0.0,0.25773195876288657
produced,8,0.0,1.0,0.0,0.7430555555555556,0.2569444444444444,24,8,0.0,0.25773195876288657
from,4,0.0,1.0,0.0,0.7430555555555556,0.2569444444444444,24,8,0.0,0.25773195876288657
a,1,0.0,1.0,0.0,0.7430555555555556,0.2569444444444444,24,8,0.0,0.25773195876288657
primary,7,0.0,1.0,0.0,0.7430555555555556,0.2569444444444444,24,8,0.0,0.25773195876288657
MNRAS,5,1.0,0.0,0.0,0.8636363636363636,0.13636363636363635,4,1,0.0,0.8865979381443299
"000,",4,0.0,0.0,0.75,0.8636363636363636,0.13636363636363635,4,1,0.0,0.8865979381443299
1–10,4,0.0,0.0,0.75,0.8636363636363636,0.13636363636363635,4,1,0.0,0.8865979381443299
(2021),6,0.0,0.0,0.6666666666666666,0.8636363636363636,0.13636363636363635,4,1,0.0,0.8865979381443299
avr_spaces,10,0.0,0.9,0.0,1.0,0.0,1,1,0.16273932253313697,0.9484536082474226
Interstellar,12,0.08333333333333333,0.9166666666666666,0.0,0.19444444444444445,0.8055555555555556,4,7,0.520618556701031,0.25773195876288657
comet,5,0.0,1.0,0.0,0.19444444444444445,0.8055555555555556,4,7,0.520618556701031,0.25773195876288657
2I/Borisov,10,0.2,0.6,0.1,0.19444444444444445,0.8055555555555556,4,7,0.520618556701031,0.25773195876288657
5,1,0.0,0.0,1.0,0.19444444444444445,0.8055555555555556,4,7,0.520618556701031,0.25773195876288657
parent,6,0.0,1.0,0.0,0.7851851851851852,0.2148148148148148,21,6,0.0,0.3041237113402062
molecule,8,0.0,1.0,0.0,0.7851851851851852,0.2148148148148148,21,6,0.0,0.3041237113402062
frozen,6,0.0,1.0,0.0,0.7851851851851852,0.2148148148148148,21,6,0.0,0.3041237113402062
in,2,0.0,1.0,0.0,0.7851851851851852,0.2148148148148148,21,6,0.0,0.3041237113402062
the,3,0.0,1.0,0.0,0.7851851851851852,0.2148148148148148,21,6,0.0,0.3041237113402062
icy,3,0.0,1.0,0.0,0.7851851851851852,0.2148148148148148,21,6,0.0,0.3041237113402062
mix,3,0.0,1.0,0.0,0.7851851851851852,0.2148148148148148,21,6,0.0,0.3041237113402062
of,2,0.0,1.0,0.0,0.7851851851851852,0.2148148148148148,21,6,0.0,0.3041237113402062
the,3,0.0,1.0,0.0,0.7851851851851852,0.2148148148148148,21,6,0.0,0.3041237113402062
nucleus,7,0.0,1.0,0.0,0.7851851851851852,0.2148148148148148,21,6,0.0,0.3041237113402062
and,3,0.0,1.0,0.0,0.7851851851851852,0.2148148148148148,21,6,0.0,0.3041237113402062
also,4,0.0,1.0,0.0,0.7851851851851852,0.2148148148148148,21,6,0.0,0.3041237113402062
"(2006),",7,0.0,0.0,0.5714285714285714,0.7851851851851852,0.2148148148148148,21,6,0.0,0.3041237113402062
also,4,0.0,1.0,0.0,0.7851851851851852,0.2148148148148148,21,6,0.0,0.3041237113402062
compares,8,0.0,1.0,0.0,0.7851851851851852,0.2148148148148148,21,6,0.0,0.3041237113402062
within,6,0.0,1.0,0.0,0.7851851851851852,0.2148148148148148,21,6,0.0,0.3041237113402062
uncertainties,13,0.0,1.0,0.0,0.7851851851851852,0.2148148148148148,21,6,0.0,0.3041237113402062
in,2,0.0,1.0,0.0,0.7851851851851852,0.2148148148148148,21,6,0.0,0.3041237113402062
measurement,11,0.0,1.0,0.0,0.7851851851851852,0.2148148148148148,21,6,0.0,0.3041237113402062
to,2,0.0,1.0,0.0,0.7851851851851852,0.2148148148148148,21,6,0.0,0.3041237113402062
the,3,0.0,1.0,0.0,0.7851851851851852,0.2148148148148148,21,6,0.0,0.3041237113402062
directly,8,0.0,1.0,0.0,0.7883211678832117,0.21167883211678828,25,4,0.0,0.2938144329896907
from,4,0.0,1.0,0.0,0.7883211678832117,0.21167883211678828,25,4,0.0,0.2938144329896907
CHON,4,1.0,0.0,0.0,0.7883211678832117,0.21167883211678828,25,4,0.0,0.2938144329896907
grains,6,0.0,1.0,0.0,0.7883211678832117,0.21167883211678828,25,4,0.0,0.2938144329896907
at,2,0.0,1.0,0.0,0.7883211678832117,0.21167883211678828,25,4,0.0,0.2938144329896907
temperatures,12,0.0,1.0,0.0,0.7883211678832117,0.21167883211678828,25,4,0.0,0.2938144329896907
∼,1,0.0,0.0,0.0,0.7883211678832117,0.21167883211678828,25,4,0.0,0.2938144329896907
500,3,0.0,0.0,1.0,0.7883211678832117,0.21167883211678828,25,4,0.0,0.2938144329896907
K.,2,0.5,0.0,0.0,0.7883211678832117,0.21167883211678828,25,4,0.0,0.2938144329896907
In,2,0.5,0.5,0.0,0.7883211678832117,0.21167883211678828,25,4,0.0,0.2938144329896907
the,3,0.0,1.0,0.0,0.7883211678832117,0.21167883211678828,25,4,0.0,0.2938144329896907
current,7,0.0,1.0,0.0,0.7883211678832117,0.21167883211678828,25,4,0.0,0.2938144329896907
colours,7,0.0,1.0,0.0,0.7883211678832117,0.21167883211678828,25,4,0.0,0.2938144329896907
reported,8,0.0,1.0,0.0,0.7883211678832117,0.21167883211678828,25,4,0.0,0.2938144329896907
by,2,0.0,1.0,0.0,0.7883211678832117,0.21167883211678828,25,4,0.0,0.2938144329896907
Bolin,5,0.2,0.8,0.0,0.7883211678832117,0.21167883211678828,25,4,0.0,0.2938144329896907
et,2,0.0,1.0,0.0,0.7883211678832117,0.21167883211678828,25,4,0.0,0.2938144329896907
al.,3,0.0,0.6666666666666666,0.0,0.7883211678832117,0.21167883211678828,25,4,0.0,0.2938144329896907
(2020),6,0.0,0.0,0.6666666666666666,0.7883211678832117,0.21167883211678828,25,4,0.0,0.2938144329896907
and,3,0.0,1.0,0.0,0.7883211678832117,0.21167883211678828,25,4,0.0,0.2938144329896907
Hui,3,0.3333333333333333,0.6666666666666666,0.0,0.7883211678832117,0.21167883211678828,25,4,0.0,0.2938144329896907
et,2,0.0,1.0,0.0,0.7883211678832117,0.21167883211678828,25,4,0.0,0.2938144329896907
al.,3,0.0,0.6666666666666666,0.0,0.7883211678832117,0.21167883211678828,25,4,0.0,0.2938144329896907
(2020).,7,0.0,0.0,0.5714285714285714,0.7883211678832117,0.21167883211678828,25,4,0.0,0.2938144329896907
The,3,0.3333333333333333,0.6666666666666666,0.0,0.7883211678832117,0.21167883211678828,25,4,0.0,0.2938144329896907
scenario,8,0.0,1.0,0.0,0.7925925925925926,0.20740740740740737,24,4,0.0,0.3041237113402062
where,5,0.0,1.0,0.0,0.7925925925925926,0.20740740740740737,24,4,0.0,0.3041237113402062
the,3,0.0,1.0,0.0,0.7925925925925926,0.20740740740740737,24,4,0.0,0.3041237113402062
perihelion,10,0.0,1.0,0.0,0.7925925925925926,0.20740740740740737,24,4,0.0,0.3041237113402062
distance,8,0.0,1.0,0.0,0.7925925925925926,0.20740740740740737,24,4,0.0,0.3041237113402062
of,2,0.0,1.0,0.0,0.7925925925925926,0.20740740740740737,24,4,0.0,0.3041237113402062
the,3,0.0,1.0,0.0,0.7925925925925926,0.20740740740740737,24,4,0.0,0.3041237113402062
comet,5,0.0,1.0,0.0,0.7925925925925926,0.20740740740740737,24,4,0.0,0.3041237113402062
is,2,0.0,1.0,0.0,0.7925925925925926,0.20740740740740737,24,4,0.0,0.3041237113402062
2.0066,6,0.0,0.0,0.8333333333333334,0.7925925925925926,0.20740740740740737,24,4,0.0,0.3041237113402062
"AU,",3,0.6666666666666666,0.0,0.0,0.7925925925925926,0.20740740740740737,24,4,0.0,0.3041237113402062
available,9,0.0,1.0,0.0,0.7925925925925926,0.20740740740740737,24,4,0.0,0.3041237113402062
magnitudes,10,0.0,1.0,0.0,0.7925925925925926,0.20740740740740737,24,4,0.0,0.3041237113402062
were,4,0.0,1.0,0.0,0.7925925925925926,0.20740740740740737,24,4,0.0,0.3041237113402062
also,4,0.0,1.0,0.0,0.7925925925925926,0.20740740740740737,24,4,0.0,0.3041237113402062
used,4,0.0,1.0,0.0,0.7925925925925926,0.20740740740740737,24,4,0.0,0.3041237113402062
to,2,0.0,1.0,0.0,0.7925925925925926,0.20740740740740737,24,4,0.0,0.3041237113402062
compute,7,0.0,1.0,0.0,0.7925925925925926,0.20740740740740737,24,4,0.0,0.3041237113402062
A,1,1.0,0.0,0.0,0.7925925925925926,0.20740740740740737,24,4,0.0,0.3041237113402062
f,1,0.0,1.0,0.0,0.7925925925925926,0.20740740740740737,24,4,0.0,0.3041237113402062
"ρ,",2,0.0,0.5,0.0,0.7925925925925926,0.20740740740740737,24,4,0.0,0.3041237113402062
a,1,0.0,1.0,0.0,0.7925925925925926,0.20740740740740737,24,4,0.0,0.3041237113402062
proxy,5,0.0,1.0,0.0,0.7925925925925926,0.20740740740740737,24,4,0.0,0.3041237113402062
to,2,0.0,1.0,0.0,0.7925925925925926,0.20740740740740737,24,4,0.0,0.3041237113402062
the,3,0.0,1.0,0.0,0.8074074074074075,0.19259259259259254,22,4,0.0,0.3041237113402062
temperature,11,0.0,1.0,0.0,0.8074074074074075,0.19259259259259254,22,4,0.0,0.3041237113402062
from,4,0.0,1.0,0.0,0.8074074074074075,0.19259259259259254,22,4,0.0,0.3041237113402062
solar,5,0.0,1.0,0.0,0.8074074074074075,0.19259259259259254,22,4,0.0,0.3041237113402062
radiation,9,0.0,1.0,0.0,0.8074074074074075,0.19259259259259254,22,4,0.0,0.3041237113402062
would,5,0.0,1.0,0.0,0.8074074074074075,0.19259259259259254,22,4,0.0,0.3041237113402062
not,3,0.0,1.0,0.0,0.8074074074074075,0.19259259259259254,22,4,0.0,0.3041237113402062
be,2,0.0,1.0,0.0,0.8074074074074075,0.19259259259259254,22,4,0.0,0.3041237113402062
high,4,0.0,1.0,0.0,0.8074074074074075,0.19259259259259254,22,4,0.0,0.3041237113402062
enough,6,0.0,1.0,0.0,0.8074074074074075,0.19259259259259254,22,4,0.0,0.3041237113402062
for,3,0.0,1.0,0.0,0.8074074074074075,0.19259259259259254,22,4,0.0,0.3041237113402062
the,3,0.0,1.0,0.0,0.8074074074074075,0.19259259259259254,22,4,0.0,0.3041237113402062
amount,6,0.0,1.0,0.0,0.8074074074074075,0.19259259259259254,22,4,0.0,0.3041237113402062
of,2,0.0,1.0,0.0,0.8074074074074075,0.19259259259259254,22,4,0.0,0.3041237113402062
dust,4,0.0,1.0,0.0,0.8074074074074075,0.19259259259259254,22,4,0.0,0.3041237113402062
produced,8,0.0,1.0,0.0,0.8074074074074075,0.19259259259259254,22,4,0.0,0.3041237113402062
(A’Hearn,8,0.25,0.5,0.0,0.8074074074074075,0.19259259259259254,22,4,0.0,0.3041237113402062
et,2,0.0,1.0,0.0,0.8074074074074075,0.19259259259259254,22,4,0.0,0.3041237113402062
al.,3,0.0,0.6666666666666666,0.0,0.8074074074074075,0.19259259259259254,22,4,0.0,0.3041237113402062
1984b).,7,0.0,0.14285714285714285,0.5714285714285714,0.8074074074074075,0.19259259259259254,22,4,0.0,0.3041237113402062
The,3,0.3333333333333333,0.6666666666666666,0.0,0.8074074074074075,0.19259259259259254,22,4,0.0,0.3041237113402062
obtained,8,0.0,1.0,0.0,0.8074074074074075,0.19259259259259254,22,4,0.0,0.3041237113402062
CHON,4,1.0,0.0,0.0,0.7703703703703704,0.22962962962962963,28,3,0.0,0.3041237113402062
grains,6,0.0,1.0,0.0,0.7703703703703704,0.22962962962962963,28,3,0.0,0.3041237113402062
to,2,0.0,1.0,0.0,0.7703703703703704,0.22962962962962963,28,3,0.0,0.3041237113402062
be,2,0.0,1.0,0.0,0.7703703703703704,0.22962962962962963,28,3,0.0,0.3041237113402062
a,1,0.0,1.0,0.0,0.7703703703703704,0.22962962962962963,28,3,0.0,0.3041237113402062
primary,7,0.0,1.0,0.0,0.7703703703703704,0.22962962962962963,28,3,0.0,0.3041237113402062
source,6,0.0,1.0,0.0,0.7703703703703704,0.22962962962962963,28,3,0.0,0.3041237113402062
for,3,0.0,1.0,0.0,0.7703703703703704,0.22962962962962963,28,3,0.0,0.3041237113402062
C2,2,0.5,0.0,0.5,0.7703703703703704,0.22962962962962963,28,3,0.0,0.3041237113402062
.,1,0.0,0.0,0.0,0.7703703703703704,0.22962962962962963,28,3,0.0,0.3041237113402062
"Also,",5,0.2,0.6,0.0,0.7703703703703704,0.22962962962962963,28,3,0.0,0.3041237113402062
the,3,0.0,1.0,0.0,0.7703703703703704,0.22962962962962963,28,3,0.0,0.3041237113402062
influence,9,0.0,1.0,0.0,0.7703703703703704,0.22962962962962963,28,3,0.0,0.3041237113402062
of,2,0.0,1.0,0.0,0.7703703703703704,0.22962962962962963,28,3,0.0,0.3041237113402062
values,6,0.0,1.0,0.0,0.7703703703703704,0.22962962962962963,28,3,0.0,0.3041237113402062
of,2,0.0,1.0,0.0,0.7703703703703704,0.22962962962962963,28,3,0.0,0.3041237113402062
A,1,1.0,0.0,0.0,0.7703703703703704,0.22962962962962963,28,3,0.0,0.3041237113402062
f,1,0.0,1.0,0.0,0.7703703703703704,0.22962962962962963,28,3,0.0,0.3041237113402062
ρ,1,0.0,1.0,0.0,0.7703703703703704,0.22962962962962963,28,3,0.0,0.3041237113402062
(see,4,0.0,0.75,0.0,0.7703703703703704,0.22962962962962963,28,3,0.0,0.3041237113402062
Table,5,0.2,0.8,0.0,0.7703703703703704,0.22962962962962963,28,3,0.0,0.3041237113402062
"3),",3,0.0,0.0,0.3333333333333333,0.7703703703703704,0.22962962962962963,28,3,0.0,0.3041237113402062
for,3,0.0,1.0,0.0,0.7703703703703704,0.22962962962962963,28,3,0.0,0.3041237113402062
30th,4,0.0,0.5,0.5,0.7703703703703704,0.22962962962962963,28,3,0.0,0.3041237113402062
November,8,0.125,0.875,0.0,0.7703703703703704,0.22962962962962963,28,3,0.0,0.3041237113402062
and,3,0.0,1.0,0.0,0.7703703703703704,0.22962962962962963,28,3,0.0,0.3041237113402062
22nd,4,0.0,0.5,0.5,0.7703703703703704,0.22962962962962963,28,3,0.0,0.3041237113402062
Decem-,6,0.16666666666666666,0.6666666666666666,0.0,0.7703703703703704,0.22962962962962963,28,3,0.0,0.3041237113402062
CHON,4,1.0,0.0,0.0,0.7841726618705036,0.2158273381294964,27,3,0.0,0.28350515463917525
grains,6,0.0,1.0,0.0,0.7841726618705036,0.2158273381294964,27,3,0.0,0.28350515463917525
would,5,0.0,1.0,0.0,0.7841726618705036,0.2158273381294964,27,3,0.0,0.28350515463917525
result,6,0.0,1.0,0.0,0.7841726618705036,0.2158273381294964,27,3,0.0,0.28350515463917525
in,2,0.0,1.0,0.0,0.7841726618705036,0.2158273381294964,27,3,0.0,0.28350515463917525
a,1,0.0,1.0,0.0,0.7841726618705036,0.2158273381294964,27,3,0.0,0.28350515463917525
flattening,10,0.0,1.0,0.0,0.7841726618705036,0.2158273381294964,27,3,0.0,0.28350515463917525
of,2,0.0,1.0,0.0,0.7841726618705036,0.2158273381294964,27,3,0.0,0.28350515463917525
the,3,0.0,1.0,0.0,0.7841726618705036,0.2158273381294964,27,3,0.0,0.28350515463917525
spatial,7,0.0,1.0,0.0,0.7841726618705036,0.2158273381294964,27,3,0.0,0.28350515463917525
profile,7,0.0,1.0,0.0,0.7841726618705036,0.2158273381294964,27,3,0.0,0.28350515463917525
of,2,0.0,1.0,0.0,0.7841726618705036,0.2158273381294964,27,3,0.0,0.28350515463917525
"ber,",4,0.0,0.75,0.0,0.7841726618705036,0.2158273381294964,27,3,0.0,0.28350515463917525
in,2,0.0,1.0,0.0,0.7841726618705036,0.2158273381294964,27,3,0.0,0.28350515463917525
V,1,1.0,0.0,0.0,0.7841726618705036,0.2158273381294964,27,3,0.0,0.28350515463917525
band,4,0.0,1.0,0.0,0.7841726618705036,0.2158273381294964,27,3,0.0,0.28350515463917525
is,2,0.0,1.0,0.0,0.7841726618705036,0.2158273381294964,27,3,0.0,0.28350515463917525
found,5,0.0,1.0,0.0,0.7841726618705036,0.2158273381294964,27,3,0.0,0.28350515463917525
to,2,0.0,1.0,0.0,0.7841726618705036,0.2158273381294964,27,3,0.0,0.28350515463917525
be,2,0.0,1.0,0.0,0.7841726618705036,0.2158273381294964,27,3,0.0,0.28350515463917525
similar,7,0.0,1.0,0.0,0.7841726618705036,0.2158273381294964,27,3,0.0,0.28350515463917525
to,2,0.0,1.0,0.0,0.7841726618705036,0.2158273381294964,27,3,0.0,0.28350515463917525
the,3,0.0,1.0,0.0,0.7841726618705036,0.2158273381294964,27,3,0.0,0.28350515463917525
values,6,0.0,1.0,0.0,0.7841726618705036,0.2158273381294964,27,3,0.0,0.28350515463917525
reported,8,0.0,1.0,0.0,0.7841726618705036,0.2158273381294964,27,3,0.0,0.28350515463917525
by,2,0.0,1.0,0.0,0.7841726618705036,0.2158273381294964,27,3,0.0,0.28350515463917525
Xing,4,0.25,0.75,0.0,0.7841726618705036,0.2158273381294964,27,3,0.0,0.28350515463917525
C2,2,0.5,0.0,0.5,0.7573529411764706,0.24264705882352944,23,7,0.0,0.2989690721649485
as,2,0.0,1.0,0.0,0.7573529411764706,0.24264705882352944,23,7,0.0,0.2989690721649485
per,3,0.0,1.0,0.0,0.7573529411764706,0.24264705882352944,23,7,0.0,0.2989690721649485
the,3,0.0,1.0,0.0,0.7573529411764706,0.24264705882352944,23,7,0.0,0.2989690721649485
CHON,4,1.0,0.0,0.0,0.7573529411764706,0.24264705882352944,23,7,0.0,0.2989690721649485
grain,5,0.0,1.0,0.0,0.7573529411764706,0.24264705882352944,23,7,0.0,0.2989690721649485
halo,4,0.0,1.0,0.0,0.7573529411764706,0.24264705882352944,23,7,0.0,0.2989690721649485
(CGH),5,0.6,0.0,0.0,0.7573529411764706,0.24264705882352944,23,7,0.0,0.2989690721649485
model,5,0.0,1.0,0.0,0.7573529411764706,0.24264705882352944,23,7,0.0,0.2989690721649485
proposed,8,0.0,1.0,0.0,0.7573529411764706,0.24264705882352944,23,7,0.0,0.2989690721649485
by,2,0.0,1.0,0.0,0.7573529411764706,0.24264705882352944,23,7,0.0,0.2989690721649485
Combi,5,0.2,0.8,0.0,0.7573529411764706,0.24264705882352944,23,7,0.0,0.2989690721649485
et,2,0.0,1.0,0.0,0.7573529411764706,0.24264705882352944,23,7,0.0,0.2989690721649485
al.,3,0.0,0.6666666666666666,0.0,0.7573529411764706,0.24264705882352944,23,7,0.0,0.2989690721649485
"(2020),",7,0.0,0.0,0.5714285714285714,0.7573529411764706,0.24264705882352944,23,7,0.0,0.2989690721649485
for,3,0.0,1.0,0.0,0.7573529411764706,0.24264705882352944,23,7,0.0,0.2989690721649485
the,3,0.0,1.0,0.0,0.7573529411764706,0.24264705882352944,23,7,0.0,0.2989690721649485
same,4,0.0,1.0,0.0,0.7573529411764706,0.24264705882352944,23,7,0.0,0.2989690721649485
wavelength,10,0.0,1.0,0.0,0.7573529411764706,0.24264705882352944,23,7,0.0,0.2989690721649485
"band,",5,0.0,0.8,0.0,0.7573529411764706,0.24264705882352944,23,7,0.0,0.2989690721649485
during,6,0.0,1.0,0.0,0.7573529411764706,0.24264705882352944,23,7,0.0,0.2989690721649485
nearby,6,0.0,1.0,0.0,0.7573529411764706,0.24264705882352944,23,7,0.0,0.2989690721649485
epochs,6,0.0,1.0,0.0,0.7573529411764706,0.24264705882352944,23,7,0.0,0.2989690721649485
&,1,0.0,0.0,0.0,0.8088235294117647,0.19117647058823528,23,3,0.0,0.2989690721649485
Fink,4,0.25,0.75,0.0,0.8088235294117647,0.19117647058823528,23,3,0.0,0.2989690721649485
(1997).,7,0.0,0.0,0.5714285714285714,0.8088235294117647,0.19117647058823528,23,3,0.0,0.2989690721649485
Such,4,0.25,0.75,0.0,0.8088235294117647,0.19117647058823528,23,3,0.0,0.2989690721649485
a,1,0.0,1.0,0.0,0.8088235294117647,0.19117647058823528,23,3,0.0,0.2989690721649485
spatial,7,0.0,1.0,0.0,0.8088235294117647,0.19117647058823528,23,3,0.0,0.2989690721649485
flattening,10,0.0,1.0,0.0,0.8088235294117647,0.19117647058823528,23,3,0.0,0.2989690721649485
has,3,0.0,1.0,0.0,0.8088235294117647,0.19117647058823528,23,3,0.0,0.2989690721649485
not,3,0.0,1.0,0.0,0.8088235294117647,0.19117647058823528,23,3,0.0,0.2989690721649485
been,4,0.0,1.0,0.0,0.8088235294117647,0.19117647058823528,23,3,0.0,0.2989690721649485
reported,8,0.0,1.0,0.0,0.8088235294117647,0.19117647058823528,23,3,0.0,0.2989690721649485
yet,3,0.0,1.0,0.0,0.8088235294117647,0.19117647058823528,23,3,0.0,0.2989690721649485
(1,2,0.0,0.0,0.5,0.8088235294117647,0.19117647058823528,23,3,0.0,0.2989690721649485
st,2,0.0,1.0,0.0,0.8088235294117647,0.19117647058823528,23,3,0.0,0.2989690721649485
December,8,0.125,0.875,0.0,0.8088235294117647,0.19117647058823528,23,3,0.0,0.2989690721649485
and,3,0.0,1.0,0.0,0.8088235294117647,0.19117647058823528,23,3,0.0,0.2989690721649485
21,2,0.0,0.0,1.0,0.8088235294117647,0.19117647058823528,23,3,0.0,0.2989690721649485
st,2,0.0,1.0,0.0,0.8088235294117647,0.19117647058823528,23,3,0.0,0.2989690721649485
December,8,0.125,0.875,0.0,0.8088235294117647,0.19117647058823528,23,3,0.0,0.2989690721649485
respectively).,14,0.0,0.8571428571428571,0.0,0.8088235294117647,0.19117647058823528,23,3,0.0,0.2989690721649485
The,3,0.3333333333333333,0.6666666666666666,0.0,0.8088235294117647,0.19117647058823528,23,3,0.0,0.2989690721649485
equation,8,0.0,1.0,0.0,0.8088235294117647,0.19117647058823528,23,3,0.0,0.2989690721649485
for,3,0.0,1.0,0.0,0.8088235294117647,0.19117647058823528,23,3,0.0,0.2989690721649485
in,2,0.0,1.0,0.0,0.7898550724637681,0.21014492753623193,24,4,0.0,0.28865979381443296
the,3,0.0,1.0,0.0,0.7898550724637681,0.21014492753623193,24,4,0.0,0.28865979381443296
case,4,0.0,1.0,0.0,0.7898550724637681,0.21014492753623193,24,4,0.0,0.28865979381443296
of,2,0.0,1.0,0.0,0.7898550724637681,0.21014492753623193,24,4,0.0,0.28865979381443296
2I/Borisov.,11,0.18181818181818182,0.5454545454545454,0.09090909090909091,0.7898550724637681,0.21014492753623193,24,4,0.0,0.28865979381443296
On,2,0.5,0.5,0.0,0.7898550724637681,0.21014492753623193,24,4,0.0,0.28865979381443296
the,3,0.0,1.0,0.0,0.7898550724637681,0.21014492753623193,24,4,0.0,0.28865979381443296
other,5,0.0,1.0,0.0,0.7898550724637681,0.21014492753623193,24,4,0.0,0.28865979381443296
"hand,",5,0.0,0.8,0.0,0.7898550724637681,0.21014492753623193,24,4,0.0,0.28865979381443296
Xing,4,0.25,0.75,0.0,0.7898550724637681,0.21014492753623193,24,4,0.0,0.28865979381443296
et,2,0.0,1.0,0.0,0.7898550724637681,0.21014492753623193,24,4,0.0,0.28865979381443296
al.,3,0.0,0.6666666666666666,0.0,0.7898550724637681,0.21014492753623193,24,4,0.0,0.28865979381443296
(2020),6,0.0,0.0,0.6666666666666666,0.7898550724637681,0.21014492753623193,24,4,0.0,0.28865979381443296
average,7,0.0,1.0,0.0,0.7898550724637681,0.21014492753623193,24,4,0.0,0.28865979381443296
slope,5,0.0,1.0,0.0,0.7898550724637681,0.21014492753623193,24,4,0.0,0.28865979381443296
of,2,0.0,1.0,0.0,0.7898550724637681,0.21014492753623193,24,4,0.0,0.28865979381443296
the,3,0.0,1.0,0.0,0.7898550724637681,0.21014492753623193,24,4,0.0,0.28865979381443296
curve,5,0.0,1.0,0.0,0.7898550724637681,0.21014492753623193,24,4,0.0,0.28865979381443296
of,2,0.0,1.0,0.0,0.7898550724637681,0.21014492753623193,24,4,0.0,0.28865979381443296
"reflectivity,",13,0.0,0.9230769230769231,0.0,0.7898550724637681,0.21014492753623193,24,4,0.0,0.28865979381443296
as,2,0.0,1.0,0.0,0.7898550724637681,0.21014492753623193,24,4,0.0,0.28865979381443296
mentioned,9,0.0,1.0,0.0,0.7898550724637681,0.21014492753623193,24,4,0.0,0.28865979381443296
in,2,0.0,1.0,0.0,0.7898550724637681,0.21014492753623193,24,4,0.0,0.28865979381443296
A’Hearn,7,0.2857142857142857,0.5714285714285714,0.0,0.7898550724637681,0.21014492753623193,24,4,0.0,0.28865979381443296
reports,7,0.0,1.0,0.0,0.7941176470588235,0.20588235294117652,20,6,0.0,0.2989690721649485
that,4,0.0,1.0,0.0,0.7941176470588235,0.20588235294117652,20,6,0.0,0.2989690721649485
the,3,0.0,1.0,0.0,0.7941176470588235,0.20588235294117652,20,6,0.0,0.2989690721649485
water,5,0.0,1.0,0.0,0.7941176470588235,0.20588235294117652,20,6,0.0,0.2989690721649485
production,10,0.0,1.0,0.0,0.7941176470588235,0.20588235294117652,20,6,0.0,0.2989690721649485
in,2,0.0,1.0,0.0,0.7941176470588235,0.20588235294117652,20,6,0.0,0.2989690721649485
2I/Borisov,10,0.2,0.6,0.1,0.7941176470588235,0.20588235294117652,20,6,0.0,0.2989690721649485
had,3,0.0,1.0,0.0,0.7941176470588235,0.20588235294117652,20,6,0.0,0.2989690721649485
increased,9,0.0,1.0,0.0,0.7941176470588235,0.20588235294117652,20,6,0.0,0.2989690721649485
et,2,0.0,1.0,0.0,0.7941176470588235,0.20588235294117652,20,6,0.0,0.2989690721649485
al.,3,0.0,0.6666666666666666,0.0,0.7941176470588235,0.20588235294117652,20,6,0.0,0.2989690721649485
"(1984b),",8,0.0,0.125,0.5,0.7941176470588235,0.20588235294117652,20,6,0.0,0.2989690721649485
when,4,0.0,1.0,0.0,0.7941176470588235,0.20588235294117652,20,6,0.0,0.2989690721649485
used,4,0.0,1.0,0.0,0.7941176470588235,0.20588235294117652,20,6,0.0,0.2989690721649485
with,4,0.0,1.0,0.0,0.7941176470588235,0.20588235294117652,20,6,0.0,0.2989690721649485
the,3,0.0,1.0,0.0,0.7941176470588235,0.20588235294117652,20,6,0.0,0.2989690721649485
observed,8,0.0,1.0,0.0,0.7941176470588235,0.20588235294117652,20,6,0.0,0.2989690721649485
magnitudes,10,0.0,1.0,0.0,0.7941176470588235,0.20588235294117652,20,6,0.0,0.2989690721649485
provides,8,0.0,1.0,0.0,0.7941176470588235,0.20588235294117652,20,6,0.0,0.2989690721649485
a,1,0.0,1.0,0.0,0.7941176470588235,0.20588235294117652,20,6,0.0,0.2989690721649485
drastically,11,0.0,1.0,0.0,0.7777777777777778,0.2222222222222222,23,5,0.0,0.3041237113402062
from,4,0.0,1.0,0.0,0.7777777777777778,0.2222222222222222,23,5,0.0,0.3041237113402062
November,8,0.125,0.875,0.0,0.7777777777777778,0.2222222222222222,23,5,0.0,0.3041237113402062
to,2,0.0,1.0,0.0,0.7777777777777778,0.2222222222222222,23,5,0.0,0.3041237113402062
"December,",9,0.1111111111111111,0.7777777777777778,0.0,0.7777777777777778,0.2222222222222222,23,5,0.0,0.3041237113402062
close,5,0.0,1.0,0.0,0.7777777777777778,0.2222222222222222,23,5,0.0,0.3041237113402062
to,2,0.0,1.0,0.0,0.7777777777777778,0.2222222222222222,23,5,0.0,0.3041237113402062
perihelion,10,0.0,1.0,0.0,0.7777777777777778,0.2222222222222222,23,5,0.0,0.3041237113402062
and,3,0.0,1.0,0.0,0.7777777777777778,0.2222222222222222,23,5,0.0,0.3041237113402062
slope,5,0.0,1.0,0.0,0.7777777777777778,0.2222222222222222,23,5,0.0,0.3041237113402062
S,1,1.0,0.0,0.0,0.7777777777777778,0.2222222222222222,23,5,0.0,0.3041237113402062
0,1,0.0,0.0,1.0,0.7777777777777778,0.2222222222222222,23,5,0.0,0.3041237113402062
=,1,0.0,0.0,0.0,0.7777777777777778,0.2222222222222222,23,5,0.0,0.3041237113402062
(9.9,4,0.0,0.0,0.5,0.7777777777777778,0.2222222222222222,23,5,0.0,0.3041237113402062
±,1,0.0,0.0,0.0,0.7777777777777778,0.2222222222222222,23,5,0.0,0.3041237113402062
1.2)%/103,9,0.0,0.0,0.5555555555555556,0.7777777777777778,0.2222222222222222,23,5,0.0,0.3041237113402062
Å,1,1.0,0.0,0.0,0.7777777777777778,0.2222222222222222,23,5,0.0,0.3041237113402062
for,3,0.0,1.0,0.0,0.7777777777777778,0.2222222222222222,23,5,0.0,0.3041237113402062
the,3,0.0,1.0,0.0,0.7777777777777778,0.2222222222222222,23,5,0.0,0.3041237113402062
red-end,7,0.0,0.8571428571428571,0.0,0.7777777777777778,0.2222222222222222,23,5,0.0,0.3041237113402062
(6400-7900,10,0.0,0.0,0.8,0.7777777777777778,0.2222222222222222,23,5,0.0,0.3041237113402062
Å),2,0.5,0.0,0.0,0.7777777777777778,0.2222222222222222,23,5,0.0,0.3041237113402062
and,3,0.0,1.0,0.0,0.7777777777777778,0.2222222222222222,23,5,0.0,0.3041237113402062
then,4,0.0,1.0,0.0,0.7681159420289855,0.23188405797101452,27,4,0.0,0.28865979381443296
decreased,9,0.0,1.0,0.0,0.7681159420289855,0.23188405797101452,27,4,0.0,0.28865979381443296
rapidly,7,0.0,1.0,0.0,0.7681159420289855,0.23188405797101452,27,4,0.0,0.28865979381443296
by,2,0.0,1.0,0.0,0.7681159420289855,0.23188405797101452,27,4,0.0,0.28865979381443296
December,8,0.125,0.875,0.0,0.7681159420289855,0.23188405797101452,27,4,0.0,0.28865979381443296
21,2,0.0,0.0,1.0,0.7681159420289855,0.23188405797101452,27,4,0.0,0.28865979381443296
st,2,0.0,1.0,0.0,0.7681159420289855,0.23188405797101452,27,4,0.0,0.28865979381443296
.,1,0.0,0.0,0.0,0.7681159420289855,0.23188405797101452,27,4,0.0,0.28865979381443296
With,4,0.25,0.75,0.0,0.7681159420289855,0.23188405797101452,27,4,0.0,0.28865979381443296
the,3,0.0,1.0,0.0,0.7681159420289855,0.23188405797101452,27,4,0.0,0.28865979381443296
contribution,12,0.0,1.0,0.0,0.7681159420289855,0.23188405797101452,27,4,0.0,0.28865979381443296
S,1,1.0,0.0,0.0,0.7681159420289855,0.23188405797101452,27,4,0.0,0.28865979381443296
0,1,0.0,0.0,1.0,0.7681159420289855,0.23188405797101452,27,4,0.0,0.28865979381443296
=,1,0.0,0.0,0.0,0.7681159420289855,0.23188405797101452,27,4,0.0,0.28865979381443296
(13.5,5,0.0,0.0,0.6,0.7681159420289855,0.23188405797101452,27,4,0.0,0.28865979381443296
±,1,0.0,0.0,0.0,0.7681159420289855,0.23188405797101452,27,4,0.0,0.28865979381443296
1.5)%/103,9,0.0,0.0,0.5555555555555556,0.7681159420289855,0.23188405797101452,27,4,0.0,0.28865979381443296
Å,1,1.0,0.0,0.0,0.7681159420289855,0.23188405797101452,27,4,0.0,0.28865979381443296
for,3,0.0,1.0,0.0,0.7681159420289855,0.23188405797101452,27,4,0.0,0.28865979381443296
the,3,0.0,1.0,0.0,0.7681159420289855,0.23188405797101452,27,4,0.0,0.28865979381443296
blue-end,8,0.0,0.875,0.0,0.7681159420289855,0.23188405797101452,27,4,0.0,0.28865979381443296
(4200,5,0.0,0.0,0.8,0.7681159420289855,0.23188405797101452,27,4,0.0,0.28865979381443296
-,1,0.0,0.0,0.0,0.7681159420289855,0.23188405797101452,27,4,0.0,0.28865979381443296
5500,4,0.0,0.0,1.0,0.7681159420289855,0.23188405797101452,27,4,0.0,0.28865979381443296
Å).,3,0.3333333333333333,0.0,0.0,0.7681159420289855,0.23188405797101452,27,4,0.0,0.28865979381443296
The,3,0.3333333333333333,0.6666666666666666,0.0,0.7681159420289855,0.23188405797101452,27,4,0.0,0.28865979381443296
ob-,3,0.0,0.6666666666666666,0.0,0.7681159420289855,0.23188405797101452,27,4,0.0,0.28865979381443296
from,4,0.0,1.0,0.0,0.7928571428571428,0.20714285714285718,27,3,0.0,0.27835051546391754
CHON,4,1.0,0.0,0.0,0.7928571428571428,0.20714285714285718,27,3,0.0,0.27835051546391754
grains,6,0.0,1.0,0.0,0.7928571428571428,0.20714285714285718,27,3,0.0,0.27835051546391754
being,5,0.0,1.0,0.0,0.7928571428571428,0.20714285714285718,27,3,0.0,0.27835051546391754
ruled,5,0.0,1.0,0.0,0.7928571428571428,0.20714285714285718,27,3,0.0,0.27835051546391754
"out,",4,0.0,0.75,0.0,0.7928571428571428,0.20714285714285718,27,3,0.0,0.27835051546391754
only,4,0.0,1.0,0.0,0.7928571428571428,0.20714285714285718,27,3,0.0,0.27835051546391754
the,3,0.0,1.0,0.0,0.7928571428571428,0.20714285714285718,27,3,0.0,0.27835051546391754
activity,8,0.0,1.0,0.0,0.7928571428571428,0.20714285714285718,27,3,0.0,0.27835051546391754
in,2,0.0,1.0,0.0,0.7928571428571428,0.20714285714285718,27,3,0.0,0.27835051546391754
H2,2,0.5,0.0,0.5,0.7928571428571428,0.20714285714285718,27,3,0.0,0.27835051546391754
O,1,1.0,0.0,0.0,0.7928571428571428,0.20714285714285718,27,3,0.0,0.27835051546391754
ice,3,0.0,1.0,0.0,0.7928571428571428,0.20714285714285718,27,3,0.0,0.27835051546391754
can,3,0.0,1.0,0.0,0.7928571428571428,0.20714285714285718,27,3,0.0,0.27835051546391754
served,6,0.0,1.0,0.0,0.7928571428571428,0.20714285714285718,27,3,0.0,0.27835051546391754
average,7,0.0,1.0,0.0,0.7928571428571428,0.20714285714285718,27,3,0.0,0.27835051546391754
slope,5,0.0,1.0,0.0,0.7928571428571428,0.20714285714285718,27,3,0.0,0.27835051546391754
at,2,0.0,1.0,0.0,0.7928571428571428,0.20714285714285718,27,3,0.0,0.27835051546391754
the,3,0.0,1.0,0.0,0.7928571428571428,0.20714285714285718,27,3,0.0,0.27835051546391754
red,3,0.0,1.0,0.0,0.7928571428571428,0.20714285714285718,27,3,0.0,0.27835051546391754
end,3,0.0,1.0,0.0,0.7928571428571428,0.20714285714285718,27,3,0.0,0.27835051546391754
is,2,0.0,1.0,0.0,0.7928571428571428,0.20714285714285718,27,3,0.0,0.27835051546391754
consistent,10,0.0,1.0,0.0,0.7928571428571428,0.20714285714285718,27,3,0.0,0.27835051546391754
with,4,0.0,1.0,0.0,0.7928571428571428,0.20714285714285718,27,3,0.0,0.27835051546391754
the,3,0.0,1.0,0.0,0.7928571428571428,0.20714285714285718,27,3,0.0,0.27835051546391754
values,6,0.0,1.0,0.0,0.7928571428571428,0.20714285714285718,27,3,0.0,0.27835051546391754
re-,3,0.0,0.6666666666666666,0.0,0.7928571428571428,0.20714285714285718,27,3,0.0,0.27835051546391754
explain,7,0.0,1.0,0.0,0.8,0.19999999999999996,28,2,0.0,0.27835051546391754
the,3,0.0,1.0,0.0,0.8,0.19999999999999996,28,2,0.0,0.27835051546391754
increase,8,0.0,1.0,0.0,0.8,0.19999999999999996,28,2,0.0,0.27835051546391754
in,2,0.0,1.0,0.0,0.8,0.19999999999999996,28,2,0.0,0.27835051546391754
production,10,0.0,1.0,0.0,0.8,0.19999999999999996,28,2,0.0,0.27835051546391754
rate,4,0.0,1.0,0.0,0.8,0.19999999999999996,28,2,0.0,0.27835051546391754
of,2,0.0,1.0,0.0,0.8,0.19999999999999996,28,2,0.0,0.27835051546391754
C2,2,0.5,0.0,0.5,0.8,0.19999999999999996,28,2,0.0,0.27835051546391754
close,5,0.0,1.0,0.0,0.8,0.19999999999999996,28,2,0.0,0.27835051546391754
to,2,0.0,1.0,0.0,0.8,0.19999999999999996,28,2,0.0,0.27835051546391754
perihelion,10,0.0,1.0,0.0,0.8,0.19999999999999996,28,2,0.0,0.27835051546391754
and,3,0.0,1.0,0.0,0.8,0.19999999999999996,28,2,0.0,0.27835051546391754
ported,6,0.0,1.0,0.0,0.8,0.19999999999999996,28,2,0.0,0.27835051546391754
by,2,0.0,1.0,0.0,0.8,0.19999999999999996,28,2,0.0,0.27835051546391754
Lin,3,0.3333333333333333,0.6666666666666666,0.0,0.8,0.19999999999999996,28,2,0.0,0.27835051546391754
et,2,0.0,1.0,0.0,0.8,0.19999999999999996,28,2,0.0,0.27835051546391754
al.,3,0.0,0.6666666666666666,0.0,0.8,0.19999999999999996,28,2,0.0,0.27835051546391754
(2020),6,0.0,0.0,0.6666666666666666,0.8,0.19999999999999996,28,2,0.0,0.27835051546391754
[S,2,0.5,0.0,0.0,0.8,0.19999999999999996,28,2,0.0,0.27835051546391754
0,1,0.0,0.0,1.0,0.8,0.19999999999999996,28,2,0.0,0.27835051546391754
=,1,0.0,0.0,0.0,0.8,0.19999999999999996,28,2,0.0,0.27835051546391754
9.2%/103,8,0.0,0.0,0.625,0.8,0.19999999999999996,28,2,0.0,0.27835051546391754
"Å],",3,0.3333333333333333,0.0,0.0,0.8,0.19999999999999996,28,2,0.0,0.27835051546391754
de,2,0.0,1.0,0.0,0.8,0.19999999999999996,28,2,0.0,0.27835051546391754
León,4,0.25,0.75,0.0,0.8,0.19999999999999996,28,2,0.0,0.27835051546391754
et,2,0.0,1.0,0.0,0.8,0.19999999999999996,28,2,0.0,0.27835051546391754
al.,3,0.0,0.6666666666666666,0.0,0.8,0.19999999999999996,28,2,0.0,0.27835051546391754
(2020),6,0.0,0.0,0.6666666666666666,0.8,0.19999999999999996,28,2,0.0,0.27835051546391754
hence,5,0.0,1.0,0.0,0.7898550724637681,0.21014492753623193,30,1,0.0,0.28865979381443296
the,3,0.0,1.0,0.0,0.7898550724637681,0.21014492753623193,30,1,0.0,0.28865979381443296
initial,7,0.0,1.0,0.0,0.7898550724637681,0.21014492753623193,30,1,0.0,0.28865979381443296
increase,8,0.0,1.0,0.0,0.7898550724637681,0.21014492753623193,30,1,0.0,0.28865979381443296
in,2,0.0,1.0,0.0,0.7898550724637681,0.21014492753623193,30,1,0.0,0.28865979381443296
Q(C2,4,0.5,0.0,0.25,0.7898550724637681,0.21014492753623193,30,1,0.0,0.28865979381443296
)/Q(CN).,8,0.375,0.0,0.0,0.7898550724637681,0.21014492753623193,30,1,0.0,0.28865979381443296
The,3,0.3333333333333333,0.6666666666666666,0.0,0.7898550724637681,0.21014492753623193,30,1,0.0,0.28865979381443296
drop,4,0.0,1.0,0.0,0.7898550724637681,0.21014492753623193,30,1,0.0,0.28865979381443296
in,2,0.0,1.0,0.0,0.7898550724637681,0.21014492753623193,30,1,0.0,0.28865979381443296
the,3,0.0,1.0,0.0,0.7898550724637681,0.21014492753623193,30,1,0.0,0.28865979381443296
ratio,5,0.0,1.0,0.0,0.7898550724637681,0.21014492753623193,30,1,0.0,0.28865979381443296
post,4,0.0,1.0,0.0,0.7898550724637681,0.21014492753623193,30,1,0.0,0.28865979381443296
[S,2,0.5,0.0,0.0,0.7898550724637681,0.21014492753623193,30,1,0.0,0.28865979381443296
0,1,0.0,0.0,1.0,0.7898550724637681,0.21014492753623193,30,1,0.0,0.28865979381443296
=,1,0.0,0.0,0.0,0.7898550724637681,0.21014492753623193,30,1,0.0,0.28865979381443296
(10,3,0.0,0.0,0.6666666666666666,0.7898550724637681,0.21014492753623193,30,1,0.0,0.28865979381443296
±,1,0.0,0.0,0.0,0.7898550724637681,0.21014492753623193,30,1,0.0,0.28865979381443296
1)%/103,7,0.0,0.0,0.5714285714285714,0.7898550724637681,0.21014492753623193,30,1,0.0,0.28865979381443296
"Å],",3,0.3333333333333333,0.0,0.0,0.7898550724637681,0.21014492753623193,30,1,0.0,0.28865979381443296
Kareta,6,0.16666666666666666,0.8333333333333334,0.0,0.7898550724637681,0.21014492753623193,30,1,0.0,0.28865979381443296
et,2,0.0,1.0,0.0,0.7898550724637681,0.21014492753623193,30,1,0.0,0.28865979381443296
al.,3,0.0,0.6666666666666666,0.0,0.7898550724637681,0.21014492753623193,30,1,0.0,0.28865979381443296
(2020),6,0.0,0.0,0.6666666666666666,0.7898550724637681,0.21014492753623193,30,1,0.0,0.28865979381443296
[S,2,0.5,0.0,0.0,0.7898550724637681,0.21014492753623193,30,1,0.0,0.28865979381443296
0,1,0.0,0.0,1.0,0.7898550724637681,0.21014492753623193,30,1,0.0,0.28865979381443296
=,1,0.0,0.0,0.0,0.7898550724637681,0.21014492753623193,30,1,0.0,0.28865979381443296
11%/103,7,0.0,0.0,0.7142857142857143,0.7898550724637681,0.21014492753623193,30,1,0.0,0.28865979381443296
Å],2,0.5,0.0,0.0,0.7898550724637681,0.21014492753623193,30,1,0.0,0.28865979381443296
and,3,0.0,1.0,0.0,0.7898550724637681,0.21014492753623193,30,1,0.0,0.28865979381443296
perihelion,10,0.0,1.0,0.0,0.7841726618705036,0.2158273381294964,27,3,0.0,0.28350515463917525
is,2,0.0,1.0,0.0,0.7841726618705036,0.2158273381294964,27,3,0.0,0.28350515463917525
due,3,0.0,1.0,0.0,0.7841726618705036,0.2158273381294964,27,3,0.0,0.28350515463917525
to,2,0.0,1.0,0.0,0.7841726618705036,0.2158273381294964,27,3,0.0,0.28350515463917525
an,2,0.0,1.0,0.0,0.7841726618705036,0.2158273381294964,27,3,0.0,0.28350515463917525
increased,9,0.0,1.0,0.0,0.7841726618705036,0.2158273381294964,27,3,0.0,0.28350515463917525
activity,8,0.0,1.0,0.0,0.7841726618705036,0.2158273381294964,27,3,0.0,0.28350515463917525
of,2,0.0,1.0,0.0,0.7841726618705036,0.2158273381294964,27,3,0.0,0.28350515463917525
CN,2,1.0,0.0,0.0,0.7841726618705036,0.2158273381294964,27,3,0.0,0.28350515463917525
while,5,0.0,1.0,0.0,0.7841726618705036,0.2158273381294964,27,3,0.0,0.28350515463917525
C2,2,0.5,0.0,0.5,0.7841726618705036,0.2158273381294964,27,3,0.0,0.28350515463917525
activity,8,0.0,1.0,0.0,0.7841726618705036,0.2158273381294964,27,3,0.0,0.28350515463917525
Hui,3,0.3333333333333333,0.6666666666666666,0.0,0.7841726618705036,0.2158273381294964,27,3,0.0,0.28350515463917525
et,2,0.0,1.0,0.0,0.7841726618705036,0.2158273381294964,27,3,0.0,0.28350515463917525
al.,3,0.0,0.6666666666666666,0.0,0.7841726618705036,0.2158273381294964,27,3,0.0,0.28350515463917525
(2020),6,0.0,0.0,0.6666666666666666,0.7841726618705036,0.2158273381294964,27,3,0.0,0.28350515463917525
[S,2,0.5,0.0,0.0,0.7841726618705036,0.2158273381294964,27,3,0.0,0.28350515463917525
0,1,0.0,0.0,1.0,0.7841726618705036,0.2158273381294964,27,3,0.0,0.28350515463917525
=,1,0.0,0.0,0.0,0.7841726618705036,0.2158273381294964,27,3,0.0,0.28350515463917525
(10.6,5,0.0,0.0,0.6,0.7841726618705036,0.2158273381294964,27,3,0.0,0.28350515463917525
±,1,0.0,0.0,0.0,0.7841726618705036,0.2158273381294964,27,3,0.0,0.28350515463917525
1.4)%/103,9,0.0,0.0,0.5555555555555556,0.7841726618705036,0.2158273381294964,27,3,0.0,0.28350515463917525
Å].,3,0.3333333333333333,0.0,0.0,0.7841726618705036,0.2158273381294964,27,3,0.0,0.28350515463917525
These,5,0.2,0.8,0.0,0.7841726618705036,0.2158273381294964,27,3,0.0,0.28350515463917525
values,6,0.0,1.0,0.0,0.7841726618705036,0.2158273381294964,27,3,0.0,0.28350515463917525
of,2,0.0,1.0,0.0,0.7841726618705036,0.2158273381294964,27,3,0.0,0.28350515463917525
spec-,5,0.0,0.8,0.0,0.7841726618705036,0.2158273381294964,27,3,0.0,0.28350515463917525
had,3,0.0,1.0,0.0,0.8260869565217391,0.17391304347826086,20,4,0.0,0.28865979381443296
not,3,0.0,1.0,0.0,0.8260869565217391,0.17391304347826086,20,4,0.0,0.28865979381443296
changed,7,0.0,1.0,0.0,0.8260869565217391,0.17391304347826086,20,4,0.0,0.28865979381443296
substantially.,14,0.0,0.9285714285714286,0.0,0.8260869565217391,0.17391304347826086,20,4,0.0,0.28865979381443296
Results,7,0.14285714285714285,0.8571428571428571,0.0,0.8260869565217391,0.17391304347826086,20,4,0.0,0.28865979381443296
from,4,0.0,1.0,0.0,0.8260869565217391,0.17391304347826086,20,4,0.0,0.28865979381443296
our,3,0.0,1.0,0.0,0.8260869565217391,0.17391304347826086,20,4,0.0,0.28865979381443296
work,4,0.0,1.0,0.0,0.8260869565217391,0.17391304347826086,20,4,0.0,0.28865979381443296
also,4,0.0,1.0,0.0,0.8260869565217391,0.17391304347826086,20,4,0.0,0.28865979381443296
support,7,0.0,1.0,0.0,0.8260869565217391,0.17391304347826086,20,4,0.0,0.28865979381443296
tral,4,0.0,1.0,0.0,0.8260869565217391,0.17391304347826086,20,4,0.0,0.28865979381443296
slope,5,0.0,1.0,0.0,0.8260869565217391,0.17391304347826086,20,4,0.0,0.28865979381443296
of,2,0.0,1.0,0.0,0.8260869565217391,0.17391304347826086,20,4,0.0,0.28865979381443296
2I/Borisov,10,0.2,0.6,0.1,0.8260869565217391,0.17391304347826086,20,4,0.0,0.28865979381443296
suggests,8,0.0,1.0,0.0,0.8260869565217391,0.17391304347826086,20,4,0.0,0.28865979381443296
that,4,0.0,1.0,0.0,0.8260869565217391,0.17391304347826086,20,4,0.0,0.28865979381443296
the,3,0.0,1.0,0.0,0.8260869565217391,0.17391304347826086,20,4,0.0,0.28865979381443296
dust,4,0.0,1.0,0.0,0.8260869565217391,0.17391304347826086,20,4,0.0,0.28865979381443296
composition,11,0.0,1.0,0.0,0.8260869565217391,0.17391304347826086,20,4,0.0,0.28865979381443296
present,7,0.0,1.0,0.0,0.8260869565217391,0.17391304347826086,20,4,0.0,0.28865979381443296
the,3,0.0,1.0,0.0,0.8088235294117647,0.19117647058823528,23,3,0.0,0.2989690721649485
possibility,11,0.0,1.0,0.0,0.8088235294117647,0.19117647058823528,23,3,0.0,0.2989690721649485
reported,8,0.0,1.0,0.0,0.8088235294117647,0.19117647058823528,23,3,0.0,0.2989690721649485
by,2,0.0,1.0,0.0,0.8088235294117647,0.19117647058823528,23,3,0.0,0.2989690721649485
Bannister,9,0.1111111111111111,0.8888888888888888,0.0,0.8088235294117647,0.19117647058823528,23,3,0.0,0.2989690721649485
et,2,0.0,1.0,0.0,0.8088235294117647,0.19117647058823528,23,3,0.0,0.2989690721649485
al.,3,0.0,0.6666666666666666,0.0,0.8088235294117647,0.19117647058823528,23,3,0.0,0.2989690721649485
"(2020),",7,0.0,0.0,0.5714285714285714,0.8088235294117647,0.19117647058823528,23,3,0.0,0.2989690721649485
regarding,9,0.0,1.0,0.0,0.8088235294117647,0.19117647058823528,23,3,0.0,0.2989690721649485
the,3,0.0,1.0,0.0,0.8088235294117647,0.19117647058823528,23,3,0.0,0.2989690721649485
in,2,0.0,1.0,0.0,0.8088235294117647,0.19117647058823528,23,3,0.0,0.2989690721649485
the,3,0.0,1.0,0.0,0.8088235294117647,0.19117647058823528,23,3,0.0,0.2989690721649485
cometary,8,0.0,1.0,0.0,0.8088235294117647,0.19117647058823528,23,3,0.0,0.2989690721649485
coma,4,0.0,1.0,0.0,0.8088235294117647,0.19117647058823528,23,3,0.0,0.2989690721649485
could,5,0.0,1.0,0.0,0.8088235294117647,0.19117647058823528,23,3,0.0,0.2989690721649485
be,2,0.0,1.0,0.0,0.8088235294117647,0.19117647058823528,23,3,0.0,0.2989690721649485
similar,7,0.0,1.0,0.0,0.8088235294117647,0.19117647058823528,23,3,0.0,0.2989690721649485
to,2,0.0,1.0,0.0,0.8088235294117647,0.19117647058823528,23,3,0.0,0.2989690721649485
those,5,0.0,1.0,0.0,0.8088235294117647,0.19117647058823528,23,3,0.0,0.2989690721649485
observed,8,0.0,1.0,0.0,0.8088235294117647,0.19117647058823528,23,3,0.0,0.2989690721649485
in,2,0.0,1.0,0.0,0.8088235294117647,0.19117647058823528,23,3,0.0,0.2989690721649485
the,3,0.0,1.0,0.0,0.8088235294117647,0.19117647058823528,23,3,0.0,0.2989690721649485
D-,2,0.5,0.0,0.0,0.8088235294117647,0.19117647058823528,23,3,0.0,0.2989690721649485
heterogeneity,13,0.0,1.0,0.0,0.8175182481751825,0.18248175182481752,21,4,0.0,0.2938144329896907
in,2,0.0,1.0,0.0,0.8175182481751825,0.18248175182481752,21,4,0.0,0.2938144329896907
the,3,0.0,1.0,0.0,0.8175182481751825,0.18248175182481752,21,4,0.0,0.2938144329896907
comet,5,0.0,1.0,0.0,0.8175182481751825,0.18248175182481752,21,4,0.0,0.2938144329896907
nucleus.,8,0.0,0.875,0.0,0.8175182481751825,0.18248175182481752,21,4,0.0,0.2938144329896907
This,4,0.25,0.75,0.0,0.8175182481751825,0.18248175182481752,21,4,0.0,0.2938144329896907
would,5,0.0,1.0,0.0,0.8175182481751825,0.18248175182481752,21,4,0.0,0.2938144329896907
have,4,0.0,1.0,0.0,0.8175182481751825,0.18248175182481752,21,4,0.0,0.2938144329896907
resulted,8,0.0,1.0,0.0,0.8175182481751825,0.18248175182481752,21,4,0.0,0.2938144329896907
in,2,0.0,1.0,0.0,0.8175182481751825,0.18248175182481752,21,4,0.0,0.2938144329896907
a,1,0.0,1.0,0.0,0.8175182481751825,0.18248175182481752,21,4,0.0,0.2938144329896907
type,4,0.0,1.0,0.0,0.8175182481751825,0.18248175182481752,21,4,0.0,0.2938144329896907
asteroids,9,0.0,1.0,0.0,0.8175182481751825,0.18248175182481752,21,4,0.0,0.2938144329896907
(Licandro,9,0.1111111111111111,0.7777777777777778,0.0,0.8175182481751825,0.18248175182481752,21,4,0.0,0.2938144329896907
et,2,0.0,1.0,0.0,0.8175182481751825,0.18248175182481752,21,4,0.0,0.2938144329896907
al.,3,0.0,0.6666666666666666,0.0,0.8175182481751825,0.18248175182481752,21,4,0.0,0.2938144329896907
"2018),",6,0.0,0.0,0.6666666666666666,0.8175182481751825,0.18248175182481752,21,4,0.0,0.2938144329896907
a,1,0.0,1.0,0.0,0.8175182481751825,0.18248175182481752,21,4,0.0,0.2938144329896907
suggestion,10,0.0,1.0,0.0,0.8175182481751825,0.18248175182481752,21,4,0.0,0.2938144329896907
first,5,0.0,1.0,0.0,0.8175182481751825,0.18248175182481752,21,4,0.0,0.2938144329896907
proposed,8,0.0,1.0,0.0,0.8175182481751825,0.18248175182481752,21,4,0.0,0.2938144329896907
fresh,5,0.0,1.0,0.0,0.8308823529411765,0.16911764705882348,23,2,0.0,0.2989690721649485
"layer,",6,0.0,0.8333333333333334,0.0,0.8308823529411765,0.16911764705882348,23,2,0.0,0.2989690721649485
rich,4,0.0,1.0,0.0,0.8308823529411765,0.16911764705882348,23,2,0.0,0.2989690721649485
in,2,0.0,1.0,0.0,0.8308823529411765,0.16911764705882348,23,2,0.0,0.2989690721649485
carbon,6,0.0,1.0,0.0,0.8308823529411765,0.16911764705882348,23,2,0.0,0.2989690721649485
chain,5,0.0,1.0,0.0,0.8308823529411765,0.16911764705882348,23,2,0.0,0.2989690721649485
parent,6,0.0,1.0,0.0,0.8308823529411765,0.16911764705882348,23,2,0.0,0.2989690721649485
molecules,9,0.0,1.0,0.0,0.8308823529411765,0.16911764705882348,23,2,0.0,0.2989690721649485
trapped,7,0.0,1.0,0.0,0.8308823529411765,0.16911764705882348,23,2,0.0,0.2989690721649485
in,2,0.0,1.0,0.0,0.8308823529411765,0.16911764705882348,23,2,0.0,0.2989690721649485
the,3,0.0,1.0,0.0,0.8308823529411765,0.16911764705882348,23,2,0.0,0.2989690721649485
icy,3,0.0,1.0,0.0,0.8308823529411765,0.16911764705882348,23,2,0.0,0.2989690721649485
by,2,0.0,1.0,0.0,0.8308823529411765,0.16911764705882348,23,2,0.0,0.2989690721649485
de,2,0.0,1.0,0.0,0.8308823529411765,0.16911764705882348,23,2,0.0,0.2989690721649485
León,4,0.25,0.75,0.0,0.8308823529411765,0.16911764705882348,23,2,0.0,0.2989690721649485
et,2,0.0,1.0,0.0,0.8308823529411765,0.16911764705882348,23,2,0.0,0.2989690721649485
al.,3,0.0,0.6666666666666666,0.0,0.8308823529411765,0.16911764705882348,23,2,0.0,0.2989690721649485
(2019),6,0.0,0.0,0.6666666666666666,0.8308823529411765,0.16911764705882348,23,2,0.0,0.2989690721649485
from,4,0.0,1.0,0.0,0.8308823529411765,0.16911764705882348,23,2,0.0,0.2989690721649485
their,5,0.0,1.0,0.0,0.8308823529411765,0.16911764705882348,23,2,0.0,0.2989690721649485
spectroscopic,13,0.0,1.0,0.0,0.8308823529411765,0.16911764705882348,23,2,0.0,0.2989690721649485
observations,12,0.0,1.0,0.0,0.8308823529411765,0.16911764705882348,23,2,0.0,0.2989690721649485
of,2,0.0,1.0,0.0,0.8308823529411765,0.16911764705882348,23,2,0.0,0.2989690721649485
"grains,",7,0.0,0.8571428571428571,0.0,0.8161764705882353,0.18382352941176472,22,3,0.0,0.2989690721649485
being,5,0.0,1.0,0.0,0.8161764705882353,0.18382352941176472,22,3,0.0,0.2989690721649485
exposed,7,0.0,1.0,0.0,0.8161764705882353,0.18382352941176472,22,3,0.0,0.2989690721649485
and,3,0.0,1.0,0.0,0.8161764705882353,0.18382352941176472,22,3,0.0,0.2989690721649485
hence,5,0.0,1.0,0.0,0.8161764705882353,0.18382352941176472,22,3,0.0,0.2989690721649485
resulting,9,0.0,1.0,0.0,0.8161764705882353,0.18382352941176472,22,3,0.0,0.2989690721649485
in,2,0.0,1.0,0.0,0.8161764705882353,0.18382352941176472,22,3,0.0,0.2989690721649485
the,3,0.0,1.0,0.0,0.8161764705882353,0.18382352941176472,22,3,0.0,0.2989690721649485
steep,5,0.0,1.0,0.0,0.8161764705882353,0.18382352941176472,22,3,0.0,0.2989690721649485
increase,8,0.0,1.0,0.0,0.8161764705882353,0.18382352941176472,22,3,0.0,0.2989690721649485
of,2,0.0,1.0,0.0,0.8161764705882353,0.18382352941176472,22,3,0.0,0.2989690721649485
2I/Borisov.,11,0.18181818181818182,0.5454545454545454,0.09090909090909091,0.8161764705882353,0.18382352941176472,22,3,0.0,0.2989690721649485
The,3,0.3333333333333333,0.6666666666666666,0.0,0.8161764705882353,0.18382352941176472,22,3,0.0,0.2989690721649485
observed,8,0.0,1.0,0.0,0.8161764705882353,0.18382352941176472,22,3,0.0,0.2989690721649485
slope,5,0.0,1.0,0.0,0.8161764705882353,0.18382352941176472,22,3,0.0,0.2989690721649485
at,2,0.0,1.0,0.0,0.8161764705882353,0.18382352941176472,22,3,0.0,0.2989690721649485
the,3,0.0,1.0,0.0,0.8161764705882353,0.18382352941176472,22,3,0.0,0.2989690721649485
blue,4,0.0,1.0,0.0,0.8161764705882353,0.18382352941176472,22,3,0.0,0.2989690721649485
end,3,0.0,1.0,0.0,0.8161764705882353,0.18382352941176472,22,3,0.0,0.2989690721649485
cannot,6,0.0,1.0,0.0,0.8161764705882353,0.18382352941176472,22,3,0.0,0.2989690721649485
be,2,0.0,1.0,0.0,0.8161764705882353,0.18382352941176472,22,3,0.0,0.2989690721649485
compared,8,0.0,1.0,0.0,0.8161764705882353,0.18382352941176472,22,3,0.0,0.2989690721649485
C2,2,0.5,0.0,0.5,0.8188405797101449,0.1811594202898551,20,4,0.0,0.28865979381443296
production,10,0.0,1.0,0.0,0.8188405797101449,0.1811594202898551,20,4,0.0,0.28865979381443296
rate,4,0.0,1.0,0.0,0.8188405797101449,0.1811594202898551,20,4,0.0,0.28865979381443296
along,5,0.0,1.0,0.0,0.8188405797101449,0.1811594202898551,20,4,0.0,0.28865979381443296
with,4,0.0,1.0,0.0,0.8188405797101449,0.1811594202898551,20,4,0.0,0.28865979381443296
the,3,0.0,1.0,0.0,0.8188405797101449,0.1811594202898551,20,4,0.0,0.28865979381443296
water,5,0.0,1.0,0.0,0.8188405797101449,0.1811594202898551,20,4,0.0,0.28865979381443296
production,10,0.0,1.0,0.0,0.8188405797101449,0.1811594202898551,20,4,0.0,0.28865979381443296
rate.,5,0.0,0.8,0.0,0.8188405797101449,0.1811594202898551,20,4,0.0,0.28865979381443296
We,2,0.5,0.5,0.0,0.8188405797101449,0.1811594202898551,20,4,0.0,0.28865979381443296
also,4,0.0,1.0,0.0,0.8188405797101449,0.1811594202898551,20,4,0.0,0.28865979381443296
with,4,0.0,1.0,0.0,0.8188405797101449,0.1811594202898551,20,4,0.0,0.28865979381443296
the,3,0.0,1.0,0.0,0.8188405797101449,0.1811594202898551,20,4,0.0,0.28865979381443296
values,6,0.0,1.0,0.0,0.8188405797101449,0.1811594202898551,20,4,0.0,0.28865979381443296
reported,8,0.0,1.0,0.0,0.8188405797101449,0.1811594202898551,20,4,0.0,0.28865979381443296
through,7,0.0,1.0,0.0,0.8188405797101449,0.1811594202898551,20,4,0.0,0.28865979381443296
"spectroscopy,",13,0.0,0.9230769230769231,0.0,0.8188405797101449,0.1811594202898551,20,4,0.0,0.28865979381443296
since,5,0.0,1.0,0.0,0.8188405797101449,0.1811594202898551,20,4,0.0,0.28865979381443296
the,3,0.0,1.0,0.0,0.8188405797101449,0.1811594202898551,20,4,0.0,0.28865979381443296
magnitudes,10,0.0,1.0,0.0,0.8188405797101449,0.1811594202898551,20,4,0.0,0.28865979381443296
infer,5,0.0,1.0,0.0,0.8102189781021898,0.1897810218978102,24,3,0.0,0.2938144329896907
a,1,0.0,1.0,0.0,0.8102189781021898,0.1897810218978102,24,3,0.0,0.2938144329896907
possibility,11,0.0,1.0,0.0,0.8102189781021898,0.1897810218978102,24,3,0.0,0.2938144329896907
"that,",5,0.0,0.8,0.0,0.8102189781021898,0.1897810218978102,24,3,0.0,0.2938144329896907
as,2,0.0,1.0,0.0,0.8102189781021898,0.1897810218978102,24,3,0.0,0.2938144329896907
the,3,0.0,1.0,0.0,0.8102189781021898,0.1897810218978102,24,3,0.0,0.2938144329896907
southern,8,0.0,1.0,0.0,0.8102189781021898,0.1897810218978102,24,3,0.0,0.2938144329896907
hemisphere,10,0.0,1.0,0.0,0.8102189781021898,0.1897810218978102,24,3,0.0,0.2938144329896907
of,2,0.0,1.0,0.0,0.8102189781021898,0.1897810218978102,24,3,0.0,0.2938144329896907
the,3,0.0,1.0,0.0,0.8102189781021898,0.1897810218978102,24,3,0.0,0.2938144329896907
nucleus,7,0.0,1.0,0.0,0.8102189781021898,0.1897810218978102,24,3,0.0,0.2938144329896907
measured,8,0.0,1.0,0.0,0.8102189781021898,0.1897810218978102,24,3,0.0,0.2938144329896907
using,5,0.0,1.0,0.0,0.8102189781021898,0.1897810218978102,24,3,0.0,0.2938144329896907
the,3,0.0,1.0,0.0,0.8102189781021898,0.1897810218978102,24,3,0.0,0.2938144329896907
broad,5,0.0,1.0,0.0,0.8102189781021898,0.1897810218978102,24,3,0.0,0.2938144329896907
band,4,0.0,1.0,0.0,0.8102189781021898,0.1897810218978102,24,3,0.0,0.2938144329896907
"filters,",8,0.0,0.875,0.0,0.8102189781021898,0.1897810218978102,24,3,0.0,0.2938144329896907
B,1,1.0,0.0,0.0,0.8102189781021898,0.1897810218978102,24,3,0.0,0.2938144329896907
&,1,0.0,0.0,0.0,0.8102189781021898,0.1897810218978102,24,3,0.0,0.2938144329896907
"V,",2,0.5,0.0,0.0,0.8102189781021898,0.1897810218978102,24,3,0.0,0.2938144329896907
would,5,0.0,1.0,0.0,0.8102189781021898,0.1897810218978102,24,3,0.0,0.2938144329896907
be,2,0.0,1.0,0.0,0.8102189781021898,0.1897810218978102,24,3,0.0,0.2938144329896907
largely,7,0.0,1.0,0.0,0.8102189781021898,0.1897810218978102,24,3,0.0,0.2938144329896907
af-,3,0.0,0.6666666666666666,0.0,0.8102189781021898,0.1897810218978102,24,3,0.0,0.2938144329896907
was,3,0.0,1.0,0.0,0.8088235294117647,0.19117647058823528,21,4,0.0,0.2989690721649485
"illuminated,",12,0.0,0.9166666666666666,0.0,0.8088235294117647,0.19117647058823528,21,4,0.0,0.2989690721649485
after,5,0.0,1.0,0.0,0.8088235294117647,0.19117647058823528,21,4,0.0,0.2989690721649485
"perihelion,",11,0.0,0.9090909090909091,0.0,0.8088235294117647,0.19117647058823528,21,4,0.0,0.2989690721649485
a,1,0.0,1.0,0.0,0.8088235294117647,0.19117647058823528,21,4,0.0,0.2989690721649485
fresh,5,0.0,1.0,0.0,0.8088235294117647,0.19117647058823528,21,4,0.0,0.2989690721649485
unexposed,9,0.0,1.0,0.0,0.8088235294117647,0.19117647058823528,21,4,0.0,0.2989690721649485
area,4,0.0,1.0,0.0,0.8088235294117647,0.19117647058823528,21,4,0.0,0.2989690721649485
of,2,0.0,1.0,0.0,0.8088235294117647,0.19117647058823528,21,4,0.0,0.2989690721649485
the,3,0.0,1.0,0.0,0.8088235294117647,0.19117647058823528,21,4,0.0,0.2989690721649485
fected,6,0.0,1.0,0.0,0.8088235294117647,0.19117647058823528,21,4,0.0,0.2989690721649485
by,2,0.0,1.0,0.0,0.8088235294117647,0.19117647058823528,21,4,0.0,0.2989690721649485
the,3,0.0,1.0,0.0,0.8088235294117647,0.19117647058823528,21,4,0.0,0.2989690721649485
emissions,9,0.0,1.0,0.0,0.8088235294117647,0.19117647058823528,21,4,0.0,0.2989690721649485
from,4,0.0,1.0,0.0,0.8088235294117647,0.19117647058823528,21,4,0.0,0.2989690721649485
CN,2,1.0,0.0,0.0,0.8088235294117647,0.19117647058823528,21,4,0.0,0.2989690721649485
and,3,0.0,1.0,0.0,0.8088235294117647,0.19117647058823528,21,4,0.0,0.2989690721649485
C2,2,0.5,0.0,0.5,0.8088235294117647,0.19117647058823528,21,4,0.0,0.2989690721649485
respectively.,13,0.0,0.9230769230769231,0.0,0.8088235294117647,0.19117647058823528,21,4,0.0,0.2989690721649485
The,3,0.3333333333333333,0.6666666666666666,0.0,0.8088235294117647,0.19117647058823528,21,4,0.0,0.2989690721649485
dust-gas,8,0.0,0.875,0.0,0.8088235294117647,0.19117647058823528,21,4,0.0,0.2989690721649485
comet,5,0.0,1.0,0.0,0.782608695652174,0.21739130434782605,25,4,0.0,0.28865979381443296
started,7,0.0,1.0,0.0,0.782608695652174,0.21739130434782605,25,4,0.0,0.28865979381443296
sublimating,11,0.0,1.0,0.0,0.782608695652174,0.21739130434782605,25,4,0.0,0.28865979381443296
as,2,0.0,1.0,0.0,0.782608695652174,0.21739130434782605,25,4,0.0,0.28865979381443296
proposed,8,0.0,1.0,0.0,0.782608695652174,0.21739130434782605,25,4,0.0,0.28865979381443296
by,2,0.0,1.0,0.0,0.782608695652174,0.21739130434782605,25,4,0.0,0.28865979381443296
Kim,3,0.3333333333333333,0.6666666666666666,0.0,0.782608695652174,0.21739130434782605,25,4,0.0,0.28865979381443296
et,2,0.0,1.0,0.0,0.782608695652174,0.21739130434782605,25,4,0.0,0.28865979381443296
al.,3,0.0,0.6666666666666666,0.0,0.782608695652174,0.21739130434782605,25,4,0.0,0.28865979381443296
(2020).,7,0.0,0.0,0.5714285714285714,0.782608695652174,0.21739130434782605,25,4,0.0,0.28865979381443296
This,4,0.25,0.75,0.0,0.782608695652174,0.21739130434782605,25,4,0.0,0.28865979381443296
"ratio,",6,0.0,0.8333333333333334,0.0,0.782608695652174,0.21739130434782605,25,4,0.0,0.28865979381443296
as,2,0.0,1.0,0.0,0.782608695652174,0.21739130434782605,25,4,0.0,0.28865979381443296
shown,5,0.0,1.0,0.0,0.782608695652174,0.21739130434782605,25,4,0.0,0.28865979381443296
in,2,0.0,1.0,0.0,0.782608695652174,0.21739130434782605,25,4,0.0,0.28865979381443296
Table,5,0.2,0.8,0.0,0.782608695652174,0.21739130434782605,25,4,0.0,0.28865979381443296
2,1,0.0,0.0,1.0,0.782608695652174,0.21739130434782605,25,4,0.0,0.28865979381443296
is,2,0.0,1.0,0.0,0.782608695652174,0.21739130434782605,25,4,0.0,0.28865979381443296
also,4,0.0,1.0,0.0,0.782608695652174,0.21739130434782605,25,4,0.0,0.28865979381443296
similar,7,0.0,1.0,0.0,0.782608695652174,0.21739130434782605,25,4,0.0,0.28865979381443296
to,2,0.0,1.0,0.0,0.782608695652174,0.21739130434782605,25,4,0.0,0.28865979381443296
the,3,0.0,1.0,0.0,0.782608695652174,0.21739130434782605,25,4,0.0,0.28865979381443296
dust-gas,8,0.0,0.875,0.0,0.782608695652174,0.21739130434782605,25,4,0.0,0.28865979381443296
ratio,5,0.0,1.0,0.0,0.782608695652174,0.21739130434782605,25,4,0.0,0.28865979381443296
of,2,0.0,1.0,0.0,0.782608695652174,0.21739130434782605,25,4,0.0,0.28865979381443296
resulted,8,0.0,1.0,0.0,0.8074074074074075,0.19259259259259254,22,4,0.0,0.3041237113402062
in,2,0.0,1.0,0.0,0.8074074074074075,0.19259259259259254,22,4,0.0,0.3041237113402062
the,3,0.0,1.0,0.0,0.8074074074074075,0.19259259259259254,22,4,0.0,0.3041237113402062
drastic,7,0.0,1.0,0.0,0.8074074074074075,0.19259259259259254,22,4,0.0,0.3041237113402062
increase,8,0.0,1.0,0.0,0.8074074074074075,0.19259259259259254,22,4,0.0,0.3041237113402062
in,2,0.0,1.0,0.0,0.8074074074074075,0.19259259259259254,22,4,0.0,0.3041237113402062
production,10,0.0,1.0,0.0,0.8074074074074075,0.19259259259259254,22,4,0.0,0.3041237113402062
rates,5,0.0,1.0,0.0,0.8074074074074075,0.19259259259259254,22,4,0.0,0.3041237113402062
of,2,0.0,1.0,0.0,0.8074074074074075,0.19259259259259254,22,4,0.0,0.3041237113402062
CN,2,1.0,0.0,0.0,0.8074074074074075,0.19259259259259254,22,4,0.0,0.3041237113402062
and,3,0.0,1.0,0.0,0.8074074074074075,0.19259259259259254,22,4,0.0,0.3041237113402062
C3,2,0.5,0.0,0.5,0.8074074074074075,0.19259259259259254,22,4,0.0,0.3041237113402062
carbon,6,0.0,1.0,0.0,0.8074074074074075,0.19259259259259254,22,4,0.0,0.3041237113402062
chain,5,0.0,1.0,0.0,0.8074074074074075,0.19259259259259254,22,4,0.0,0.3041237113402062
depleted,8,0.0,1.0,0.0,0.8074074074074075,0.19259259259259254,22,4,0.0,0.3041237113402062
Solar,5,0.2,0.8,0.0,0.8074074074074075,0.19259259259259254,22,4,0.0,0.3041237113402062
system,6,0.0,1.0,0.0,0.8074074074074075,0.19259259259259254,22,4,0.0,0.3041237113402062
comets,6,0.0,1.0,0.0,0.8074074074074075,0.19259259259259254,22,4,0.0,0.3041237113402062
(A’Hearn,8,0.25,0.5,0.0,0.8074074074074075,0.19259259259259254,22,4,0.0,0.3041237113402062
et,2,0.0,1.0,0.0,0.8074074074074075,0.19259259259259254,22,4,0.0,0.3041237113402062
al.,3,0.0,0.6666666666666666,0.0,0.8074074074074075,0.19259259259259254,22,4,0.0,0.3041237113402062
1995).,6,0.0,0.0,0.6666666666666666,0.8074074074074075,0.19259259259259254,22,4,0.0,0.3041237113402062
with,4,0.0,1.0,0.0,0.7985611510791367,0.20143884892086328,24,4,0.0,0.28350515463917525
only,4,0.0,1.0,0.0,0.7985611510791367,0.20143884892086328,24,4,0.0,0.28350515463917525
a,1,0.0,1.0,0.0,0.7985611510791367,0.20143884892086328,24,4,0.0,0.28350515463917525
minimal,7,0.0,1.0,0.0,0.7985611510791367,0.20143884892086328,24,4,0.0,0.28350515463917525
change,6,0.0,1.0,0.0,0.7985611510791367,0.20143884892086328,24,4,0.0,0.28350515463917525
in,2,0.0,1.0,0.0,0.7985611510791367,0.20143884892086328,24,4,0.0,0.28350515463917525
the,3,0.0,1.0,0.0,0.7985611510791367,0.20143884892086328,24,4,0.0,0.28350515463917525
C2,2,0.5,0.0,0.5,0.7985611510791367,0.20143884892086328,24,4,0.0,0.28350515463917525
production,10,0.0,1.0,0.0,0.7985611510791367,0.20143884892086328,24,4,0.0,0.28350515463917525
rate,4,0.0,1.0,0.0,0.7985611510791367,0.20143884892086328,24,4,0.0,0.28350515463917525
owing,5,0.0,1.0,0.0,0.7985611510791367,0.20143884892086328,24,4,0.0,0.28350515463917525
to,2,0.0,1.0,0.0,0.7985611510791367,0.20143884892086328,24,4,0.0,0.28350515463917525
the,3,0.0,1.0,0.0,0.7985611510791367,0.20143884892086328,24,4,0.0,0.28350515463917525
These,5,0.2,0.8,0.0,0.7985611510791367,0.20143884892086328,24,4,0.0,0.28350515463917525
are,3,0.0,1.0,0.0,0.7985611510791367,0.20143884892086328,24,4,0.0,0.28350515463917525
clear,5,0.0,1.0,0.0,0.7985611510791367,0.20143884892086328,24,4,0.0,0.28350515463917525
indications,11,0.0,1.0,0.0,0.7985611510791367,0.20143884892086328,24,4,0.0,0.28350515463917525
of,2,0.0,1.0,0.0,0.7985611510791367,0.20143884892086328,24,4,0.0,0.28350515463917525
the,3,0.0,1.0,0.0,0.7985611510791367,0.20143884892086328,24,4,0.0,0.28350515463917525
similarity,10,0.0,1.0,0.0,0.7985611510791367,0.20143884892086328,24,4,0.0,0.28350515463917525
in,2,0.0,1.0,0.0,0.7985611510791367,0.20143884892086328,24,4,0.0,0.28350515463917525
dust,4,0.0,1.0,0.0,0.7985611510791367,0.20143884892086328,24,4,0.0,0.28350515463917525
composition,11,0.0,1.0,0.0,0.7985611510791367,0.20143884892086328,24,4,0.0,0.28350515463917525
of,2,0.0,1.0,0.0,0.7985611510791367,0.20143884892086328,24,4,0.0,0.28350515463917525
reduced,7,0.0,1.0,0.0,0.8175182481751825,0.18248175182481752,20,4,0.0,0.2938144329896907
water,5,0.0,1.0,0.0,0.8175182481751825,0.18248175182481752,20,4,0.0,0.2938144329896907
production,10,0.0,1.0,0.0,0.8175182481751825,0.18248175182481752,20,4,0.0,0.2938144329896907
rate.,5,0.0,0.8,0.0,0.8175182481751825,0.18248175182481752,20,4,0.0,0.2938144329896907
Even,4,0.25,0.75,0.0,0.8175182481751825,0.18248175182481752,20,4,0.0,0.2938144329896907
though,6,0.0,1.0,0.0,0.8175182481751825,0.18248175182481752,20,4,0.0,0.2938144329896907
A’Hearn,7,0.2857142857142857,0.5714285714285714,0.0,0.8175182481751825,0.18248175182481752,20,4,0.0,0.2938144329896907
et,2,0.0,1.0,0.0,0.8175182481751825,0.18248175182481752,20,4,0.0,0.2938144329896907
al.,3,0.0,0.6666666666666666,0.0,0.8175182481751825,0.18248175182481752,20,4,0.0,0.2938144329896907
(1986),6,0.0,0.0,0.6666666666666666,0.8175182481751825,0.18248175182481752,20,4,0.0,0.2938144329896907
2I/Borisov,10,0.2,0.6,0.1,0.8175182481751825,0.18248175182481752,20,4,0.0,0.2938144329896907
with,4,0.0,1.0,0.0,0.8175182481751825,0.18248175182481752,20,4,0.0,0.2938144329896907
Solar,5,0.2,0.8,0.0,0.8175182481751825,0.18248175182481752,20,4,0.0,0.2938144329896907
system,6,0.0,1.0,0.0,0.8175182481751825,0.18248175182481752,20,4,0.0,0.2938144329896907
comets,6,0.0,1.0,0.0,0.8175182481751825,0.18248175182481752,20,4,0.0,0.2938144329896907
implying,8,0.0,1.0,0.0,0.8175182481751825,0.18248175182481752,20,4,0.0,0.2938144329896907
a,1,0.0,1.0,0.0,0.8175182481751825,0.18248175182481752,20,4,0.0,0.2938144329896907
high,4,0.0,1.0,0.0,0.8175182481751825,0.18248175182481752,20,4,0.0,0.2938144329896907
possibility,11,0.0,1.0,0.0,0.8175182481751825,0.18248175182481752,20,4,0.0,0.2938144329896907
of,2,0.0,1.0,0.0,0.8175182481751825,0.18248175182481752,20,4,0.0,0.2938144329896907
and,3,0.0,1.0,0.0,0.8148148148148148,0.18518518518518523,22,3,0.0,0.3041237113402062
Fray,4,0.25,0.75,0.0,0.8148148148148148,0.18518518518518523,22,3,0.0,0.3041237113402062
et,2,0.0,1.0,0.0,0.8148148148148148,0.18518518518518523,22,3,0.0,0.3041237113402062
al.,3,0.0,0.6666666666666666,0.0,0.8148148148148148,0.18518518518518523,22,3,0.0,0.3041237113402062
(2005),6,0.0,0.0,0.6666666666666666,0.8148148148148148,0.18518518518518523,22,3,0.0,0.3041237113402062
discusses,9,0.0,1.0,0.0,0.8148148148148148,0.18518518518518523,22,3,0.0,0.3041237113402062
the,3,0.0,1.0,0.0,0.8148148148148148,0.18518518518518523,22,3,0.0,0.3041237113402062
prospect,8,0.0,1.0,0.0,0.8148148148148148,0.18518518518518523,22,3,0.0,0.3041237113402062
of,2,0.0,1.0,0.0,0.8148148148148148,0.18518518518518523,22,3,0.0,0.3041237113402062
CHON,4,1.0,0.0,0.0,0.8148148148148148,0.18518518518518523,22,3,0.0,0.3041237113402062
grains,6,0.0,1.0,0.0,0.8148148148148148,0.18518518518518523,22,3,0.0,0.3041237113402062
being,5,0.0,1.0,0.0,0.8148148148148148,0.18518518518518523,22,3,0.0,0.3041237113402062
the,3,0.0,1.0,0.0,0.8148148148148148,0.18518518518518523,22,3,0.0,0.3041237113402062
comet,5,0.0,1.0,0.0,0.8148148148148148,0.18518518518518523,22,3,0.0,0.3041237113402062
formation,9,0.0,1.0,0.0,0.8148148148148148,0.18518518518518523,22,3,0.0,0.3041237113402062
process,7,0.0,1.0,0.0,0.8148148148148148,0.18518518518518523,22,3,0.0,0.3041237113402062
similar,7,0.0,1.0,0.0,0.8148148148148148,0.18518518518518523,22,3,0.0,0.3041237113402062
to,2,0.0,1.0,0.0,0.8148148148148148,0.18518518518518523,22,3,0.0,0.3041237113402062
Solar,5,0.2,0.8,0.0,0.8148148148148148,0.18518518518518523,22,3,0.0,0.3041237113402062
system,6,0.0,1.0,0.0,0.8148148148148148,0.18518518518518523,22,3,0.0,0.3041237113402062
happening,9,0.0,1.0,0.0,0.8148148148148148,0.18518518518518523,22,3,0.0,0.3041237113402062
in,2,0.0,1.0,0.0,0.8148148148148148,0.18518518518518523,22,3,0.0,0.3041237113402062
a,1,0.0,1.0,0.0,0.7634408602150538,0.23655913978494625,17,4,0.0,0.5206185567010309
possible,8,0.0,1.0,0.0,0.7634408602150538,0.23655913978494625,17,4,0.0,0.5206185567010309
parent,6,0.0,1.0,0.0,0.7634408602150538,0.23655913978494625,17,4,0.0,0.5206185567010309
source,6,0.0,1.0,0.0,0.7634408602150538,0.23655913978494625,17,4,0.0,0.5206185567010309
of,2,0.0,1.0,0.0,0.7634408602150538,0.23655913978494625,17,4,0.0,0.5206185567010309
"CN,",3,0.6666666666666666,0.0,0.0,0.7634408602150538,0.23655913978494625,17,4,0.0,0.5206185567010309
it,2,0.0,1.0,0.0,0.7634408602150538,0.23655913978494625,17,4,0.0,0.5206185567010309
can,3,0.0,1.0,0.0,0.7634408602150538,0.23655913978494625,17,4,0.0,0.5206185567010309
be,2,0.0,1.0,0.0,0.7634408602150538,0.23655913978494625,17,4,0.0,0.5206185567010309
ruled,5,0.0,1.0,0.0,0.7634408602150538,0.23655913978494625,17,4,0.0,0.5206185567010309
out,3,0.0,1.0,0.0,0.7634408602150538,0.23655913978494625,17,4,0.0,0.5206185567010309
in,2,0.0,1.0,0.0,0.7634408602150538,0.23655913978494625,17,4,0.0,0.5206185567010309
this,4,0.0,1.0,0.0,0.7634408602150538,0.23655913978494625,17,4,0.0,0.5206185567010309
case,4,0.0,1.0,0.0,0.7634408602150538,0.23655913978494625,17,4,0.0,0.5206185567010309
other,5,0.0,1.0,0.0,0.7634408602150538,0.23655913978494625,17,4,0.0,0.5206185567010309
stellar,7,0.0,1.0,0.0,0.7634408602150538,0.23655913978494625,17,4,0.0,0.5206185567010309
systems.,8,0.0,0.875,0.0,0.7634408602150538,0.23655913978494625,17,4,0.0,0.5206185567010309
since,5,0.0,1.0,0.0,0.8412698412698413,0.15873015873015872,11,1,0.0,0.6752577319587629
the,3,0.0,1.0,0.0,0.8412698412698413,0.15873015873015872,11,1,0.0,0.6752577319587629
contribution,12,0.0,1.0,0.0,0.8412698412698413,0.15873015873015872,11,1,0.0,0.6752577319587629
would,5,0.0,1.0,0.0,0.8412698412698413,0.15873015873015872,11,1,0.0,0.6752577319587629
be,2,0.0,1.0,0.0,0.8412698412698413,0.15873015873015872,11,1,0.0,0.6752577319587629
very,4,0.0,1.0,0.0,0.8412698412698413,0.15873015873015872,11,1,0.0,0.6752577319587629
less,4,0.0,1.0,0.0,0.8412698412698413,0.15873015873015872,11,1,0.0,0.6752577319587629
due,3,0.0,1.0,0.0,0.8412698412698413,0.15873015873015872,11,1,0.0,0.6752577319587629
to,2,0.0,1.0,0.0,0.8412698412698413,0.15873015873015872,11,1,0.0,0.6752577319587629
the,3,0.0,1.0,0.0,0.8412698412698413,0.15873015873015872,11,1,0.0,0.6752577319587629
perihelion,10,0.0,1.0,0.0,0.8412698412698413,0.15873015873015872,11,1,0.0,0.6752577319587629
distance,8,0.0,1.0,0.0,0.8387096774193549,0.16129032258064513,11,1,0.0,0.6804123711340206
of,2,0.0,1.0,0.0,0.8387096774193549,0.16129032258064513,11,1,0.0,0.6804123711340206
the,3,0.0,1.0,0.0,0.8387096774193549,0.16129032258064513,11,1,0.0,0.6804123711340206
comet,5,0.0,1.0,0.0,0.8387096774193549,0.16129032258064513,11,1,0.0,0.6804123711340206
as,2,0.0,1.0,0.0,0.8387096774193549,0.16129032258064513,11,1,0.0,0.6804123711340206
discussed,9,0.0,1.0,0.0,0.8387096774193549,0.16129032258064513,11,1,0.0,0.6804123711340206
earlier.,8,0.0,0.875,0.0,0.8387096774193549,0.16129032258064513,11,1,0.0,0.6804123711340206
We,2,0.5,0.5,0.0,0.8387096774193549,0.16129032258064513,11,1,0.0,0.6804123711340206
also,4,0.0,1.0,0.0,0.8387096774193549,0.16129032258064513,11,1,0.0,0.6804123711340206
observe,7,0.0,1.0,0.0,0.8387096774193549,0.16129032258064513,11,1,0.0,0.6804123711340206
an,2,0.0,1.0,0.0,0.8387096774193549,0.16129032258064513,11,1,0.0,0.6804123711340206
abrupt,6,0.0,1.0,0.0,0.8208955223880597,0.17910447761194026,19,4,0.0,0.30927835051546393
discontinuity,13,0.0,1.0,0.0,0.8208955223880597,0.17910447761194026,19,4,0.0,0.30927835051546393
in,2,0.0,1.0,0.0,0.8208955223880597,0.17910447761194026,19,4,0.0,0.30927835051546393
the,3,0.0,1.0,0.0,0.8208955223880597,0.17910447761194026,19,4,0.0,0.30927835051546393
production,10,0.0,1.0,0.0,0.8208955223880597,0.17910447761194026,19,4,0.0,0.30927835051546393
rate,4,0.0,1.0,0.0,0.8208955223880597,0.17910447761194026,19,4,0.0,0.30927835051546393
of,2,0.0,1.0,0.0,0.8208955223880597,0.17910447761194026,19,4,0.0,0.30927835051546393
CN,2,1.0,0.0,0.0,0.8208955223880597,0.17910447761194026,19,4,0.0,0.30927835051546393
as,2,0.0,1.0,0.0,0.8208955223880597,0.17910447761194026,19,4,0.0,0.30927835051546393
compared,8,0.0,1.0,0.0,0.8208955223880597,0.17910447761194026,19,4,0.0,0.30927835051546393
to,2,0.0,1.0,0.0,0.8208955223880597,0.17910447761194026,19,4,0.0,0.30927835051546393
4.2.2,5,0.0,0.0,0.6,0.8208955223880597,0.17910447761194026,19,4,0.0,0.30927835051546393
Absolute,8,0.125,0.875,0.0,0.8208955223880597,0.17910447761194026,19,4,0.0,0.30927835051546393
magnitude,9,0.0,1.0,0.0,0.8208955223880597,0.17910447761194026,19,4,0.0,0.30927835051546393
and,3,0.0,1.0,0.0,0.8208955223880597,0.17910447761194026,19,4,0.0,0.30927835051546393
effective,9,0.0,1.0,0.0,0.8208955223880597,0.17910447761194026,19,4,0.0,0.30927835051546393
scattering,10,0.0,1.0,0.0,0.8208955223880597,0.17910447761194026,19,4,0.0,0.30927835051546393
cross,5,0.0,1.0,0.0,0.8208955223880597,0.17910447761194026,19,4,0.0,0.30927835051546393
section,7,0.0,1.0,0.0,0.8208955223880597,0.17910447761194026,19,4,0.0,0.30927835051546393
that,4,0.0,1.0,0.0,0.8248175182481752,0.17518248175182483,23,2,0.0,0.2938144329896907
for,3,0.0,1.0,0.0,0.8248175182481752,0.17518248175182483,23,2,0.0,0.2938144329896907
C2,2,0.5,0.0,0.5,0.8248175182481752,0.17518248175182483,23,2,0.0,0.2938144329896907
(see,4,0.0,0.75,0.0,0.8248175182481752,0.17518248175182483,23,2,0.0,0.2938144329896907
Figure,6,0.16666666666666666,0.8333333333333334,0.0,0.8248175182481752,0.17518248175182483,23,2,0.0,0.2938144329896907
3).,3,0.0,0.0,0.3333333333333333,0.8248175182481752,0.17518248175182483,23,2,0.0,0.2938144329896907
This,4,0.25,0.75,0.0,0.8248175182481752,0.17518248175182483,23,2,0.0,0.2938144329896907
strongly,8,0.0,1.0,0.0,0.8248175182481752,0.17518248175182483,23,2,0.0,0.2938144329896907
suggests,8,0.0,1.0,0.0,0.8248175182481752,0.17518248175182483,23,2,0.0,0.2938144329896907
that,4,0.0,1.0,0.0,0.8248175182481752,0.17518248175182483,23,2,0.0,0.2938144329896907
both,4,0.0,1.0,0.0,0.8248175182481752,0.17518248175182483,23,2,0.0,0.2938144329896907
of,2,0.0,1.0,0.0,0.8248175182481752,0.17518248175182483,23,2,0.0,0.2938144329896907
them,4,0.0,1.0,0.0,0.8248175182481752,0.17518248175182483,23,2,0.0,0.2938144329896907
The,3,0.3333333333333333,0.6666666666666666,0.0,0.8248175182481752,0.17518248175182483,23,2,0.0,0.2938144329896907
apparent,8,0.0,1.0,0.0,0.8248175182481752,0.17518248175182483,23,2,0.0,0.2938144329896907
magnitude,9,0.0,1.0,0.0,0.8248175182481752,0.17518248175182483,23,2,0.0,0.2938144329896907
is,2,0.0,1.0,0.0,0.8248175182481752,0.17518248175182483,23,2,0.0,0.2938144329896907
a,1,0.0,1.0,0.0,0.8248175182481752,0.17518248175182483,23,2,0.0,0.2938144329896907
function,8,0.0,1.0,0.0,0.8248175182481752,0.17518248175182483,23,2,0.0,0.2938144329896907
of,2,0.0,1.0,0.0,0.8248175182481752,0.17518248175182483,23,2,0.0,0.2938144329896907
the,3,0.0,1.0,0.0,0.8248175182481752,0.17518248175182483,23,2,0.0,0.2938144329896907
heliocentric,12,0.0,1.0,0.0,0.8248175182481752,0.17518248175182483,23,2,0.0,0.2938144329896907
"distance,",9,0.0,0.8888888888888888,0.0,0.8248175182481752,0.17518248175182483,23,2,0.0,0.2938144329896907
come,4,0.0,1.0,0.0,0.7971014492753623,0.2028985507246377,20,6,0.0,0.28865979381443296
primarily,9,0.0,1.0,0.0,0.7971014492753623,0.2028985507246377,20,6,0.0,0.28865979381443296
from,4,0.0,1.0,0.0,0.7971014492753623,0.2028985507246377,20,6,0.0,0.28865979381443296
different,9,0.0,1.0,0.0,0.7971014492753623,0.2028985507246377,20,6,0.0,0.28865979381443296
sources,7,0.0,1.0,0.0,0.7971014492753623,0.2028985507246377,20,6,0.0,0.28865979381443296
as,2,0.0,1.0,0.0,0.7971014492753623,0.2028985507246377,20,6,0.0,0.28865979381443296
discussed,9,0.0,1.0,0.0,0.7971014492753623,0.2028985507246377,20,6,0.0,0.28865979381443296
by,2,0.0,1.0,0.0,0.7971014492753623,0.2028985507246377,20,6,0.0,0.28865979381443296
A’Hearn,7,0.2857142857142857,0.5714285714285714,0.0,0.7971014492753623,0.2028985507246377,20,6,0.0,0.28865979381443296
geocentric,10,0.0,1.0,0.0,0.7971014492753623,0.2028985507246377,20,6,0.0,0.28865979381443296
distance,8,0.0,1.0,0.0,0.7971014492753623,0.2028985507246377,20,6,0.0,0.28865979381443296
and,3,0.0,1.0,0.0,0.7971014492753623,0.2028985507246377,20,6,0.0,0.28865979381443296
the,3,0.0,1.0,0.0,0.7971014492753623,0.2028985507246377,20,6,0.0,0.28865979381443296
phase,5,0.0,1.0,0.0,0.7971014492753623,0.2028985507246377,20,6,0.0,0.28865979381443296
angle,5,0.0,1.0,0.0,0.7971014492753623,0.2028985507246377,20,6,0.0,0.28865979381443296
at,2,0.0,1.0,0.0,0.7971014492753623,0.2028985507246377,20,6,0.0,0.28865979381443296
the,3,0.0,1.0,0.0,0.7971014492753623,0.2028985507246377,20,6,0.0,0.28865979381443296
time,4,0.0,1.0,0.0,0.7971014492753623,0.2028985507246377,20,6,0.0,0.28865979381443296
of,2,0.0,1.0,0.0,0.7971014492753623,0.2028985507246377,20,6,0.0,0.28865979381443296
observation.,12,0.0,0.9166666666666666,0.0,0.7971014492753623,0.2028985507246377,20,6,0.0,0.28865979381443296
&,1,0.0,0.0,0.0,0.762962962962963,0.23703703703703705,21,7,0.0,0.3041237113402062
Cowan,5,0.2,0.8,0.0,0.762962962962963,0.23703703703703705,21,7,0.0,0.3041237113402062
(1980).,7,0.0,0.0,0.5714285714285714,0.762962962962963,0.23703703703703705,21,7,0.0,0.3041237113402062
This,4,0.25,0.75,0.0,0.762962962962963,0.23703703703703705,21,7,0.0,0.3041237113402062
behaviour,9,0.0,1.0,0.0,0.762962962962963,0.23703703703703705,21,7,0.0,0.3041237113402062
can,3,0.0,1.0,0.0,0.762962962962963,0.23703703703703705,21,7,0.0,0.3041237113402062
also,4,0.0,1.0,0.0,0.762962962962963,0.23703703703703705,21,7,0.0,0.3041237113402062
be,2,0.0,1.0,0.0,0.762962962962963,0.23703703703703705,21,7,0.0,0.3041237113402062
considered,10,0.0,1.0,0.0,0.762962962962963,0.23703703703703705,21,7,0.0,0.3041237113402062
as,2,0.0,1.0,0.0,0.762962962962963,0.23703703703703705,21,7,0.0,0.3041237113402062
a,1,0.0,1.0,0.0,0.762962962962963,0.23703703703703705,21,7,0.0,0.3041237113402062
"Hence,",6,0.16666666666666666,0.6666666666666666,0.0,0.762962962962963,0.23703703703703705,21,7,0.0,0.3041237113402062
the,3,0.0,1.0,0.0,0.762962962962963,0.23703703703703705,21,7,0.0,0.3041237113402062
absolute,8,0.0,1.0,0.0,0.762962962962963,0.23703703703703705,21,7,0.0,0.3041237113402062
magnitude,9,0.0,1.0,0.0,0.762962962962963,0.23703703703703705,21,7,0.0,0.3041237113402062
"(H),",4,0.25,0.0,0.0,0.762962962962963,0.23703703703703705,21,7,0.0,0.3041237113402062
which,5,0.0,1.0,0.0,0.762962962962963,0.23703703703703705,21,7,0.0,0.3041237113402062
corresponds,11,0.0,1.0,0.0,0.762962962962963,0.23703703703703705,21,7,0.0,0.3041237113402062
to,2,0.0,1.0,0.0,0.762962962962963,0.23703703703703705,21,7,0.0,0.3041237113402062
the,3,0.0,1.0,0.0,0.762962962962963,0.23703703703703705,21,7,0.0,0.3041237113402062
mag-,4,0.0,0.75,0.0,0.762962962962963,0.23703703703703705,21,7,0.0,0.3041237113402062
"confirmation,",13,0.0,0.9230769230769231,0.0,0.8142857142857143,0.18571428571428572,25,2,0.0,0.27835051546391754
in,2,0.0,1.0,0.0,0.8142857142857143,0.18571428571428572,25,2,0.0,0.27835051546391754
this,4,0.0,1.0,0.0,0.8142857142857143,0.18571428571428572,25,2,0.0,0.27835051546391754
"work,",5,0.0,0.8,0.0,0.8142857142857143,0.18571428571428572,25,2,0.0,0.27835051546391754
that,4,0.0,1.0,0.0,0.8142857142857143,0.18571428571428572,25,2,0.0,0.27835051546391754
the,3,0.0,1.0,0.0,0.8142857142857143,0.18571428571428572,25,2,0.0,0.27835051546391754
parent,6,0.0,1.0,0.0,0.8142857142857143,0.18571428571428572,25,2,0.0,0.27835051546391754
molecules,9,0.0,1.0,0.0,0.8142857142857143,0.18571428571428572,25,2,0.0,0.27835051546391754
of,2,0.0,1.0,0.0,0.8142857142857143,0.18571428571428572,25,2,0.0,0.27835051546391754
both,4,0.0,1.0,0.0,0.8142857142857143,0.18571428571428572,25,2,0.0,0.27835051546391754
CN,2,1.0,0.0,0.0,0.8142857142857143,0.18571428571428572,25,2,0.0,0.27835051546391754
and,3,0.0,1.0,0.0,0.8142857142857143,0.18571428571428572,25,2,0.0,0.27835051546391754
nitude,6,0.0,1.0,0.0,0.8142857142857143,0.18571428571428572,25,2,0.0,0.27835051546391754
of,2,0.0,1.0,0.0,0.8142857142857143,0.18571428571428572,25,2,0.0,0.27835051546391754
the,3,0.0,1.0,0.0,0.8142857142857143,0.18571428571428572,25,2,0.0,0.27835051546391754
comet,5,0.0,1.0,0.0,0.8142857142857143,0.18571428571428572,25,2,0.0,0.27835051546391754
at,2,0.0,1.0,0.0,0.8142857142857143,0.18571428571428572,25,2,0.0,0.27835051546391754
a,1,0.0,1.0,0.0,0.8142857142857143,0.18571428571428572,25,2,0.0,0.27835051546391754
heliocentric,12,0.0,1.0,0.0,0.8142857142857143,0.18571428571428572,25,2,0.0,0.27835051546391754
and,3,0.0,1.0,0.0,0.8142857142857143,0.18571428571428572,25,2,0.0,0.27835051546391754
geocentric,10,0.0,1.0,0.0,0.8142857142857143,0.18571428571428572,25,2,0.0,0.27835051546391754
distance,8,0.0,1.0,0.0,0.8142857142857143,0.18571428571428572,25,2,0.0,0.27835051546391754
of,2,0.0,1.0,0.0,0.8142857142857143,0.18571428571428572,25,2,0.0,0.27835051546391754
1,1,0.0,0.0,1.0,0.8142857142857143,0.18571428571428572,25,2,0.0,0.27835051546391754
AU,2,1.0,0.0,0.0,0.8142857142857143,0.18571428571428572,25,2,0.0,0.27835051546391754
C3,2,0.5,0.0,0.5,0.7714285714285715,0.22857142857142854,22,3,0.0,0.4587628865979382
resides,7,0.0,1.0,0.0,0.7714285714285715,0.22857142857142854,22,3,0.0,0.4587628865979382
mainly,6,0.0,1.0,0.0,0.7714285714285715,0.22857142857142854,22,3,0.0,0.4587628865979382
in,2,0.0,1.0,0.0,0.7714285714285715,0.22857142857142854,22,3,0.0,0.4587628865979382
the,3,0.0,1.0,0.0,0.7714285714285715,0.22857142857142854,22,3,0.0,0.4587628865979382
comet,5,0.0,1.0,0.0,0.7714285714285715,0.22857142857142854,22,3,0.0,0.4587628865979382
nucleus,7,0.0,1.0,0.0,0.7714285714285715,0.22857142857142854,22,3,0.0,0.4587628865979382
whereas,7,0.0,1.0,0.0,0.7714285714285715,0.22857142857142854,22,3,0.0,0.4587628865979382
that,4,0.0,1.0,0.0,0.7714285714285715,0.22857142857142854,22,3,0.0,0.4587628865979382
of,2,0.0,1.0,0.0,0.7714285714285715,0.22857142857142854,22,3,0.0,0.4587628865979382
C2,2,0.5,0.0,0.5,0.7714285714285715,0.22857142857142854,22,3,0.0,0.4587628865979382
is,2,0.0,1.0,0.0,0.7714285714285715,0.22857142857142854,22,3,0.0,0.4587628865979382
mostly,6,0.0,1.0,0.0,0.7714285714285715,0.22857142857142854,22,3,0.0,0.4587628865979382
and,3,0.0,1.0,0.0,0.7714285714285715,0.22857142857142854,22,3,0.0,0.4587628865979382
a,1,0.0,1.0,0.0,0.7714285714285715,0.22857142857142854,22,3,0.0,0.4587628865979382
phase,5,0.0,1.0,0.0,0.7714285714285715,0.22857142857142854,22,3,0.0,0.4587628865979382
angle,5,0.0,1.0,0.0,0.7714285714285715,0.22857142857142854,22,3,0.0,0.4587628865979382
of,2,0.0,1.0,0.0,0.7714285714285715,0.22857142857142854,22,3,0.0,0.4587628865979382
0◦,2,0.0,0.0,0.5,0.7714285714285715,0.22857142857142854,22,3,0.0,0.4587628865979382
",",1,0.0,0.0,0.0,0.7714285714285715,0.22857142857142854,22,3,0.0,0.4587628865979382
given,5,0.0,1.0,0.0,0.7714285714285715,0.22857142857142854,22,3,0.0,0.4587628865979382
by,2,0.0,1.0,0.0,0.7714285714285715,0.22857142857142854,22,3,0.0,0.4587628865979382
present,7,0.0,1.0,0.0,0.8235294117647058,0.17647058823529416,13,1,0.0,0.6494845360824743
in,2,0.0,1.0,0.0,0.8235294117647058,0.17647058823529416,13,1,0.0,0.6494845360824743
the,3,0.0,1.0,0.0,0.8235294117647058,0.17647058823529416,13,1,0.0,0.6494845360824743
icy,3,0.0,1.0,0.0,0.8235294117647058,0.17647058823529416,13,1,0.0,0.6494845360824743
grains,6,0.0,1.0,0.0,0.8235294117647058,0.17647058823529416,13,1,0.0,0.6494845360824743
of,2,0.0,1.0,0.0,0.8235294117647058,0.17647058823529416,13,1,0.0,0.6494845360824743
the,3,0.0,1.0,0.0,0.8235294117647058,0.17647058823529416,13,1,0.0,0.6494845360824743
coma.,5,0.0,0.8,0.0,0.8235294117647058,0.17647058823529416,13,1,0.0,0.6494845360824743
The,3,0.3333333333333333,0.6666666666666666,0.0,0.8235294117647058,0.17647058823529416,13,1,0.0,0.6494845360824743
difference,10,0.0,1.0,0.0,0.8235294117647058,0.17647058823529416,13,1,0.0,0.6494845360824743
in,2,0.0,1.0,0.0,0.8235294117647058,0.17647058823529416,13,1,0.0,0.6494845360824743
activity,8,0.0,1.0,0.0,0.8235294117647058,0.17647058823529416,13,1,0.0,0.6494845360824743
of,2,0.0,1.0,0.0,0.8235294117647058,0.17647058823529416,13,1,0.0,0.6494845360824743
C3,2,0.5,0.0,0.5,0.828125,0.171875,12,1,0.0,0.6701030927835052
and,3,0.0,1.0,0.0,0.828125,0.171875,12,1,0.0,0.6701030927835052
C2,2,0.5,0.0,0.5,0.828125,0.171875,12,1,0.0,0.6701030927835052
also,4,0.0,1.0,0.0,0.828125,0.171875,12,1,0.0,0.6701030927835052
confirms,8,0.0,1.0,0.0,0.828125,0.171875,12,1,0.0,0.6701030927835052
that,4,0.0,1.0,0.0,0.828125,0.171875,12,1,0.0,0.6701030927835052
the,3,0.0,1.0,0.0,0.828125,0.171875,12,1,0.0,0.6701030927835052
parent,6,0.0,1.0,0.0,0.828125,0.171875,12,1,0.0,0.6701030927835052
molecules,9,0.0,1.0,0.0,0.828125,0.171875,12,1,0.0,0.6701030927835052
of,2,0.0,1.0,0.0,0.828125,0.171875,12,1,0.0,0.6701030927835052
these,5,0.0,1.0,0.0,0.828125,0.171875,12,1,0.0,0.6701030927835052
emis-,5,0.0,0.8,0.0,0.828125,0.171875,12,1,0.0,0.6701030927835052
sions,5,0.0,1.0,0.0,0.6111111111111112,0.38888888888888884,19,21,0.0,0.25773195876288657
should,6,0.0,1.0,0.0,0.6111111111111112,0.38888888888888884,19,21,0.0,0.25773195876288657
be,2,0.0,1.0,0.0,0.6111111111111112,0.38888888888888884,19,21,0.0,0.25773195876288657
entirely,8,0.0,1.0,0.0,0.6111111111111112,0.38888888888888884,19,21,0.0,0.25773195876288657
different,9,0.0,1.0,0.0,0.6111111111111112,0.38888888888888884,19,21,0.0,0.25773195876288657
as,2,0.0,1.0,0.0,0.6111111111111112,0.38888888888888884,19,21,0.0,0.25773195876288657
mentioned,9,0.0,1.0,0.0,0.6111111111111112,0.38888888888888884,19,21,0.0,0.25773195876288657
in,2,0.0,1.0,0.0,0.6111111111111112,0.38888888888888884,19,21,0.0,0.25773195876288657
Yamamoto,8,0.125,0.875,0.0,0.6111111111111112,0.38888888888888884,19,21,0.0,0.25773195876288657
(1981).,7,0.0,0.0,0.5714285714285714,0.6111111111111112,0.38888888888888884,19,21,0.0,0.25773195876288657
H,1,1.0,0.0,0.0,0.6111111111111112,0.38888888888888884,19,21,0.0,0.25773195876288657
=,1,0.0,0.0,0.0,0.6111111111111112,0.38888888888888884,19,21,0.0,0.25773195876288657
m,1,0.0,1.0,0.0,0.6111111111111112,0.38888888888888884,19,21,0.0,0.25773195876288657
−,1,0.0,0.0,0.0,0.6111111111111112,0.38888888888888884,19,21,0.0,0.25773195876288657
5log(rH,7,0.14285714285714285,0.5714285714285714,0.14285714285714285,0.6111111111111112,0.38888888888888884,19,21,0.0,0.25773195876288657
∆),2,0.0,0.0,0.0,0.6111111111111112,0.38888888888888884,19,21,0.0,0.25773195876288657
+,1,0.0,0.0,0.0,0.6111111111111112,0.38888888888888884,19,21,0.0,0.25773195876288657
"2.5log[φ(α)],",13,0.0,0.38461538461538464,0.15384615384615385,0.6111111111111112,0.38888888888888884,19,21,0.0,0.25773195876288657
(2),3,0.0,0.0,0.3333333333333333,0.6111111111111112,0.38888888888888884,19,21,0.0,0.25773195876288657
was,3,0.0,1.0,0.0,0.4,0.6,11,1,0.36597938144329895,0.3041237113402062
computed.,9,0.0,0.8888888888888888,0.0,0.4,0.6,11,1,0.36597938144329895,0.3041237113402062
Here,4,0.25,0.75,0.0,0.4,0.6,11,1,0.36597938144329895,0.3041237113402062
m,1,0.0,1.0,0.0,0.4,0.6,11,1,0.36597938144329895,0.3041237113402062
is,2,0.0,1.0,0.0,0.4,0.6,11,1,0.36597938144329895,0.3041237113402062
the,3,0.0,1.0,0.0,0.4,0.6,11,1,0.36597938144329895,0.3041237113402062
apparent,8,0.0,1.0,0.0,0.4,0.6,11,1,0.36597938144329895,0.3041237113402062
magnitude,9,0.0,1.0,0.0,0.4,0.6,11,1,0.36597938144329895,0.3041237113402062
in,2,0.0,1.0,0.0,0.4,0.6,11,1,0.36597938144329895,0.3041237113402062
the,3,0.0,1.0,0.0,0.4,0.6,11,1,0.36597938144329895,0.3041237113402062
respective,10,0.0,1.0,0.0,0.4,0.6,11,1,0.36597938144329895,0.3041237113402062
"filter,",7,0.0,0.8571428571428571,0.0,0.42142857142857143,0.5785714285714285,11,1,0.36597938144329895,0.27835051546391754
rH,2,0.5,0.5,0.0,0.42142857142857143,0.5785714285714285,11,1,0.36597938144329895,0.27835051546391754
is,2,0.0,1.0,0.0,0.42142857142857143,0.5785714285714285,11,1,0.36597938144329895,0.27835051546391754
the,3,0.0,1.0,0.0,0.42142857142857143,0.5785714285714285,11,1,0.36597938144329895,0.27835051546391754
heliocentric,12,0.0,1.0,0.0,0.42142857142857143,0.5785714285714285,11,1,0.36597938144329895,0.27835051546391754
"distance,",9,0.0,0.8888888888888888,0.0,0.42142857142857143,0.5785714285714285,11,1,0.36597938144329895,0.27835051546391754
∆,1,0.0,0.0,0.0,0.42142857142857143,0.5785714285714285,11,1,0.36597938144329895,0.27835051546391754
is,2,0.0,1.0,0.0,0.42142857142857143,0.5785714285714285,11,1,0.36597938144329895,0.27835051546391754
the,3,0.0,1.0,0.0,0.42142857142857143,0.5785714285714285,11,1,0.36597938144329895,0.27835051546391754
geocentric,10,0.0,1.0,0.0,0.42142857142857143,0.5785714285714285,11,1,0.36597938144329895,0.27835051546391754
distance,8,0.0,1.0,0.0,0.42142857142857143,0.5785714285714285,11,1,0.36597938144329895,0.27835051546391754
4.2,3,0.0,0.0,0.6666666666666666,0.4740740740740741,0.5259259259259259,13,31,0.0,0.3041237113402062
Imaging,7,0.14285714285714285,0.8571428571428571,0.0,0.4740740740740741,0.5259259259259259,13,31,0.0,0.3041237113402062
and,3,0.0,1.0,0.0,0.4740740740740741,0.5259259259259259,13,31,0.0,0.3041237113402062
φ(α),4,0.0,0.5,0.0,0.4740740740740741,0.5259259259259259,13,31,0.0,0.3041237113402062
is,2,0.0,1.0,0.0,0.4740740740740741,0.5259259259259259,13,31,0.0,0.3041237113402062
the,3,0.0,1.0,0.0,0.4740740740740741,0.5259259259259259,13,31,0.0,0.3041237113402062
phase,5,0.0,1.0,0.0,0.4740740740740741,0.5259259259259259,13,31,0.0,0.3041237113402062
function6,9,0.0,0.8888888888888888,0.1111111111111111,0.4740740740740741,0.5259259259259259,13,31,0.0,0.3041237113402062
corresponding,13,0.0,1.0,0.0,0.4740740740740741,0.5259259259259259,13,31,0.0,0.3041237113402062
to,2,0.0,1.0,0.0,0.4740740740740741,0.5259259259259259,13,31,0.0,0.3041237113402062
the,3,0.0,1.0,0.0,0.4740740740740741,0.5259259259259259,13,31,0.0,0.3041237113402062
phase,5,0.0,1.0,0.0,0.4740740740740741,0.5259259259259259,13,31,0.0,0.3041237113402062
angle,5,0.0,1.0,0.0,0.4740740740740741,0.5259259259259259,13,31,0.0,0.3041237113402062
at,2,0.0,1.0,0.0,0.4057971014492754,0.5942028985507246,12,1,0.36597938144329895,0.28865979381443296
the,3,0.0,1.0,0.0,0.4057971014492754,0.5942028985507246,12,1,0.36597938144329895,0.28865979381443296
time,4,0.0,1.0,0.0,0.4057971014492754,0.5942028985507246,12,1,0.36597938144329895,0.28865979381443296
of,2,0.0,1.0,0.0,0.4057971014492754,0.5942028985507246,12,1,0.36597938144329895,0.28865979381443296
"observation,",12,0.0,0.9166666666666666,0.0,0.4057971014492754,0.5942028985507246,12,1,0.36597938144329895,0.28865979381443296
as,2,0.0,1.0,0.0,0.4057971014492754,0.5942028985507246,12,1,0.36597938144329895,0.28865979381443296
defined,7,0.0,1.0,0.0,0.4057971014492754,0.5942028985507246,12,1,0.36597938144329895,0.28865979381443296
in,2,0.0,1.0,0.0,0.4057971014492754,0.5942028985507246,12,1,0.36597938144329895,0.28865979381443296
Schleicher,10,0.1,0.9,0.0,0.4057971014492754,0.5942028985507246,12,1,0.36597938144329895,0.28865979381443296
&,1,0.0,0.0,0.0,0.4057971014492754,0.5942028985507246,12,1,0.36597938144329895,0.28865979381443296
Bair,4,0.25,0.75,0.0,0.4057971014492754,0.5942028985507246,12,1,0.36597938144329895,0.28865979381443296
(2011).,7,0.0,0.0,0.5714285714285714,0.4057971014492754,0.5942028985507246,12,1,0.36597938144329895,0.28865979381443296
The,3,0.3333333333333333,0.6666666666666666,0.0,0.781021897810219,0.21897810218978098,25,4,0.0,0.2938144329896907
comet,5,0.0,1.0,0.0,0.781021897810219,0.21897810218978098,25,4,0.0,0.2938144329896907
was,3,0.0,1.0,0.0,0.781021897810219,0.21897810218978098,25,4,0.0,0.2938144329896907
observed,8,0.0,1.0,0.0,0.781021897810219,0.21897810218978098,25,4,0.0,0.2938144329896907
in,2,0.0,1.0,0.0,0.781021897810219,0.21897810218978098,25,4,0.0,0.2938144329896907
imaging,7,0.0,1.0,0.0,0.781021897810219,0.21897810218978098,25,4,0.0,0.2938144329896907
mode,4,0.0,1.0,0.0,0.781021897810219,0.21897810218978098,25,4,0.0,0.2938144329896907
on,2,0.0,1.0,0.0,0.781021897810219,0.21897810218978098,25,4,0.0,0.2938144329896907
5,1,0.0,0.0,1.0,0.781021897810219,0.21897810218978098,25,4,0.0,0.2938144329896907
epochs,6,0.0,1.0,0.0,0.781021897810219,0.21897810218978098,25,4,0.0,0.2938144329896907
(Table.,7,0.14285714285714285,0.5714285714285714,0.0,0.781021897810219,0.21897810218978098,25,4,0.0,0.2938144329896907
1),2,0.0,0.0,0.5,0.781021897810219,0.21897810218978098,25,4,0.0,0.2938144329896907
in,2,0.0,1.0,0.0,0.781021897810219,0.21897810218978098,25,4,0.0,0.2938144329896907
The,3,0.3333333333333333,0.6666666666666666,0.0,0.781021897810219,0.21897810218978098,25,4,0.0,0.2938144329896907
R,1,1.0,0.0,0.0,0.781021897810219,0.21897810218978098,25,4,0.0,0.2938144329896907
band,4,0.0,1.0,0.0,0.781021897810219,0.21897810218978098,25,4,0.0,0.2938144329896907
absolute,8,0.0,1.0,0.0,0.781021897810219,0.21897810218978098,25,4,0.0,0.2938144329896907
magnitude,9,0.0,1.0,0.0,0.781021897810219,0.21897810218978098,25,4,0.0,0.2938144329896907
can,3,0.0,1.0,0.0,0.781021897810219,0.21897810218978098,25,4,0.0,0.2938144329896907
be,2,0.0,1.0,0.0,0.781021897810219,0.21897810218978098,25,4,0.0,0.2938144329896907
used,4,0.0,1.0,0.0,0.781021897810219,0.21897810218978098,25,4,0.0,0.2938144329896907
to,2,0.0,1.0,0.0,0.781021897810219,0.21897810218978098,25,4,0.0,0.2938144329896907
compute,7,0.0,1.0,0.0,0.781021897810219,0.21897810218978098,25,4,0.0,0.2938144329896907
the,3,0.0,1.0,0.0,0.781021897810219,0.21897810218978098,25,4,0.0,0.2938144329896907
effective,9,0.0,1.0,0.0,0.781021897810219,0.21897810218978098,25,4,0.0,0.2938144329896907
the,3,0.0,1.0,0.0,0.795774647887324,0.204225352112676,22,5,0.0,0.2680412371134021
Bessells’s,10,0.1,0.8,0.0,0.795774647887324,0.204225352112676,22,5,0.0,0.2680412371134021
BVRI,4,1.0,0.0,0.0,0.795774647887324,0.204225352112676,22,5,0.0,0.2680412371134021
filters,7,0.0,1.0,0.0,0.795774647887324,0.204225352112676,22,5,0.0,0.2680412371134021
from,4,0.0,1.0,0.0,0.795774647887324,0.204225352112676,22,5,0.0,0.2680412371134021
both,4,0.0,1.0,0.0,0.795774647887324,0.204225352112676,22,5,0.0,0.2680412371134021
HCT,3,1.0,0.0,0.0,0.795774647887324,0.204225352112676,22,5,0.0,0.2680412371134021
and,3,0.0,1.0,0.0,0.795774647887324,0.204225352112676,22,5,0.0,0.2680412371134021
MIRO.,5,0.8,0.0,0.0,0.795774647887324,0.204225352112676,22,5,0.0,0.2680412371134021
The,3,0.3333333333333333,0.6666666666666666,0.0,0.795774647887324,0.204225352112676,22,5,0.0,0.2680412371134021
images,6,0.0,1.0,0.0,0.795774647887324,0.204225352112676,22,5,0.0,0.2680412371134021
scattering,10,0.0,1.0,0.0,0.795774647887324,0.204225352112676,22,5,0.0,0.2680412371134021
cross,5,0.0,1.0,0.0,0.795774647887324,0.204225352112676,22,5,0.0,0.2680412371134021
section,7,0.0,1.0,0.0,0.795774647887324,0.204225352112676,22,5,0.0,0.2680412371134021
in,2,0.0,1.0,0.0,0.795774647887324,0.204225352112676,22,5,0.0,0.2680412371134021
order,5,0.0,1.0,0.0,0.795774647887324,0.204225352112676,22,5,0.0,0.2680412371134021
to,2,0.0,1.0,0.0,0.795774647887324,0.204225352112676,22,5,0.0,0.2680412371134021
investigate,11,0.0,1.0,0.0,0.795774647887324,0.204225352112676,22,5,0.0,0.2680412371134021
the,3,0.0,1.0,0.0,0.795774647887324,0.204225352112676,22,5,0.0,0.2680412371134021
nature,6,0.0,1.0,0.0,0.795774647887324,0.204225352112676,22,5,0.0,0.2680412371134021
of,2,0.0,1.0,0.0,0.795774647887324,0.204225352112676,22,5,0.0,0.2680412371134021
activity,8,0.0,1.0,0.0,0.795774647887324,0.204225352112676,22,5,0.0,0.2680412371134021
were,4,0.0,1.0,0.0,0.8085106382978723,0.19148936170212771,21,5,0.0,0.2731958762886598
reduced,7,0.0,1.0,0.0,0.8085106382978723,0.19148936170212771,21,5,0.0,0.2731958762886598
and,3,0.0,1.0,0.0,0.8085106382978723,0.19148936170212771,21,5,0.0,0.2731958762886598
apparent,8,0.0,1.0,0.0,0.8085106382978723,0.19148936170212771,21,5,0.0,0.2731958762886598
magnitudes,10,0.0,1.0,0.0,0.8085106382978723,0.19148936170212771,21,5,0.0,0.2731958762886598
were,4,0.0,1.0,0.0,0.8085106382978723,0.19148936170212771,21,5,0.0,0.2731958762886598
computed,8,0.0,1.0,0.0,0.8085106382978723,0.19148936170212771,21,5,0.0,0.2731958762886598
as,2,0.0,1.0,0.0,0.8085106382978723,0.19148936170212771,21,5,0.0,0.2731958762886598
explained,9,0.0,1.0,0.0,0.8085106382978723,0.19148936170212771,21,5,0.0,0.2731958762886598
in,2,0.0,1.0,0.0,0.8085106382978723,0.19148936170212771,21,5,0.0,0.2731958762886598
the,3,0.0,1.0,0.0,0.8085106382978723,0.19148936170212771,21,5,0.0,0.2731958762886598
comet.,6,0.0,0.8333333333333334,0.0,0.8085106382978723,0.19148936170212771,21,5,0.0,0.2731958762886598
The,3,0.3333333333333333,0.6666666666666666,0.0,0.8085106382978723,0.19148936170212771,21,5,0.0,0.2731958762886598
effective,9,0.0,1.0,0.0,0.8085106382978723,0.19148936170212771,21,5,0.0,0.2731958762886598
scattering,10,0.0,1.0,0.0,0.8085106382978723,0.19148936170212771,21,5,0.0,0.2731958762886598
cross,5,0.0,1.0,0.0,0.8085106382978723,0.19148936170212771,21,5,0.0,0.2731958762886598
section,7,0.0,1.0,0.0,0.8085106382978723,0.19148936170212771,21,5,0.0,0.2731958762886598
(Ce,3,0.3333333333333333,0.3333333333333333,0.0,0.8085106382978723,0.19148936170212771,21,5,0.0,0.2731958762886598
),1,0.0,0.0,0.0,0.8085106382978723,0.19148936170212771,21,5,0.0,0.2731958762886598
is,2,0.0,1.0,0.0,0.8085106382978723,0.19148936170212771,21,5,0.0,0.2731958762886598
computed,8,0.0,1.0,0.0,0.8085106382978723,0.19148936170212771,21,5,0.0,0.2731958762886598
in,2,0.0,1.0,0.0,0.39,0.61,7,29,0.0,0.48453608247422686
section,7,0.0,1.0,0.0,0.39,0.61,7,29,0.0,0.48453608247422686
3.2.,4,0.0,0.0,0.5,0.39,0.61,7,29,0.0,0.48453608247422686
using,5,0.0,1.0,0.0,0.39,0.61,7,29,0.0,0.48453608247422686
the,3,0.0,1.0,0.0,0.39,0.61,7,29,0.0,0.48453608247422686
following,9,0.0,1.0,0.0,0.39,0.61,7,29,0.0,0.48453608247422686
equation;,9,0.0,0.8888888888888888,0.0,0.39,0.61,7,29,0.0,0.48453608247422686
πr02,4,0.0,0.5,0.5,0.10112359550561797,0.898876404494382,2,1,0.4072164948453608,0.5412371134020619
0.4[m,5,0.0,0.2,0.4,0.10112359550561797,0.898876404494382,2,1,0.4072164948453608,0.5412371134020619
4.2.1,5,0.0,0.0,0.6,0.35714285714285715,0.6428571428571428,13,27,0.0,0.4948453608247423
Optical,7,0.14285714285714285,0.8571428571428571,0.0,0.35714285714285715,0.6428571428571428,13,27,0.0,0.4948453608247423
colors,6,0.0,1.0,0.0,0.35714285714285715,0.6428571428571428,13,27,0.0,0.4948453608247423
and,3,0.0,1.0,0.0,0.35714285714285715,0.6428571428571428,13,27,0.0,0.4948453608247423
A,1,1.0,0.0,0.0,0.35714285714285715,0.6428571428571428,13,27,0.0,0.4948453608247423
f,1,0.0,1.0,0.0,0.35714285714285715,0.6428571428571428,13,27,0.0,0.4948453608247423
ρ,1,0.0,1.0,0.0,0.35714285714285715,0.6428571428571428,13,27,0.0,0.4948453608247423
Ce,2,0.5,0.5,0.0,0.35714285714285715,0.6428571428571428,13,27,0.0,0.4948453608247423
=,1,0.0,0.0,0.0,0.35714285714285715,0.6428571428571428,13,27,0.0,0.4948453608247423
10,2,0.0,0.0,1.0,0.35714285714285715,0.6428571428571428,13,27,0.0,0.4948453608247423
",R",2,0.5,0.0,0.0,0.35714285714285715,0.6428571428571428,13,27,0.0,0.4948453608247423
−HR,3,0.6666666666666666,0.0,0.0,0.35714285714285715,0.6428571428571428,13,27,0.0,0.4948453608247423
],1,0.0,0.0,0.0,0.35714285714285715,0.6428571428571428,13,27,0.0,0.4948453608247423
",",1,0.0,0.0,0.0,0.027777777777777776,0.9722222222222222,2,21,0.5103092783505154,0.25773195876288657
(3),3,0.0,0.0,0.3333333333333333,0.027777777777777776,0.9722222222222222,2,21,0.5103092783505154,0.25773195876288657
p,1,0.0,1.0,0.0,0.012345679012345678,0.9876543209876543,1,1,0.41237113402061853,0.5824742268041236
From,4,0.25,0.75,0.0,0.7720588235294118,0.2279411764705882,24,5,0.0,0.2989690721649485
the,3,0.0,1.0,0.0,0.7720588235294118,0.2279411764705882,24,5,0.0,0.2989690721649485
magnitudes,10,0.0,1.0,0.0,0.7720588235294118,0.2279411764705882,24,5,0.0,0.2989690721649485
"computed,",9,0.0,0.8888888888888888,0.0,0.7720588235294118,0.2279411764705882,24,5,0.0,0.2989690721649485
as,2,0.0,1.0,0.0,0.7720588235294118,0.2279411764705882,24,5,0.0,0.2989690721649485
given,5,0.0,1.0,0.0,0.7720588235294118,0.2279411764705882,24,5,0.0,0.2989690721649485
in,2,0.0,1.0,0.0,0.7720588235294118,0.2279411764705882,24,5,0.0,0.2989690721649485
Table,5,0.2,0.8,0.0,0.7720588235294118,0.2279411764705882,24,5,0.0,0.2989690721649485
"3,",2,0.0,0.0,0.5,0.7720588235294118,0.2279411764705882,24,5,0.0,0.2989690721649485
the,3,0.0,1.0,0.0,0.7720588235294118,0.2279411764705882,24,5,0.0,0.2989690721649485
optical,7,0.0,1.0,0.0,0.7720588235294118,0.2279411764705882,24,5,0.0,0.2989690721649485
where,5,0.0,1.0,0.0,0.7720588235294118,0.2279411764705882,24,5,0.0,0.2989690721649485
r0,2,0.0,0.5,0.5,0.7720588235294118,0.2279411764705882,24,5,0.0,0.2989690721649485
is,2,0.0,1.0,0.0,0.7720588235294118,0.2279411764705882,24,5,0.0,0.2989690721649485
the,3,0.0,1.0,0.0,0.7720588235294118,0.2279411764705882,24,5,0.0,0.2989690721649485
mean,4,0.0,1.0,0.0,0.7720588235294118,0.2279411764705882,24,5,0.0,0.2989690721649485
Earth-Sun,9,0.2222222222222222,0.6666666666666666,0.0,0.7720588235294118,0.2279411764705882,24,5,0.0,0.2989690721649485
distance,8,0.0,1.0,0.0,0.7720588235294118,0.2279411764705882,24,5,0.0,0.2989690721649485
in,2,0.0,1.0,0.0,0.7720588235294118,0.2279411764705882,24,5,0.0,0.2989690721649485
"Km,",3,0.3333333333333333,0.3333333333333333,0.0,0.7720588235294118,0.2279411764705882,24,5,0.0,0.2989690721649485
p,1,0.0,1.0,0.0,0.7720588235294118,0.2279411764705882,24,5,0.0,0.2989690721649485
is,2,0.0,1.0,0.0,0.7720588235294118,0.2279411764705882,24,5,0.0,0.2989690721649485
the,3,0.0,1.0,0.0,0.7720588235294118,0.2279411764705882,24,5,0.0,0.2989690721649485
geometric,9,0.0,1.0,0.0,0.7720588235294118,0.2279411764705882,24,5,0.0,0.2989690721649485
colours,7,0.0,1.0,0.0,0.7573529411764706,0.24264705882352944,27,5,0.0,0.2989690721649485
of,2,0.0,1.0,0.0,0.7573529411764706,0.24264705882352944,27,5,0.0,0.2989690721649485
the,3,0.0,1.0,0.0,0.7573529411764706,0.24264705882352944,27,5,0.0,0.2989690721649485
comet,5,0.0,1.0,0.0,0.7573529411764706,0.24264705882352944,27,5,0.0,0.2989690721649485
were,4,0.0,1.0,0.0,0.7573529411764706,0.24264705882352944,27,5,0.0,0.2989690721649485
found,5,0.0,1.0,0.0,0.7573529411764706,0.24264705882352944,27,5,0.0,0.2989690721649485
to,2,0.0,1.0,0.0,0.7573529411764706,0.24264705882352944,27,5,0.0,0.2989690721649485
be;,3,0.0,0.6666666666666666,0.0,0.7573529411764706,0.24264705882352944,27,5,0.0,0.2989690721649485
(B-V),5,0.4,0.0,0.0,0.7573529411764706,0.24264705882352944,27,5,0.0,0.2989690721649485
=,1,0.0,0.0,0.0,0.7573529411764706,0.24264705882352944,27,5,0.0,0.2989690721649485
0.80,4,0.0,0.0,0.75,0.7573529411764706,0.24264705882352944,27,5,0.0,0.2989690721649485
±,1,0.0,0.0,0.0,0.7573529411764706,0.24264705882352944,27,5,0.0,0.2989690721649485
"0.05,",5,0.0,0.0,0.6,0.7573529411764706,0.24264705882352944,27,5,0.0,0.2989690721649485
(V-,3,0.3333333333333333,0.0,0.0,0.7573529411764706,0.24264705882352944,27,5,0.0,0.2989690721649485
albedo,6,0.0,1.0,0.0,0.7573529411764706,0.24264705882352944,27,5,0.0,0.2989690721649485
of,2,0.0,1.0,0.0,0.7573529411764706,0.24264705882352944,27,5,0.0,0.2989690721649485
the,3,0.0,1.0,0.0,0.7573529411764706,0.24264705882352944,27,5,0.0,0.2989690721649485
cometary,8,0.0,1.0,0.0,0.7573529411764706,0.24264705882352944,27,5,0.0,0.2989690721649485
dust,4,0.0,1.0,0.0,0.7573529411764706,0.24264705882352944,27,5,0.0,0.2989690721649485
and,3,0.0,1.0,0.0,0.7573529411764706,0.24264705882352944,27,5,0.0,0.2989690721649485
m,1,0.0,1.0,0.0,0.7573529411764706,0.24264705882352944,27,5,0.0,0.2989690721649485
",R",2,0.5,0.0,0.0,0.7573529411764706,0.24264705882352944,27,5,0.0,0.2989690721649485
is,2,0.0,1.0,0.0,0.7573529411764706,0.24264705882352944,27,5,0.0,0.2989690721649485
the,3,0.0,1.0,0.0,0.7573529411764706,0.24264705882352944,27,5,0.0,0.2989690721649485
solar,5,0.0,1.0,0.0,0.7573529411764706,0.24264705882352944,27,5,0.0,0.2989690721649485
apparent,8,0.0,1.0,0.0,0.7573529411764706,0.24264705882352944,27,5,0.0,0.2989690721649485
magni-,6,0.0,0.8333333333333334,0.0,0.7573529411764706,0.24264705882352944,27,5,0.0,0.2989690721649485
R),2,0.5,0.0,0.0,0.7196969696969697,0.2803030303030303,32,4,0.0,0.31958762886597936
=,1,0.0,0.0,0.0,0.7196969696969697,0.2803030303030303,32,4,0.0,0.31958762886597936
0.49,4,0.0,0.0,0.75,0.7196969696969697,0.2803030303030303,32,4,0.0,0.31958762886597936
±,1,0.0,0.0,0.0,0.7196969696969697,0.2803030303030303,32,4,0.0,0.31958762886597936
"0.04,",5,0.0,0.0,0.6,0.7196969696969697,0.2803030303030303,32,4,0.0,0.31958762886597936
(R-I),5,0.4,0.0,0.0,0.7196969696969697,0.2803030303030303,32,4,0.0,0.31958762886597936
=,1,0.0,0.0,0.0,0.7196969696969697,0.2803030303030303,32,4,0.0,0.31958762886597936
0.53,4,0.0,0.0,0.75,0.7196969696969697,0.2803030303030303,32,4,0.0,0.31958762886597936
±,1,0.0,0.0,0.0,0.7196969696969697,0.2803030303030303,32,4,0.0,0.31958762886597936
0.03,4,0.0,0.0,0.75,0.7196969696969697,0.2803030303030303,32,4,0.0,0.31958762886597936
(B-R),5,0.4,0.0,0.0,0.7196969696969697,0.2803030303030303,32,4,0.0,0.31958762886597936
=,1,0.0,0.0,0.0,0.7196969696969697,0.2803030303030303,32,4,0.0,0.31958762886597936
1.29,4,0.0,0.0,0.75,0.7196969696969697,0.2803030303030303,32,4,0.0,0.31958762886597936
±,1,0.0,0.0,0.0,0.7196969696969697,0.2803030303030303,32,4,0.0,0.31958762886597936
0.06.,5,0.0,0.0,0.6,0.7196969696969697,0.2803030303030303,32,4,0.0,0.31958762886597936
These,5,0.2,0.8,0.0,0.7196969696969697,0.2803030303030303,32,4,0.0,0.31958762886597936
tude,4,0.0,1.0,0.0,0.7196969696969697,0.2803030303030303,32,4,0.0,0.31958762886597936
in,2,0.0,1.0,0.0,0.7196969696969697,0.2803030303030303,32,4,0.0,0.31958762886597936
the,3,0.0,1.0,0.0,0.7196969696969697,0.2803030303030303,32,4,0.0,0.31958762886597936
R,1,1.0,0.0,0.0,0.7196969696969697,0.2803030303030303,32,4,0.0,0.31958762886597936
band.,5,0.0,0.8,0.0,0.7196969696969697,0.2803030303030303,32,4,0.0,0.31958762886597936
Using,5,0.2,0.8,0.0,0.7196969696969697,0.2803030303030303,32,4,0.0,0.31958762886597936
the,3,0.0,1.0,0.0,0.7196969696969697,0.2803030303030303,32,4,0.0,0.31958762886597936
values,6,0.0,1.0,0.0,0.7196969696969697,0.2803030303030303,32,4,0.0,0.31958762886597936
of,2,0.0,1.0,0.0,0.7196969696969697,0.2803030303030303,32,4,0.0,0.31958762886597936
r0,2,0.0,0.5,0.5,0.7196969696969697,0.2803030303030303,32,4,0.0,0.31958762886597936
=,1,0.0,0.0,0.0,0.7196969696969697,0.2803030303030303,32,4,0.0,0.31958762886597936
1.5,3,0.0,0.0,0.6666666666666666,0.7196969696969697,0.2803030303030303,32,4,0.0,0.31958762886597936
×,1,0.0,0.0,0.0,0.7196969696969697,0.2803030303030303,32,4,0.0,0.31958762886597936
108,3,0.0,0.0,1.0,0.7196969696969697,0.2803030303030303,32,4,0.0,0.31958762886597936
Km,2,0.5,0.5,0.0,0.7196969696969697,0.2803030303030303,32,4,0.0,0.31958762886597936
and,3,0.0,1.0,0.0,0.7196969696969697,0.2803030303030303,32,4,0.0,0.31958762886597936
colours,7,0.0,1.0,0.0,0.8074074074074075,0.19259259259259254,24,3,0.0,0.3041237113402062
are,3,0.0,1.0,0.0,0.8074074074074075,0.19259259259259254,24,3,0.0,0.3041237113402062
in,2,0.0,1.0,0.0,0.8074074074074075,0.19259259259259254,24,3,0.0,0.3041237113402062
good,4,0.0,1.0,0.0,0.8074074074074075,0.19259259259259254,24,3,0.0,0.3041237113402062
agreement,9,0.0,1.0,0.0,0.8074074074074075,0.19259259259259254,24,3,0.0,0.3041237113402062
with,4,0.0,1.0,0.0,0.8074074074074075,0.19259259259259254,24,3,0.0,0.3041237113402062
the,3,0.0,1.0,0.0,0.8074074074074075,0.19259259259259254,24,3,0.0,0.3041237113402062
colours,7,0.0,1.0,0.0,0.8074074074074075,0.19259259259259254,24,3,0.0,0.3041237113402062
reported,8,0.0,1.0,0.0,0.8074074074074075,0.19259259259259254,24,3,0.0,0.3041237113402062
by,2,0.0,1.0,0.0,0.8074074074074075,0.19259259259259254,24,3,0.0,0.3041237113402062
Jewitt,6,0.16666666666666666,0.8333333333333334,0.0,0.8074074074074075,0.19259259259259254,24,3,0.0,0.3041237113402062
&,1,0.0,0.0,0.0,0.8074074074074075,0.19259259259259254,24,3,0.0,0.3041237113402062
m,1,0.0,1.0,0.0,0.8074074074074075,0.19259259259259254,24,3,0.0,0.3041237113402062
",R",2,0.5,0.0,0.0,0.8074074074074075,0.19259259259259254,24,3,0.0,0.3041237113402062
=,1,0.0,0.0,0.0,0.8074074074074075,0.19259259259259254,24,3,0.0,0.3041237113402062
−26.97,6,0.0,0.0,0.6666666666666666,0.8074074074074075,0.19259259259259254,24,3,0.0,0.3041237113402062
from,4,0.0,1.0,0.0,0.8074074074074075,0.19259259259259254,24,3,0.0,0.3041237113402062
Willmer,7,0.14285714285714285,0.8571428571428571,0.0,0.8074074074074075,0.19259259259259254,24,3,0.0,0.3041237113402062
"(2018),",7,0.0,0.0,0.5714285714285714,0.8074074074074075,0.19259259259259254,24,3,0.0,0.3041237113402062
the,3,0.0,1.0,0.0,0.8074074074074075,0.19259259259259254,24,3,0.0,0.3041237113402062
above,5,0.0,1.0,0.0,0.8074074074074075,0.19259259259259254,24,3,0.0,0.3041237113402062
equation,8,0.0,1.0,0.0,0.8074074074074075,0.19259259259259254,24,3,0.0,0.3041237113402062
reduces,7,0.0,1.0,0.0,0.8074074074074075,0.19259259259259254,24,3,0.0,0.3041237113402062
to,2,0.0,1.0,0.0,0.8074074074074075,0.19259259259259254,24,3,0.0,0.3041237113402062
Luu,3,0.3333333333333333,0.6666666666666666,0.0,0.7847222222222222,0.2152777777777778,29,3,0.0,0.25773195876288657
"(2019),",7,0.0,0.0,0.5714285714285714,0.7847222222222222,0.2152777777777778,29,3,0.0,0.25773195876288657
which,5,0.0,1.0,0.0,0.7847222222222222,0.2152777777777778,29,3,0.0,0.25773195876288657
are,3,0.0,1.0,0.0,0.7847222222222222,0.2152777777777778,29,3,0.0,0.25773195876288657
slightly,8,0.0,1.0,0.0,0.7847222222222222,0.2152777777777778,29,3,0.0,0.25773195876288657
redder,6,0.0,1.0,0.0,0.7847222222222222,0.2152777777777778,29,3,0.0,0.25773195876288657
than,4,0.0,1.0,0.0,0.7847222222222222,0.2152777777777778,29,3,0.0,0.25773195876288657
the,3,0.0,1.0,0.0,0.7847222222222222,0.2152777777777778,29,3,0.0,0.25773195876288657
solar,5,0.0,1.0,0.0,0.7847222222222222,0.2152777777777778,29,3,0.0,0.25773195876288657
colours,7,0.0,1.0,0.0,0.7847222222222222,0.2152777777777778,29,3,0.0,0.25773195876288657
(Holm-,6,0.16666666666666666,0.5,0.0,0.7847222222222222,0.2152777777777778,29,3,0.0,0.25773195876288657
Ce,2,0.5,0.5,0.0,0.7847222222222222,0.2152777777777778,29,3,0.0,0.25773195876288657
=,1,0.0,0.0,0.0,0.7847222222222222,0.2152777777777778,29,3,0.0,0.25773195876288657
(1.15,5,0.0,0.0,0.6,0.7847222222222222,0.2152777777777778,29,3,0.0,0.25773195876288657
×,1,0.0,0.0,0.0,0.7847222222222222,0.2152777777777778,29,3,0.0,0.25773195876288657
106,3,0.0,0.0,1.0,0.7847222222222222,0.2152777777777778,29,3,0.0,0.25773195876288657
/p),3,0.0,0.3333333333333333,0.0,0.7847222222222222,0.2152777777777778,29,3,0.0,0.25773195876288657
×,1,0.0,0.0,0.0,0.7847222222222222,0.2152777777777778,29,3,0.0,0.25773195876288657
10−(0.4HR,9,0.2222222222222222,0.0,0.4444444444444444,0.7847222222222222,0.2152777777777778,29,3,0.0,0.25773195876288657
),1,0.0,0.0,0.0,0.7847222222222222,0.2152777777777778,29,3,0.0,0.25773195876288657
.,1,0.0,0.0,0.0,0.7847222222222222,0.2152777777777778,29,3,0.0,0.25773195876288657
For,3,0.3333333333333333,0.6666666666666666,0.0,0.7847222222222222,0.2152777777777778,29,3,0.0,0.25773195876288657
this,4,0.0,1.0,0.0,0.7847222222222222,0.2152777777777778,29,3,0.0,0.25773195876288657
"work,",5,0.0,0.8,0.0,0.7847222222222222,0.2152777777777778,29,3,0.0,0.25773195876288657
the,3,0.0,1.0,0.0,0.7847222222222222,0.2152777777777778,29,3,0.0,0.25773195876288657
albedo,6,0.0,1.0,0.0,0.7847222222222222,0.2152777777777778,29,3,0.0,0.25773195876288657
(p),3,0.0,0.3333333333333333,0.0,0.7847222222222222,0.2152777777777778,29,3,0.0,0.25773195876288657
of,2,0.0,1.0,0.0,0.7847222222222222,0.2152777777777778,29,3,0.0,0.25773195876288657
the,3,0.0,1.0,0.0,0.7847222222222222,0.2152777777777778,29,3,0.0,0.25773195876288657
berg,4,0.0,1.0,0.0,0.8057553956834532,0.19424460431654678,26,2,0.0,0.28350515463917525
et,2,0.0,1.0,0.0,0.8057553956834532,0.19424460431654678,26,2,0.0,0.28350515463917525
al.,3,0.0,0.6666666666666666,0.0,0.8057553956834532,0.19424460431654678,26,2,0.0,0.28350515463917525
2006),5,0.0,0.0,0.8,0.8057553956834532,0.19424460431654678,26,2,0.0,0.28350515463917525
and,3,0.0,1.0,0.0,0.8057553956834532,0.19424460431654678,26,2,0.0,0.28350515463917525
similar,7,0.0,1.0,0.0,0.8057553956834532,0.19424460431654678,26,2,0.0,0.28350515463917525
to,2,0.0,1.0,0.0,0.8057553956834532,0.19424460431654678,26,2,0.0,0.28350515463917525
that,4,0.0,1.0,0.0,0.8057553956834532,0.19424460431654678,26,2,0.0,0.28350515463917525
of,2,0.0,1.0,0.0,0.8057553956834532,0.19424460431654678,26,2,0.0,0.28350515463917525
1I/’Oumuamua,12,0.16666666666666666,0.5833333333333334,0.08333333333333333,0.8057553956834532,0.19424460431654678,26,2,0.0,0.28350515463917525
(Jewitt,7,0.14285714285714285,0.7142857142857143,0.0,0.8057553956834532,0.19424460431654678,26,2,0.0,0.28350515463917525
et,2,0.0,1.0,0.0,0.8057553956834532,0.19424460431654678,26,2,0.0,0.28350515463917525
al.,3,0.0,0.6666666666666666,0.0,0.8057553956834532,0.19424460431654678,26,2,0.0,0.28350515463917525
comet,5,0.0,1.0,0.0,0.8057553956834532,0.19424460431654678,26,2,0.0,0.28350515463917525
was,3,0.0,1.0,0.0,0.8057553956834532,0.19424460431654678,26,2,0.0,0.28350515463917525
chosen,6,0.0,1.0,0.0,0.8057553956834532,0.19424460431654678,26,2,0.0,0.28350515463917525
as,2,0.0,1.0,0.0,0.8057553956834532,0.19424460431654678,26,2,0.0,0.28350515463917525
"0.1,",4,0.0,0.0,0.5,0.8057553956834532,0.19424460431654678,26,2,0.0,0.28350515463917525
typical,7,0.0,1.0,0.0,0.8057553956834532,0.19424460431654678,26,2,0.0,0.28350515463917525
for,3,0.0,1.0,0.0,0.8057553956834532,0.19424460431654678,26,2,0.0,0.28350515463917525
comet,5,0.0,1.0,0.0,0.8057553956834532,0.19424460431654678,26,2,0.0,0.28350515463917525
dust,4,0.0,1.0,0.0,0.8057553956834532,0.19424460431654678,26,2,0.0,0.28350515463917525
(Zubko,6,0.16666666666666666,0.6666666666666666,0.0,0.8057553956834532,0.19424460431654678,26,2,0.0,0.28350515463917525
et,2,0.0,1.0,0.0,0.8057553956834532,0.19424460431654678,26,2,0.0,0.28350515463917525
al.,3,0.0,0.6666666666666666,0.0,0.8057553956834532,0.19424460431654678,26,2,0.0,0.28350515463917525
"2017),",6,0.0,0.0,0.6666666666666666,0.8057553956834532,0.19424460431654678,26,2,0.0,0.28350515463917525
2017).,6,0.0,0.0,0.6666666666666666,0.8636363636363636,0.13636363636363635,10,1,0.0,0.6597938144329897
The,3,0.3333333333333333,0.6666666666666666,0.0,0.8636363636363636,0.13636363636363635,10,1,0.0,0.6597938144329897
colours,7,0.0,1.0,0.0,0.8636363636363636,0.13636363636363635,10,1,0.0,0.6597938144329897
of,2,0.0,1.0,0.0,0.8636363636363636,0.13636363636363635,10,1,0.0,0.6597938144329897
the,3,0.0,1.0,0.0,0.8636363636363636,0.13636363636363635,10,1,0.0,0.6597938144329897
interstellar,12,0.0,1.0,0.0,0.8636363636363636,0.13636363636363635,10,1,0.0,0.6597938144329897
comet,5,0.0,1.0,0.0,0.8636363636363636,0.13636363636363635,10,1,0.0,0.6597938144329897
are,3,0.0,1.0,0.0,0.8636363636363636,0.13636363636363635,10,1,0.0,0.6597938144329897
also,4,0.0,1.0,0.0,0.8636363636363636,0.13636363636363635,10,1,0.0,0.6597938144329897
surprisingly,12,0.0,1.0,0.0,0.8636363636363636,0.13636363636363635,10,1,0.0,0.6597938144329897
similar,7,0.0,1.0,0.0,0.8208955223880597,0.17910447761194026,13,1,0.0,0.654639175257732
to,2,0.0,1.0,0.0,0.8208955223880597,0.17910447761194026,13,1,0.0,0.654639175257732
the,3,0.0,1.0,0.0,0.8208955223880597,0.17910447761194026,13,1,0.0,0.654639175257732
mean,4,0.0,1.0,0.0,0.8208955223880597,0.17910447761194026,13,1,0.0,0.654639175257732
colours,7,0.0,1.0,0.0,0.8208955223880597,0.17910447761194026,13,1,0.0,0.654639175257732
of,2,0.0,1.0,0.0,0.8208955223880597,0.17910447761194026,13,1,0.0,0.654639175257732
long,4,0.0,1.0,0.0,0.8208955223880597,0.17910447761194026,13,1,0.0,0.654639175257732
period,6,0.0,1.0,0.0,0.8208955223880597,0.17910447761194026,13,1,0.0,0.654639175257732
comets,6,0.0,1.0,0.0,0.8208955223880597,0.17910447761194026,13,1,0.0,0.654639175257732
in,2,0.0,1.0,0.0,0.8208955223880597,0.17910447761194026,13,1,0.0,0.654639175257732
the,3,0.0,1.0,0.0,0.8208955223880597,0.17910447761194026,13,1,0.0,0.654639175257732
Solar,5,0.2,0.8,0.0,0.8208955223880597,0.17910447761194026,13,1,0.0,0.654639175257732
sys-,4,0.0,0.75,0.0,0.8208955223880597,0.17910447761194026,13,1,0.0,0.654639175257732
tem,3,0.0,1.0,0.0,0.8560606060606061,0.14393939393939392,19,2,0.0,0.31958762886597936
(Jewitt,7,0.14285714285714285,0.7142857142857143,0.0,0.8560606060606061,0.14393939393939392,19,2,0.0,0.31958762886597936
2015).,6,0.0,0.0,0.6666666666666666,0.8560606060606061,0.14393939393939392,19,2,0.0,0.31958762886597936
The,3,0.3333333333333333,0.6666666666666666,0.0,0.8560606060606061,0.14393939393939392,19,2,0.0,0.31958762886597936
"(B-V),",6,0.3333333333333333,0.0,0.0,0.8560606060606061,0.14393939393939392,19,2,0.0,0.31958762886597936
(V-R),5,0.4,0.0,0.0,0.8560606060606061,0.14393939393939392,19,2,0.0,0.31958762886597936
and,3,0.0,1.0,0.0,0.8560606060606061,0.14393939393939392,19,2,0.0,0.31958762886597936
(R-I),5,0.4,0.0,0.0,0.8560606060606061,0.14393939393939392,19,2,0.0,0.31958762886597936
"colours,",8,0.0,0.875,0.0,0.8560606060606061,0.14393939393939392,19,2,0.0,0.31958762886597936
after,5,0.0,1.0,0.0,0.8560606060606061,0.14393939393939392,19,2,0.0,0.31958762886597936
transfor-,9,0.0,0.8888888888888888,0.0,0.8560606060606061,0.14393939393939392,19,2,0.0,0.31958762886597936
6,1,0.0,0.0,1.0,0.8560606060606061,0.14393939393939392,19,2,0.0,0.31958762886597936
Composite,9,0.1111111111111111,0.8888888888888888,0.0,0.8560606060606061,0.14393939393939392,19,2,0.0,0.31958762886597936
Dust,4,0.25,0.75,0.0,0.8560606060606061,0.14393939393939392,19,2,0.0,0.31958762886597936
Phase,5,0.2,0.8,0.0,0.8560606060606061,0.14393939393939392,19,2,0.0,0.31958762886597936
Function,8,0.125,0.875,0.0,0.8560606060606061,0.14393939393939392,19,2,0.0,0.31958762886597936
for,3,0.0,1.0,0.0,0.8560606060606061,0.14393939393939392,19,2,0.0,0.31958762886597936
Comets,6,0.16666666666666666,0.8333333333333334,0.0,0.8560606060606061,0.14393939393939392,19,2,0.0,0.31958762886597936
https://asteroid.,17,0.0,0.7647058823529411,0.0,0.8560606060606061,0.14393939393939392,19,2,0.0,0.31958762886597936
mation,6,0.0,1.0,0.0,0.8532110091743119,0.14678899082568808,13,3,0.0,0.4381443298969072
to,2,0.0,1.0,0.0,0.8532110091743119,0.14678899082568808,13,3,0.0,0.4381443298969072
the,3,0.0,1.0,0.0,0.8532110091743119,0.14678899082568808,13,3,0.0,0.4381443298969072
SDSS,4,1.0,0.0,0.0,0.8532110091743119,0.14678899082568808,13,3,0.0,0.4381443298969072
photometric,11,0.0,1.0,0.0,0.8532110091743119,0.14678899082568808,13,3,0.0,0.4381443298969072
system,6,0.0,1.0,0.0,0.8532110091743119,0.14678899082568808,13,3,0.0,0.4381443298969072
as,2,0.0,1.0,0.0,0.8532110091743119,0.14678899082568808,13,3,0.0,0.4381443298969072
described,9,0.0,1.0,0.0,0.8532110091743119,0.14678899082568808,13,3,0.0,0.4381443298969072
in,2,0.0,1.0,0.0,0.8532110091743119,0.14678899082568808,13,3,0.0,0.4381443298969072
Jordi,5,0.2,0.8,0.0,0.8532110091743119,0.14678899082568808,13,3,0.0,0.4381443298969072
et,2,0.0,1.0,0.0,0.8532110091743119,0.14678899082568808,13,3,0.0,0.4381443298969072
al.,3,0.0,0.6666666666666666,0.0,0.8532110091743119,0.14678899082568808,13,3,0.0,0.4381443298969072
lowell.edu/comet/dustphaseHM_table.txt,38,0.05263157894736842,0.8157894736842105,0.0,0.8532110091743119,0.14678899082568808,13,3,0.0,0.4381443298969072
MNRAS,5,1.0,0.0,0.0,0.1347517730496454,0.8652482269503546,4,1,0.6134020618556701,0.2731958762886598
"000,",4,0.0,0.0,0.75,0.1347517730496454,0.8652482269503546,4,1,0.6134020618556701,0.2731958762886598
1–10,4,0.0,0.0,0.75,0.1347517730496454,0.8652482269503546,4,1,0.6134020618556701,0.2731958762886598
(2021),6,0.0,0.0,0.6666666666666666,0.1347517730496454,0.8652482269503546,4,1,0.6134020618556701,0.2731958762886598
avr_spaces,10,0.0,0.9,0.0,1.0,0.0,1,1,0.05396751015307716,0.9484536082474226
6,1,0.0,0.0,1.0,0.6153846153846154,0.3846153846153846,5,4,0.0,0.865979381443299
Aravind,7,0.14285714285714285,0.8571428571428571,0.0,0.6153846153846154,0.3846153846153846,5,4,0.0,0.865979381443299
K.,2,0.5,0.0,0.0,0.6153846153846154,0.3846153846153846,5,4,0.0,0.865979381443299
et,2,0.0,1.0,0.0,0.6153846153846154,0.3846153846153846,5,4,0.0,0.865979381443299
"al.,",4,0.0,0.5,0.0,0.6153846153846154,0.3846153846153846,5,4,0.0,0.865979381443299
Table,5,0.2,0.8,0.0,0.8705882352941177,0.12941176470588234,12,1,0.0,0.5618556701030928
2.,2,0.0,0.0,0.5,0.8705882352941177,0.12941176470588234,12,1,0.0,0.5618556701030928
Gas,3,0.3333333333333333,0.6666666666666666,0.0,0.8705882352941177,0.12941176470588234,12,1,0.0,0.5618556701030928
production,10,0.0,1.0,0.0,0.8705882352941177,0.12941176470588234,12,1,0.0,0.5618556701030928
rates,5,0.0,1.0,0.0,0.8705882352941177,0.12941176470588234,12,1,0.0,0.5618556701030928
of,2,0.0,1.0,0.0,0.8705882352941177,0.12941176470588234,12,1,0.0,0.5618556701030928
comet,5,0.0,1.0,0.0,0.8705882352941177,0.12941176470588234,12,1,0.0,0.5618556701030928
2I/Borisov,10,0.2,0.6,0.1,0.8705882352941177,0.12941176470588234,12,1,0.0,0.5618556701030928
at,2,0.0,1.0,0.0,0.8705882352941177,0.12941176470588234,12,1,0.0,0.5618556701030928
different,9,0.0,1.0,0.0,0.8705882352941177,0.12941176470588234,12,1,0.0,0.5618556701030928
heliocentric,12,0.0,1.0,0.0,0.8705882352941177,0.12941176470588234,12,1,0.0,0.5618556701030928
distances,9,0.0,1.0,0.0,0.8705882352941177,0.12941176470588234,12,1,0.0,0.5618556701030928
Date,4,0.25,0.75,0.0,0.4866666666666667,0.5133333333333333,14,28,0.07731958762886598,0.22680412371134018
Exposure,8,0.125,0.875,0.0,0.4866666666666667,0.5133333333333333,14,28,0.07731958762886598,0.22680412371134018
rH,2,0.5,0.5,0.0,0.4866666666666667,0.5133333333333333,14,28,0.07731958762886598,0.22680412371134018
∆,1,0.0,0.0,0.0,0.4866666666666667,0.5133333333333333,14,28,0.07731958762886598,0.22680412371134018
Production,10,0.1,0.9,0.0,0.4866666666666667,0.5133333333333333,14,28,0.07731958762886598,0.22680412371134018
Rate,4,0.25,0.75,0.0,0.4866666666666667,0.5133333333333333,14,28,0.07731958762886598,0.22680412371134018
(molec/sec),11,0.0,0.7272727272727273,0.0,0.4866666666666667,0.5133333333333333,14,28,0.07731958762886598,0.22680412371134018
Production,10,0.1,0.9,0.0,0.4866666666666667,0.5133333333333333,14,28,0.07731958762886598,0.22680412371134018
rate,4,0.0,1.0,0.0,0.4866666666666667,0.5133333333333333,14,28,0.07731958762886598,0.22680412371134018
ratio,5,0.0,1.0,0.0,0.4866666666666667,0.5133333333333333,14,28,0.07731958762886598,0.22680412371134018
Dust,4,0.25,0.75,0.0,0.4866666666666667,0.5133333333333333,14,28,0.07731958762886598,0.22680412371134018
to,2,0.0,1.0,0.0,0.4866666666666667,0.5133333333333333,14,28,0.07731958762886598,0.22680412371134018
gas,3,0.0,1.0,0.0,0.4866666666666667,0.5133333333333333,14,28,0.07731958762886598,0.22680412371134018
ratio,5,0.0,1.0,0.0,0.4866666666666667,0.5133333333333333,14,28,0.07731958762886598,0.22680412371134018
[UT],4,0.5,0.0,0.0,0.3618421052631579,0.638157894736842,16,37,0.07731958762886598,0.21649484536082475
[s],3,0.0,0.3333333333333333,0.0,0.3618421052631579,0.638157894736842,16,37,0.07731958762886598,0.21649484536082475
[AU],4,0.5,0.0,0.0,0.3618421052631579,0.638157894736842,16,37,0.07731958762886598,0.21649484536082475
[AU],4,0.5,0.0,0.0,0.3618421052631579,0.638157894736842,16,37,0.07731958762886598,0.21649484536082475
CN,2,1.0,0.0,0.0,0.3618421052631579,0.638157894736842,16,37,0.07731958762886598,0.21649484536082475
C2,2,0.5,0.0,0.5,0.3618421052631579,0.638157894736842,16,37,0.07731958762886598,0.21649484536082475
(∆ν,3,0.0,0.3333333333333333,0.0,0.3618421052631579,0.638157894736842,16,37,0.07731958762886598,0.21649484536082475
=,1,0.0,0.0,0.0,0.3618421052631579,0.638157894736842,16,37,0.07731958762886598,0.21649484536082475
0),2,0.0,0.0,0.5,0.3618421052631579,0.638157894736842,16,37,0.07731958762886598,0.21649484536082475
C3,2,0.5,0.0,0.5,0.3618421052631579,0.638157894736842,16,37,0.07731958762886598,0.21649484536082475
Q(C2,4,0.5,0.0,0.25,0.3618421052631579,0.638157894736842,16,37,0.07731958762886598,0.21649484536082475
)/Q(CN),7,0.42857142857142855,0.0,0.0,0.3618421052631579,0.638157894736842,16,37,0.07731958762886598,0.21649484536082475
log[(A,6,0.16666666666666666,0.5,0.0,0.3618421052631579,0.638157894736842,16,37,0.07731958762886598,0.21649484536082475
f,1,0.0,1.0,0.0,0.3618421052631579,0.638157894736842,16,37,0.07731958762886598,0.21649484536082475
ρ)R,3,0.3333333333333333,0.3333333333333333,0.0,0.3618421052631579,0.638157894736842,16,37,0.07731958762886598,0.21649484536082475
/Q(CN)],7,0.42857142857142855,0.0,0.0,0.3618421052631579,0.638157894736842,16,37,0.07731958762886598,0.21649484536082475
×1024,5,0.0,0.0,0.8,0.15306122448979592,0.846938775510204,3,11,0.31958762886597936,0.4948453608247423
×1024,5,0.0,0.0,0.8,0.15306122448979592,0.846938775510204,3,11,0.31958762886597936,0.4948453608247423
×1023,5,0.0,0.0,0.8,0.15306122448979592,0.846938775510204,3,11,0.31958762886597936,0.4948453608247423
2019-11-30.96,13,0.0,0.0,0.7692307692307693,0.5,0.5,19,26,0.05670103092783505,0.23711340206185572
1800,4,0.0,0.0,1.0,0.5,0.5,19,26,0.05670103092783505,0.23711340206185572
2.013,5,0.0,0.0,0.8,0.5,0.5,19,26,0.05670103092783505,0.23711340206185572
2.049,5,0.0,0.0,0.8,0.5,0.5,19,26,0.05670103092783505,0.23711340206185572
3.36,4,0.0,0.0,0.75,0.5,0.5,19,26,0.05670103092783505,0.23711340206185572
±,1,0.0,0.0,0.0,0.5,0.5,19,26,0.05670103092783505,0.23711340206185572
0.25,4,0.0,0.0,0.75,0.5,0.5,19,26,0.05670103092783505,0.23711340206185572
1.82,4,0.0,0.0,0.75,0.5,0.5,19,26,0.05670103092783505,0.23711340206185572
±,1,0.0,0.0,0.0,0.5,0.5,19,26,0.05670103092783505,0.23711340206185572
0.60,4,0.0,0.0,0.75,0.5,0.5,19,26,0.05670103092783505,0.23711340206185572
1.97,4,0.0,0.0,0.75,0.5,0.5,19,26,0.05670103092783505,0.23711340206185572
±,1,0.0,0.0,0.0,0.5,0.5,19,26,0.05670103092783505,0.23711340206185572
0.52,4,0.0,0.0,0.75,0.5,0.5,19,26,0.05670103092783505,0.23711340206185572
0.54,4,0.0,0.0,0.75,0.5,0.5,19,26,0.05670103092783505,0.23711340206185572
±,1,0.0,0.0,0.0,0.5,0.5,19,26,0.05670103092783505,0.23711340206185572
0.18,4,0.0,0.0,0.75,0.5,0.5,19,26,0.05670103092783505,0.23711340206185572
-22.24,6,0.0,0.0,0.6666666666666666,0.5,0.5,19,26,0.05670103092783505,0.23711340206185572
±,1,0.0,0.0,0.0,0.5,0.5,19,26,0.05670103092783505,0.23711340206185572
0.12,4,0.0,0.0,0.75,0.5,0.5,19,26,0.05670103092783505,0.23711340206185572
2019-12-22.965,14,0.0,0.0,0.7857142857142857,0.5,0.5,19,26,0.05154639175257732,0.23711340206185572
1800,4,0.0,0.0,1.0,0.5,0.5,19,26,0.05154639175257732,0.23711340206185572
2.031,5,0.0,0.0,0.8,0.5,0.5,19,26,0.05154639175257732,0.23711340206185572
1.94,4,0.0,0.0,0.75,0.5,0.5,19,26,0.05154639175257732,0.23711340206185572
6.68,4,0.0,0.0,0.75,0.5,0.5,19,26,0.05154639175257732,0.23711340206185572
±,1,0.0,0.0,0.0,0.5,0.5,19,26,0.05154639175257732,0.23711340206185572
0.27,4,0.0,0.0,0.75,0.5,0.5,19,26,0.05154639175257732,0.23711340206185572
2.30,4,0.0,0.0,0.75,0.5,0.5,19,26,0.05154639175257732,0.23711340206185572
±,1,0.0,0.0,0.0,0.5,0.5,19,26,0.05154639175257732,0.23711340206185572
0.82,4,0.0,0.0,0.75,0.5,0.5,19,26,0.05154639175257732,0.23711340206185572
7.14,4,0.0,0.0,0.75,0.5,0.5,19,26,0.05154639175257732,0.23711340206185572
±,1,0.0,0.0,0.0,0.5,0.5,19,26,0.05154639175257732,0.23711340206185572
0.74,4,0.0,0.0,0.75,0.5,0.5,19,26,0.05154639175257732,0.23711340206185572
0.34,4,0.0,0.0,0.75,0.5,0.5,19,26,0.05154639175257732,0.23711340206185572
±,1,0.0,0.0,0.0,0.5,0.5,19,26,0.05154639175257732,0.23711340206185572
0.12,4,0.0,0.0,0.75,0.5,0.5,19,26,0.05154639175257732,0.23711340206185572
-22.57,6,0.0,0.0,0.6666666666666666,0.5,0.5,19,26,0.05154639175257732,0.23711340206185572
±,1,0.0,0.0,0.0,0.5,0.5,19,26,0.05154639175257732,0.23711340206185572
0.12,4,0.0,0.0,0.75,0.5,0.5,19,26,0.05154639175257732,0.23711340206185572
Table,5,0.2,0.8,0.0,0.8523489932885906,0.1476510067114094,23,1,0.0,0.2319587628865979
3.,2,0.0,0.0,0.5,0.8523489932885906,0.1476510067114094,23,1,0.0,0.2319587628865979
Apparent,8,0.125,0.875,0.0,0.8523489932885906,0.1476510067114094,23,1,0.0,0.2319587628865979
magnitude,9,0.0,1.0,0.0,0.8523489932885906,0.1476510067114094,23,1,0.0,0.2319587628865979
"(m),",4,0.0,0.25,0.0,0.8523489932885906,0.1476510067114094,23,1,0.0,0.2319587628865979
absolute,8,0.0,1.0,0.0,0.8523489932885906,0.1476510067114094,23,1,0.0,0.2319587628865979
magnitude,9,0.0,1.0,0.0,0.8523489932885906,0.1476510067114094,23,1,0.0,0.2319587628865979
"(H),",4,0.25,0.0,0.0,0.8523489932885906,0.1476510067114094,23,1,0.0,0.2319587628865979
effective,9,0.0,1.0,0.0,0.8523489932885906,0.1476510067114094,23,1,0.0,0.2319587628865979
scattering,10,0.0,1.0,0.0,0.8523489932885906,0.1476510067114094,23,1,0.0,0.2319587628865979
cross,5,0.0,1.0,0.0,0.8523489932885906,0.1476510067114094,23,1,0.0,0.2319587628865979
section,7,0.0,1.0,0.0,0.8523489932885906,0.1476510067114094,23,1,0.0,0.2319587628865979
(Ce,3,0.3333333333333333,0.3333333333333333,0.0,0.8523489932885906,0.1476510067114094,23,1,0.0,0.2319587628865979
),1,0.0,0.0,0.0,0.8523489932885906,0.1476510067114094,23,1,0.0,0.2319587628865979
and,3,0.0,1.0,0.0,0.8523489932885906,0.1476510067114094,23,1,0.0,0.2319587628865979
A,1,1.0,0.0,0.0,0.8523489932885906,0.1476510067114094,23,1,0.0,0.2319587628865979
f,1,0.0,1.0,0.0,0.8523489932885906,0.1476510067114094,23,1,0.0,0.2319587628865979
ρ,1,0.0,1.0,0.0,0.8523489932885906,0.1476510067114094,23,1,0.0,0.2319587628865979
computed,8,0.0,1.0,0.0,0.8523489932885906,0.1476510067114094,23,1,0.0,0.2319587628865979
for,3,0.0,1.0,0.0,0.8523489932885906,0.1476510067114094,23,1,0.0,0.2319587628865979
various,7,0.0,1.0,0.0,0.8523489932885906,0.1476510067114094,23,1,0.0,0.2319587628865979
observational,13,0.0,1.0,0.0,0.8523489932885906,0.1476510067114094,23,1,0.0,0.2319587628865979
epochs,6,0.0,1.0,0.0,0.8523489932885906,0.1476510067114094,23,1,0.0,0.2319587628865979
Date,4,0.25,0.75,0.0,0.09420289855072464,0.9057971014492754,6,56,0.061855670103092786,0.28865979381443296
ma,2,0.0,1.0,0.0,0.09420289855072464,0.9057971014492754,6,56,0.061855670103092786,0.28865979381443296
A,1,1.0,0.0,0.0,0.09420289855072464,0.9057971014492754,6,56,0.061855670103092786,0.28865979381443296
f,1,0.0,1.0,0.0,0.09420289855072464,0.9057971014492754,6,56,0.061855670103092786,0.28865979381443296
ρ,1,0.0,1.0,0.0,0.09420289855072464,0.9057971014492754,6,56,0.061855670103092786,0.28865979381443296
[cm],4,0.0,0.5,0.0,0.09420289855072464,0.9057971014492754,6,56,0.061855670103092786,0.28865979381443296
HbR,3,0.6666666666666666,0.3333333333333333,0.0,0.09090909090909091,0.9090909090909091,4,5,0.4639175257731959,0.4329896907216495
Ce,2,0.5,0.5,0.0,0.09090909090909091,0.9090909090909091,4,5,0.4639175257731959,0.4329896907216495
[Km2,4,0.25,0.25,0.25,0.09090909090909091,0.9090909090909091,4,5,0.4639175257731959,0.4329896907216495
],1,0.0,0.0,0.0,0.09090909090909091,0.9090909090909091,4,5,0.4639175257731959,0.4329896907216495
[UT],4,0.5,0.0,0.0,0.07947019867549669,0.9205298013245033,9,62,0.061855670103092786,0.22164948453608246
B,1,1.0,0.0,0.0,0.07947019867549669,0.9205298013245033,9,62,0.061855670103092786,0.22164948453608246
V,1,1.0,0.0,0.0,0.07947019867549669,0.9205298013245033,9,62,0.061855670103092786,0.22164948453608246
R,1,1.0,0.0,0.0,0.07947019867549669,0.9205298013245033,9,62,0.061855670103092786,0.22164948453608246
I,1,1.0,0.0,0.0,0.07947019867549669,0.9205298013245033,9,62,0.061855670103092786,0.22164948453608246
B,1,1.0,0.0,0.0,0.07947019867549669,0.9205298013245033,9,62,0.061855670103092786,0.22164948453608246
V,1,1.0,0.0,0.0,0.07947019867549669,0.9205298013245033,9,62,0.061855670103092786,0.22164948453608246
R,1,1.0,0.0,0.0,0.07947019867549669,0.9205298013245033,9,62,0.061855670103092786,0.22164948453608246
I,1,1.0,0.0,0.0,0.07947019867549669,0.9205298013245033,9,62,0.061855670103092786,0.22164948453608246
2019-11-30,10,0.0,0.0,0.8,0.5584415584415584,0.4415584415584416,31,19,0.041237113402061855,0.20618556701030932
17.41,5,0.0,0.0,0.8,0.5584415584415584,0.4415584415584416,31,19,0.041237113402061855,0.20618556701030932
±,1,0.0,0.0,0.0,0.5584415584415584,0.4415584415584416,31,19,0.041237113402061855,0.20618556701030932
0.08,4,0.0,0.0,0.75,0.5584415584415584,0.4415584415584416,31,19,0.041237113402061855,0.20618556701030932
16.59,5,0.0,0.0,0.8,0.5584415584415584,0.4415584415584416,31,19,0.041237113402061855,0.20618556701030932
±,1,0.0,0.0,0.0,0.5584415584415584,0.4415584415584416,31,19,0.041237113402061855,0.20618556701030932
0.07,4,0.0,0.0,0.75,0.5584415584415584,0.4415584415584416,31,19,0.041237113402061855,0.20618556701030932
16.16,5,0.0,0.0,0.8,0.5584415584415584,0.4415584415584416,31,19,0.041237113402061855,0.20618556701030932
±,1,0.0,0.0,0.0,0.5584415584415584,0.4415584415584416,31,19,0.041237113402061855,0.20618556701030932
0.10,4,0.0,0.0,0.75,0.5584415584415584,0.4415584415584416,31,19,0.041237113402061855,0.20618556701030932
15.64,5,0.0,0.0,0.8,0.5584415584415584,0.4415584415584416,31,19,0.041237113402061855,0.20618556701030932
±,1,0.0,0.0,0.0,0.5584415584415584,0.4415584415584416,31,19,0.041237113402061855,0.20618556701030932
0.06,4,0.0,0.0,0.75,0.5584415584415584,0.4415584415584416,31,19,0.041237113402061855,0.20618556701030932
12.16,5,0.0,0.0,0.8,0.5584415584415584,0.4415584415584416,31,19,0.041237113402061855,0.20618556701030932
±,1,0.0,0.0,0.0,0.5584415584415584,0.4415584415584416,31,19,0.041237113402061855,0.20618556701030932
0.07,4,0.0,0.0,0.75,0.5584415584415584,0.4415584415584416,31,19,0.041237113402061855,0.20618556701030932
157,3,0.0,0.0,1.0,0.5584415584415584,0.4415584415584416,31,19,0.041237113402061855,0.20618556701030932
±,1,0.0,0.0,0.0,0.5584415584415584,0.4415584415584416,31,19,0.041237113402061855,0.20618556701030932
12,2,0.0,0.0,1.0,0.5584415584415584,0.4415584415584416,31,19,0.041237113402061855,0.20618556701030932
107,3,0.0,0.0,1.0,0.5584415584415584,0.4415584415584416,31,19,0.041237113402061855,0.20618556701030932
±,1,0.0,0.0,0.0,0.5584415584415584,0.4415584415584416,31,19,0.041237113402061855,0.20618556701030932
3,1,0.0,0.0,1.0,0.5584415584415584,0.4415584415584416,31,19,0.041237113402061855,0.20618556701030932
110,3,0.0,0.0,1.0,0.5584415584415584,0.4415584415584416,31,19,0.041237113402061855,0.20618556701030932
±,1,0.0,0.0,0.0,0.5584415584415584,0.4415584415584416,31,19,0.041237113402061855,0.20618556701030932
3,1,0.0,0.0,1.0,0.5584415584415584,0.4415584415584416,31,19,0.041237113402061855,0.20618556701030932
120,3,0.0,0.0,1.0,0.5584415584415584,0.4415584415584416,31,19,0.041237113402061855,0.20618556701030932
±,1,0.0,0.0,0.0,0.5584415584415584,0.4415584415584416,31,19,0.041237113402061855,0.20618556701030932
4,1,0.0,0.0,1.0,0.5584415584415584,0.4415584415584416,31,19,0.041237113402061855,0.20618556701030932
138,3,0.0,0.0,1.0,0.5584415584415584,0.4415584415584416,31,19,0.041237113402061855,0.20618556701030932
±,1,0.0,0.0,0.0,0.5584415584415584,0.4415584415584416,31,19,0.041237113402061855,0.20618556701030932
5,1,0.0,0.0,1.0,0.5584415584415584,0.4415584415584416,31,19,0.041237113402061855,0.20618556701030932
2019-12-22,10,0.0,0.0,0.8,0.5324675324675324,0.4675324675324676,31,21,0.041237113402061855,0.20618556701030932
17.62,5,0.0,0.0,0.8,0.5324675324675324,0.4675324675324676,31,21,0.041237113402061855,0.20618556701030932
±,1,0.0,0.0,0.0,0.5324675324675324,0.4675324675324676,31,21,0.041237113402061855,0.20618556701030932
0.08,4,0.0,0.0,0.75,0.5324675324675324,0.4675324675324676,31,21,0.041237113402061855,0.20618556701030932
16.86,5,0.0,0.0,0.8,0.5324675324675324,0.4675324675324676,31,21,0.041237113402061855,0.20618556701030932
±,1,0.0,0.0,0.0,0.5324675324675324,0.4675324675324676,31,21,0.041237113402061855,0.20618556701030932
0.07,4,0.0,0.0,0.75,0.5324675324675324,0.4675324675324676,31,21,0.041237113402061855,0.20618556701030932
16.31,5,0.0,0.0,0.8,0.5324675324675324,0.4675324675324676,31,21,0.041237113402061855,0.20618556701030932
±,1,0.0,0.0,0.0,0.5324675324675324,0.4675324675324676,31,21,0.041237113402061855,0.20618556701030932
0.09,4,0.0,0.0,0.75,0.5324675324675324,0.4675324675324676,31,21,0.041237113402061855,0.20618556701030932
15.79,5,0.0,0.0,0.8,0.5324675324675324,0.4675324675324676,31,21,0.041237113402061855,0.20618556701030932
±,1,0.0,0.0,0.0,0.5324675324675324,0.4675324675324676,31,21,0.041237113402061855,0.20618556701030932
0.06,4,0.0,0.0,0.75,0.5324675324675324,0.4675324675324676,31,21,0.041237113402061855,0.20618556701030932
12.39,5,0.0,0.0,0.8,0.5324675324675324,0.4675324675324676,31,21,0.041237113402061855,0.20618556701030932
±,1,0.0,0.0,0.0,0.5324675324675324,0.4675324675324676,31,21,0.041237113402061855,0.20618556701030932
0.06,4,0.0,0.0,0.75,0.5324675324675324,0.4675324675324676,31,21,0.041237113402061855,0.20618556701030932
127,3,0.0,0.0,1.0,0.5324675324675324,0.4675324675324676,31,21,0.041237113402061855,0.20618556701030932
±,1,0.0,0.0,0.0,0.5324675324675324,0.4675324675324676,31,21,0.041237113402061855,0.20618556701030932
9,1,0.0,0.0,1.0,0.5324675324675324,0.4675324675324676,31,21,0.041237113402061855,0.20618556701030932
80,2,0.0,0.0,1.0,0.5324675324675324,0.4675324675324676,31,21,0.041237113402061855,0.20618556701030932
±,1,0.0,0.0,0.0,0.5324675324675324,0.4675324675324676,31,21,0.041237113402061855,0.20618556701030932
2,1,0.0,0.0,1.0,0.5324675324675324,0.4675324675324676,31,21,0.041237113402061855,0.20618556701030932
87,2,0.0,0.0,1.0,0.5324675324675324,0.4675324675324676,31,21,0.041237113402061855,0.20618556701030932
±,1,0.0,0.0,0.0,0.5324675324675324,0.4675324675324676,31,21,0.041237113402061855,0.20618556701030932
3,1,0.0,0.0,1.0,0.5324675324675324,0.4675324675324676,31,21,0.041237113402061855,0.20618556701030932
97,2,0.0,0.0,1.0,0.5324675324675324,0.4675324675324676,31,21,0.041237113402061855,0.20618556701030932
±,1,0.0,0.0,0.0,0.5324675324675324,0.4675324675324676,31,21,0.041237113402061855,0.20618556701030932
3,1,0.0,0.0,1.0,0.5324675324675324,0.4675324675324676,31,21,0.041237113402061855,0.20618556701030932
124,3,0.0,0.0,1.0,0.5324675324675324,0.4675324675324676,31,21,0.041237113402061855,0.20618556701030932
±,1,0.0,0.0,0.0,0.5324675324675324,0.4675324675324676,31,21,0.041237113402061855,0.20618556701030932
5,1,0.0,0.0,1.0,0.5324675324675324,0.4675324675324676,31,21,0.041237113402061855,0.20618556701030932
2019-12-24,10,0.0,0.0,0.8,0.38311688311688313,0.6168831168831168,22,37,0.041237113402061855,0.20618556701030932
−,1,0.0,0.0,0.0,0.38311688311688313,0.6168831168831168,22,37,0.041237113402061855,0.20618556701030932
−,1,0.0,0.0,0.0,0.38311688311688313,0.6168831168831168,22,37,0.041237113402061855,0.20618556701030932
16.37,5,0.0,0.0,0.8,0.38311688311688313,0.6168831168831168,22,37,0.041237113402061855,0.20618556701030932
±,1,0.0,0.0,0.0,0.38311688311688313,0.6168831168831168,22,37,0.041237113402061855,0.20618556701030932
0.14,4,0.0,0.0,0.75,0.38311688311688313,0.6168831168831168,22,37,0.041237113402061855,0.20618556701030932
15.81,5,0.0,0.0,0.8,0.38311688311688313,0.6168831168831168,22,37,0.041237113402061855,0.20618556701030932
±,1,0.0,0.0,0.0,0.38311688311688313,0.6168831168831168,22,37,0.041237113402061855,0.20618556701030932
0.07,4,0.0,0.0,0.75,0.38311688311688313,0.6168831168831168,22,37,0.041237113402061855,0.20618556701030932
12.46,5,0.0,0.0,0.8,0.38311688311688313,0.6168831168831168,22,37,0.041237113402061855,0.20618556701030932
±,1,0.0,0.0,0.0,0.38311688311688313,0.6168831168831168,22,37,0.041237113402061855,0.20618556701030932
0.10,4,0.0,0.0,0.75,0.38311688311688313,0.6168831168831168,22,37,0.041237113402061855,0.20618556701030932
118±,4,0.0,0.0,0.75,0.38311688311688313,0.6168831168831168,22,37,0.041237113402061855,0.20618556701030932
13,2,0.0,0.0,1.0,0.38311688311688313,0.6168831168831168,22,37,0.041237113402061855,0.20618556701030932
−,1,0.0,0.0,0.0,0.38311688311688313,0.6168831168831168,22,37,0.041237113402061855,0.20618556701030932
−,1,0.0,0.0,0.0,0.38311688311688313,0.6168831168831168,22,37,0.041237113402061855,0.20618556701030932
94,2,0.0,0.0,1.0,0.38311688311688313,0.6168831168831168,22,37,0.041237113402061855,0.20618556701030932
±,1,0.0,0.0,0.0,0.38311688311688313,0.6168831168831168,22,37,0.041237113402061855,0.20618556701030932
2,1,0.0,0.0,1.0,0.38311688311688313,0.6168831168831168,22,37,0.041237113402061855,0.20618556701030932
120,3,0.0,0.0,1.0,0.38311688311688313,0.6168831168831168,22,37,0.041237113402061855,0.20618556701030932
±,1,0.0,0.0,0.0,0.38311688311688313,0.6168831168831168,22,37,0.041237113402061855,0.20618556701030932
3,1,0.0,0.0,1.0,0.38311688311688313,0.6168831168831168,22,37,0.041237113402061855,0.20618556701030932
2019-12-25,10,0.0,0.0,0.8,0.45695364238410596,0.543046357615894,27,29,0.041237113402061855,0.22164948453608246
17.72,5,0.0,0.0,0.8,0.45695364238410596,0.543046357615894,27,29,0.041237113402061855,0.22164948453608246
±,1,0.0,0.0,0.0,0.45695364238410596,0.543046357615894,27,29,0.041237113402061855,0.22164948453608246
0.22,4,0.0,0.0,0.75,0.45695364238410596,0.543046357615894,27,29,0.041237113402061855,0.22164948453608246
16.9,4,0.0,0.0,0.75,0.45695364238410596,0.543046357615894,27,29,0.041237113402061855,0.22164948453608246
±,1,0.0,0.0,0.0,0.45695364238410596,0.543046357615894,27,29,0.041237113402061855,0.22164948453608246
0.17,4,0.0,0.0,0.75,0.45695364238410596,0.543046357615894,27,29,0.041237113402061855,0.22164948453608246
16.41,5,0.0,0.0,0.8,0.45695364238410596,0.543046357615894,27,29,0.041237113402061855,0.22164948453608246
±,1,0.0,0.0,0.0,0.45695364238410596,0.543046357615894,27,29,0.041237113402061855,0.22164948453608246
0.15,4,0.0,0.0,0.75,0.45695364238410596,0.543046357615894,27,29,0.041237113402061855,0.22164948453608246
−,1,0.0,0.0,0.0,0.45695364238410596,0.543046357615894,27,29,0.041237113402061855,0.22164948453608246
12.56,5,0.0,0.0,0.8,0.45695364238410596,0.543046357615894,27,29,0.041237113402061855,0.22164948453608246
±,1,0.0,0.0,0.0,0.45695364238410596,0.543046357615894,27,29,0.041237113402061855,0.22164948453608246
0.11,4,0.0,0.0,0.75,0.45695364238410596,0.543046357615894,27,29,0.041237113402061855,0.22164948453608246
108,3,0.0,0.0,1.0,0.45695364238410596,0.543046357615894,27,29,0.041237113402061855,0.22164948453608246
±,1,0.0,0.0,0.0,0.45695364238410596,0.543046357615894,27,29,0.041237113402061855,0.22164948453608246
12,2,0.0,0.0,1.0,0.45695364238410596,0.543046357615894,27,29,0.041237113402061855,0.22164948453608246
66,2,0.0,0.0,1.0,0.45695364238410596,0.543046357615894,27,29,0.041237113402061855,0.22164948453608246
±,1,0.0,0.0,0.0,0.45695364238410596,0.543046357615894,27,29,0.041237113402061855,0.22164948453608246
5,1,0.0,0.0,1.0,0.45695364238410596,0.543046357615894,27,29,0.041237113402061855,0.22164948453608246
86,2,0.0,0.0,1.0,0.45695364238410596,0.543046357615894,27,29,0.041237113402061855,0.22164948453608246
±,1,0.0,0.0,0.0,0.45695364238410596,0.543046357615894,27,29,0.041237113402061855,0.22164948453608246
2,1,0.0,0.0,1.0,0.45695364238410596,0.543046357615894,27,29,0.041237113402061855,0.22164948453608246
95,2,0.0,0.0,1.0,0.45695364238410596,0.543046357615894,27,29,0.041237113402061855,0.22164948453608246
±,1,0.0,0.0,0.0,0.45695364238410596,0.543046357615894,27,29,0.041237113402061855,0.22164948453608246
2,1,0.0,0.0,1.0,0.45695364238410596,0.543046357615894,27,29,0.041237113402061855,0.22164948453608246
−,1,0.0,0.0,0.0,0.45695364238410596,0.543046357615894,27,29,0.041237113402061855,0.22164948453608246
2019-12-27,10,0.0,0.0,0.8,0.304635761589404,0.695364238410596,19,43,0.041237113402061855,0.22164948453608246
−,1,0.0,0.0,0.0,0.304635761589404,0.695364238410596,19,43,0.041237113402061855,0.22164948453608246
−,1,0.0,0.0,0.0,0.304635761589404,0.695364238410596,19,43,0.041237113402061855,0.22164948453608246
16.44,5,0.0,0.0,0.8,0.304635761589404,0.695364238410596,19,43,0.041237113402061855,0.22164948453608246
±,1,0.0,0.0,0.0,0.304635761589404,0.695364238410596,19,43,0.041237113402061855,0.22164948453608246
0.14,4,0.0,0.0,0.75,0.304635761589404,0.695364238410596,19,43,0.041237113402061855,0.22164948453608246
−,1,0.0,0.0,0.0,0.304635761589404,0.695364238410596,19,43,0.041237113402061855,0.22164948453608246
12.58,5,0.0,0.0,0.8,0.304635761589404,0.695364238410596,19,43,0.041237113402061855,0.22164948453608246
±,1,0.0,0.0,0.0,0.304635761589404,0.695364238410596,19,43,0.041237113402061855,0.22164948453608246
0.10,4,0.0,0.0,0.75,0.304635761589404,0.695364238410596,19,43,0.041237113402061855,0.22164948453608246
106,3,0.0,0.0,1.0,0.304635761589404,0.695364238410596,19,43,0.041237113402061855,0.22164948453608246
±,1,0.0,0.0,0.0,0.304635761589404,0.695364238410596,19,43,0.041237113402061855,0.22164948453608246
11,2,0.0,0.0,1.0,0.304635761589404,0.695364238410596,19,43,0.041237113402061855,0.22164948453608246
−,1,0.0,0.0,0.0,0.304635761589404,0.695364238410596,19,43,0.041237113402061855,0.22164948453608246
−,1,0.0,0.0,0.0,0.304635761589404,0.695364238410596,19,43,0.041237113402061855,0.22164948453608246
94,2,0.0,0.0,1.0,0.304635761589404,0.695364238410596,19,43,0.041237113402061855,0.22164948453608246
±,1,0.0,0.0,0.0,0.304635761589404,0.695364238410596,19,43,0.041237113402061855,0.22164948453608246
2,1,0.0,0.0,1.0,0.304635761589404,0.695364238410596,19,43,0.041237113402061855,0.22164948453608246
−,1,0.0,0.0,0.0,0.304635761589404,0.695364238410596,19,43,0.041237113402061855,0.22164948453608246
a,1,0.0,1.0,0.0,0.75,0.25,20,1,0.041237113402061855,0.44329896907216493
An,2,0.5,0.5,0.0,0.75,0.25,20,1,0.041237113402061855,0.44329896907216493
aperture,8,0.0,1.0,0.0,0.75,0.25,20,1,0.041237113402061855,0.44329896907216493
size,4,0.0,1.0,0.0,0.75,0.25,20,1,0.041237113402061855,0.44329896907216493
of,2,0.0,1.0,0.0,0.75,0.25,20,1,0.041237113402061855,0.44329896907216493
"10,000",6,0.0,0.0,0.8333333333333334,0.75,0.25,20,1,0.041237113402061855,0.44329896907216493
Km,2,0.5,0.5,0.0,0.75,0.25,20,1,0.041237113402061855,0.44329896907216493
has,3,0.0,1.0,0.0,0.75,0.25,20,1,0.041237113402061855,0.44329896907216493
been,4,0.0,1.0,0.0,0.75,0.25,20,1,0.041237113402061855,0.44329896907216493
used,4,0.0,1.0,0.0,0.75,0.25,20,1,0.041237113402061855,0.44329896907216493
on,2,0.0,1.0,0.0,0.75,0.25,20,1,0.041237113402061855,0.44329896907216493
all,3,0.0,1.0,0.0,0.75,0.25,20,1,0.041237113402061855,0.44329896907216493
epochs,6,0.0,1.0,0.0,0.75,0.25,20,1,0.041237113402061855,0.44329896907216493
for,3,0.0,1.0,0.0,0.75,0.25,20,1,0.041237113402061855,0.44329896907216493
all,3,0.0,1.0,0.0,0.75,0.25,20,1,0.041237113402061855,0.44329896907216493
filters,7,0.0,1.0,0.0,0.75,0.25,20,1,0.041237113402061855,0.44329896907216493
to,2,0.0,1.0,0.0,0.75,0.25,20,1,0.041237113402061855,0.44329896907216493
compute,7,0.0,1.0,0.0,0.75,0.25,20,1,0.041237113402061855,0.44329896907216493
the,3,0.0,1.0,0.0,0.75,0.25,20,1,0.041237113402061855,0.44329896907216493
magnitude,9,0.0,1.0,0.0,0.75,0.25,20,1,0.041237113402061855,0.44329896907216493
b,1,0.0,1.0,0.0,0.7941176470588235,0.20588235294117652,14,1,0.041237113402061855,0.4742268041237113
Absolute,8,0.125,0.875,0.0,0.7941176470588235,0.20588235294117652,14,1,0.041237113402061855,0.4742268041237113
magnitude,9,0.0,1.0,0.0,0.7941176470588235,0.20588235294117652,14,1,0.041237113402061855,0.4742268041237113
computed,8,0.0,1.0,0.0,0.7941176470588235,0.20588235294117652,14,1,0.041237113402061855,0.4742268041237113
using,5,0.0,1.0,0.0,0.7941176470588235,0.20588235294117652,14,1,0.041237113402061855,0.4742268041237113
Eq.2,4,0.25,0.25,0.25,0.7941176470588235,0.20588235294117652,14,1,0.041237113402061855,0.4742268041237113
from,4,0.0,1.0,0.0,0.7941176470588235,0.20588235294117652,14,1,0.041237113402061855,0.4742268041237113
the,3,0.0,1.0,0.0,0.7941176470588235,0.20588235294117652,14,1,0.041237113402061855,0.4742268041237113
corresponding,13,0.0,1.0,0.0,0.7941176470588235,0.20588235294117652,14,1,0.041237113402061855,0.4742268041237113
apparent,8,0.0,1.0,0.0,0.7941176470588235,0.20588235294117652,14,1,0.041237113402061855,0.4742268041237113
magnitude,9,0.0,1.0,0.0,0.7941176470588235,0.20588235294117652,14,1,0.041237113402061855,0.4742268041237113
in,2,0.0,1.0,0.0,0.7941176470588235,0.20588235294117652,14,1,0.041237113402061855,0.4742268041237113
R,1,1.0,0.0,0.0,0.7941176470588235,0.20588235294117652,14,1,0.041237113402061855,0.4742268041237113
filter,6,0.0,1.0,0.0,0.7941176470588235,0.20588235294117652,14,1,0.041237113402061855,0.4742268041237113
Figure,6,0.16666666666666666,0.8333333333333334,0.0,0.864516129032258,0.13548387096774195,22,1,0.0,0.2010309278350515
3.,2,0.0,0.0,0.5,0.864516129032258,0.13548387096774195,22,1,0.0,0.2010309278350515
Comparison,10,0.1,0.9,0.0,0.864516129032258,0.13548387096774195,22,1,0.0,0.2010309278350515
of,2,0.0,1.0,0.0,0.864516129032258,0.13548387096774195,22,1,0.0,0.2010309278350515
pre-perihelion,14,0.0,0.9285714285714286,0.0,0.864516129032258,0.13548387096774195,22,1,0.0,0.2010309278350515
production,10,0.0,1.0,0.0,0.864516129032258,0.13548387096774195,22,1,0.0,0.2010309278350515
rates,5,0.0,1.0,0.0,0.864516129032258,0.13548387096774195,22,1,0.0,0.2010309278350515
(measurements/upper,19,0.0,0.8947368421052632,0.0,0.864516129032258,0.13548387096774195,22,1,0.0,0.2010309278350515
limits),7,0.0,0.8571428571428571,0.0,0.864516129032258,0.13548387096774195,22,1,0.0,0.2010309278350515
of,2,0.0,1.0,0.0,0.864516129032258,0.13548387096774195,22,1,0.0,0.2010309278350515
CN,2,1.0,0.0,0.0,0.864516129032258,0.13548387096774195,22,1,0.0,0.2010309278350515
(upper,6,0.0,0.8333333333333334,0.0,0.864516129032258,0.13548387096774195,22,1,0.0,0.2010309278350515
"panel),",7,0.0,0.7142857142857143,0.0,0.864516129032258,0.13548387096774195,22,1,0.0,0.2010309278350515
C2,2,0.5,0.0,0.5,0.864516129032258,0.13548387096774195,22,1,0.0,0.2010309278350515
(middle,7,0.0,0.8571428571428571,0.0,0.864516129032258,0.13548387096774195,22,1,0.0,0.2010309278350515
panel),6,0.0,0.8333333333333334,0.0,0.864516129032258,0.13548387096774195,22,1,0.0,0.2010309278350515
and,3,0.0,1.0,0.0,0.864516129032258,0.13548387096774195,22,1,0.0,0.2010309278350515
C3,2,0.5,0.0,0.5,0.864516129032258,0.13548387096774195,22,1,0.0,0.2010309278350515
(lower,6,0.0,0.8333333333333334,0.0,0.864516129032258,0.13548387096774195,22,1,0.0,0.2010309278350515
panel),6,0.0,0.8333333333333334,0.0,0.864516129032258,0.13548387096774195,22,1,0.0,0.2010309278350515
reported,8,0.0,1.0,0.0,0.864516129032258,0.13548387096774195,22,1,0.0,0.2010309278350515
in,2,0.0,1.0,0.0,0.864516129032258,0.13548387096774195,22,1,0.0,0.2010309278350515
Fitzsimmons,11,0.09090909090909091,0.9090909090909091,0.0,0.8136645962732919,0.1863354037267081,31,1,0.0,0.1701030927835051
et,2,0.0,1.0,0.0,0.8136645962732919,0.1863354037267081,31,1,0.0,0.1701030927835051
al.,3,0.0,0.6666666666666666,0.0,0.8136645962732919,0.1863354037267081,31,1,0.0,0.1701030927835051
"(2019),",7,0.0,0.0,0.5714285714285714,0.8136645962732919,0.1863354037267081,31,1,0.0,0.1701030927835051
Opitom,6,0.16666666666666666,0.8333333333333334,0.0,0.8136645962732919,0.1863354037267081,31,1,0.0,0.1701030927835051
et,2,0.0,1.0,0.0,0.8136645962732919,0.1863354037267081,31,1,0.0,0.1701030927835051
al.,3,0.0,0.6666666666666666,0.0,0.8136645962732919,0.1863354037267081,31,1,0.0,0.1701030927835051
"(2019),",7,0.0,0.0,0.5714285714285714,0.8136645962732919,0.1863354037267081,31,1,0.0,0.1701030927835051
Kareta,6,0.16666666666666666,0.8333333333333334,0.0,0.8136645962732919,0.1863354037267081,31,1,0.0,0.1701030927835051
et,2,0.0,1.0,0.0,0.8136645962732919,0.1863354037267081,31,1,0.0,0.1701030927835051
al.,3,0.0,0.6666666666666666,0.0,0.8136645962732919,0.1863354037267081,31,1,0.0,0.1701030927835051
"(2020),",7,0.0,0.0,0.5714285714285714,0.8136645962732919,0.1863354037267081,31,1,0.0,0.1701030927835051
de,2,0.0,1.0,0.0,0.8136645962732919,0.1863354037267081,31,1,0.0,0.1701030927835051
León,4,0.25,0.75,0.0,0.8136645962732919,0.1863354037267081,31,1,0.0,0.1701030927835051
et,2,0.0,1.0,0.0,0.8136645962732919,0.1863354037267081,31,1,0.0,0.1701030927835051
al.,3,0.0,0.6666666666666666,0.0,0.8136645962732919,0.1863354037267081,31,1,0.0,0.1701030927835051
"(2020),",7,0.0,0.0,0.5714285714285714,0.8136645962732919,0.1863354037267081,31,1,0.0,0.1701030927835051
Lin,3,0.3333333333333333,0.6666666666666666,0.0,0.8136645962732919,0.1863354037267081,31,1,0.0,0.1701030927835051
et,2,0.0,1.0,0.0,0.8136645962732919,0.1863354037267081,31,1,0.0,0.1701030927835051
al.,3,0.0,0.6666666666666666,0.0,0.8136645962732919,0.1863354037267081,31,1,0.0,0.1701030927835051
(2020),6,0.0,0.0,0.6666666666666666,0.8136645962732919,0.1863354037267081,31,1,0.0,0.1701030927835051
and,3,0.0,1.0,0.0,0.8136645962732919,0.1863354037267081,31,1,0.0,0.1701030927835051
Bannister,9,0.1111111111111111,0.8888888888888888,0.0,0.8136645962732919,0.1863354037267081,31,1,0.0,0.1701030927835051
et,2,0.0,1.0,0.0,0.8136645962732919,0.1863354037267081,31,1,0.0,0.1701030927835051
al.,3,0.0,0.6666666666666666,0.0,0.8136645962732919,0.1863354037267081,31,1,0.0,0.1701030927835051
(2020),6,0.0,0.0,0.6666666666666666,0.8136645962732919,0.1863354037267081,31,1,0.0,0.1701030927835051
with,4,0.0,1.0,0.0,0.8136645962732919,0.1863354037267081,31,1,0.0,0.1701030927835051
the,3,0.0,1.0,0.0,0.8136645962732919,0.1863354037267081,31,1,0.0,0.1701030927835051
pre,3,0.0,1.0,0.0,0.8136645962732919,0.1863354037267081,31,1,0.0,0.1701030927835051
and,3,0.0,1.0,0.0,0.8136645962732919,0.1863354037267081,31,1,0.0,0.1701030927835051
post,4,0.0,1.0,0.0,0.8136645962732919,0.1863354037267081,31,1,0.0,0.1701030927835051
perihelion,10,0.0,1.0,0.0,0.8591549295774648,0.14084507042253525,11,1,0.0,0.634020618556701
production,10,0.0,1.0,0.0,0.8591549295774648,0.14084507042253525,11,1,0.0,0.634020618556701
rates,5,0.0,1.0,0.0,0.8591549295774648,0.14084507042253525,11,1,0.0,0.634020618556701
of,2,0.0,1.0,0.0,0.8591549295774648,0.14084507042253525,11,1,0.0,0.634020618556701
same,4,0.0,1.0,0.0,0.8591549295774648,0.14084507042253525,11,1,0.0,0.634020618556701
molecules,9,0.0,1.0,0.0,0.8591549295774648,0.14084507042253525,11,1,0.0,0.634020618556701
as,2,0.0,1.0,0.0,0.8591549295774648,0.14084507042253525,11,1,0.0,0.634020618556701
computed,8,0.0,1.0,0.0,0.8591549295774648,0.14084507042253525,11,1,0.0,0.634020618556701
in,2,0.0,1.0,0.0,0.8591549295774648,0.14084507042253525,11,1,0.0,0.634020618556701
this,4,0.0,1.0,0.0,0.8591549295774648,0.14084507042253525,11,1,0.0,0.634020618556701
work.,5,0.0,0.8,0.0,0.8591549295774648,0.14084507042253525,11,1,0.0,0.634020618556701
as,2,0.0,1.0,0.0,0.6802721088435374,0.3197278911564626,31,10,0.0,0.24226804123711343
used,4,0.0,1.0,0.0,0.6802721088435374,0.3197278911564626,31,10,0.0,0.24226804123711343
in,2,0.0,1.0,0.0,0.6802721088435374,0.3197278911564626,31,10,0.0,0.24226804123711343
Jewitt,6,0.16666666666666666,0.8333333333333334,0.0,0.6802721088435374,0.3197278911564626,31,10,0.0,0.24226804123711343
&,1,0.0,0.0,0.0,0.6802721088435374,0.3197278911564626,31,10,0.0,0.24226804123711343
Luu,3,0.3333333333333333,0.6666666666666666,0.0,0.6802721088435374,0.3197278911564626,31,10,0.0,0.24226804123711343
"(2019),",7,0.0,0.0,0.5714285714285714,0.6802721088435374,0.3197278911564626,31,10,0.0,0.24226804123711343
Hui,3,0.3333333333333333,0.6666666666666666,0.0,0.6802721088435374,0.3197278911564626,31,10,0.0,0.24226804123711343
et,2,0.0,1.0,0.0,0.6802721088435374,0.3197278911564626,31,10,0.0,0.24226804123711343
al.,3,0.0,0.6666666666666666,0.0,0.6802721088435374,0.3197278911564626,31,10,0.0,0.24226804123711343
(2020),6,0.0,0.0,0.6666666666666666,0.6802721088435374,0.3197278911564626,31,10,0.0,0.24226804123711343
and,3,0.0,1.0,0.0,0.6802721088435374,0.3197278911564626,31,10,0.0,0.24226804123711343
Bolin,5,0.2,0.8,0.0,0.6802721088435374,0.3197278911564626,31,10,0.0,0.24226804123711343
et,2,0.0,1.0,0.0,0.6802721088435374,0.3197278911564626,31,10,0.0,0.24226804123711343
al.,3,0.0,0.6666666666666666,0.0,0.6802721088435374,0.3197278911564626,31,10,0.0,0.24226804123711343
(r),3,0.0,0.3333333333333333,0.0,0.6802721088435374,0.3197278911564626,31,10,0.0,0.24226804123711343
can,3,0.0,1.0,0.0,0.6802721088435374,0.3197278911564626,31,10,0.0,0.24226804123711343
be,2,0.0,1.0,0.0,0.6802721088435374,0.3197278911564626,31,10,0.0,0.24226804123711343
computed,8,0.0,1.0,0.0,0.6802721088435374,0.3197278911564626,31,10,0.0,0.24226804123711343
for,3,0.0,1.0,0.0,0.6802721088435374,0.3197278911564626,31,10,0.0,0.24226804123711343
Ce,2,0.5,0.5,0.0,0.6802721088435374,0.3197278911564626,31,10,0.0,0.24226804123711343
=,1,0.0,0.0,0.0,0.6802721088435374,0.3197278911564626,31,10,0.0,0.24226804123711343
123,3,0.0,0.0,1.0,0.6802721088435374,0.3197278911564626,31,10,0.0,0.24226804123711343
Km2,3,0.3333333333333333,0.3333333333333333,0.3333333333333333,0.6802721088435374,0.3197278911564626,31,10,0.0,0.24226804123711343
as,2,0.0,1.0,0.0,0.6802721088435374,0.3197278911564626,31,10,0.0,0.24226804123711343
r,1,0.0,1.0,0.0,0.6802721088435374,0.3197278911564626,31,10,0.0,0.24226804123711343
≤,1,0.0,0.0,0.0,0.6802721088435374,0.3197278911564626,31,10,0.0,0.24226804123711343
3.1,3,0.0,0.0,0.6666666666666666,0.6802721088435374,0.3197278911564626,31,10,0.0,0.24226804123711343
Km.,3,0.3333333333333333,0.3333333333333333,0.0,0.6802721088435374,0.3197278911564626,31,10,0.0,0.24226804123711343
This,4,0.25,0.75,0.0,0.6802721088435374,0.3197278911564626,31,10,0.0,0.24226804123711343
"value,",6,0.0,0.8333333333333334,0.0,0.6802721088435374,0.3197278911564626,31,10,0.0,0.24226804123711343
(2020).,7,0.0,0.0,0.5714285714285714,0.7697368421052632,0.23026315789473684,22,8,0.0,0.21649484536082475
Figure,6,0.16666666666666666,0.8333333333333334,0.0,0.7697368421052632,0.23026315789473684,22,8,0.0,0.21649484536082475
5,1,0.0,0.0,1.0,0.7697368421052632,0.23026315789473684,22,8,0.0,0.21649484536082475
depicts,7,0.0,1.0,0.0,0.7697368421052632,0.23026315789473684,22,8,0.0,0.21649484536082475
the,3,0.0,1.0,0.0,0.7697368421052632,0.23026315789473684,22,8,0.0,0.21649484536082475
decreasing,10,0.0,1.0,0.0,0.7697368421052632,0.23026315789473684,22,8,0.0,0.21649484536082475
trend,5,0.0,1.0,0.0,0.7697368421052632,0.23026315789473684,22,8,0.0,0.21649484536082475
in,2,0.0,1.0,0.0,0.7697368421052632,0.23026315789473684,22,8,0.0,0.21649484536082475
the,3,0.0,1.0,0.0,0.7697368421052632,0.23026315789473684,22,8,0.0,0.21649484536082475
scattering,10,0.0,1.0,0.0,0.7697368421052632,0.23026315789473684,22,8,0.0,0.21649484536082475
cross,5,0.0,1.0,0.0,0.7697368421052632,0.23026315789473684,22,8,0.0,0.21649484536082475
in,2,0.0,1.0,0.0,0.7697368421052632,0.23026315789473684,22,8,0.0,0.21649484536082475
close,5,0.0,1.0,0.0,0.7697368421052632,0.23026315789473684,22,8,0.0,0.21649484536082475
agreement,9,0.0,1.0,0.0,0.7697368421052632,0.23026315789473684,22,8,0.0,0.21649484536082475
with,4,0.0,1.0,0.0,0.7697368421052632,0.23026315789473684,22,8,0.0,0.21649484536082475
the,3,0.0,1.0,0.0,0.7697368421052632,0.23026315789473684,22,8,0.0,0.21649484536082475
sizes,5,0.0,1.0,0.0,0.7697368421052632,0.23026315789473684,22,8,0.0,0.21649484536082475
reported,8,0.0,1.0,0.0,0.7697368421052632,0.23026315789473684,22,8,0.0,0.21649484536082475
by,2,0.0,1.0,0.0,0.7697368421052632,0.23026315789473684,22,8,0.0,0.21649484536082475
other,5,0.0,1.0,0.0,0.7697368421052632,0.23026315789473684,22,8,0.0,0.21649484536082475
groups,6,0.0,1.0,0.0,0.7697368421052632,0.23026315789473684,22,8,0.0,0.21649484536082475
(Fitzsim-,9,0.1111111111111111,0.6666666666666666,0.0,0.7697368421052632,0.23026315789473684,22,8,0.0,0.21649484536082475
section,7,0.0,1.0,0.0,0.7284768211920529,0.2715231788079471,30,7,0.0,0.22164948453608246
as,2,0.0,1.0,0.0,0.7284768211920529,0.2715231788079471,30,7,0.0,0.22164948453608246
a,1,0.0,1.0,0.0,0.7284768211920529,0.2715231788079471,30,7,0.0,0.22164948453608246
function,8,0.0,1.0,0.0,0.7284768211920529,0.2715231788079471,30,7,0.0,0.22164948453608246
of,2,0.0,1.0,0.0,0.7284768211920529,0.2715231788079471,30,7,0.0,0.22164948453608246
days,4,0.0,1.0,0.0,0.7284768211920529,0.2715231788079471,30,7,0.0,0.22164948453608246
in,2,0.0,1.0,0.0,0.7284768211920529,0.2715231788079471,30,7,0.0,0.22164948453608246
the,3,0.0,1.0,0.0,0.7284768211920529,0.2715231788079471,30,7,0.0,0.22164948453608246
year,4,0.0,1.0,0.0,0.7284768211920529,0.2715231788079471,30,7,0.0,0.22164948453608246
2019.,5,0.0,0.0,0.8,0.7284768211920529,0.2715231788079471,30,7,0.0,0.22164948453608246
The,3,0.3333333333333333,0.6666666666666666,0.0,0.7284768211920529,0.2715231788079471,30,7,0.0,0.22164948453608246
grey,4,0.0,1.0,0.0,0.7284768211920529,0.2715231788079471,30,7,0.0,0.22164948453608246
dashed,6,0.0,1.0,0.0,0.7284768211920529,0.2715231788079471,30,7,0.0,0.22164948453608246
line,4,0.0,1.0,0.0,0.7284768211920529,0.2715231788079471,30,7,0.0,0.22164948453608246
at,2,0.0,1.0,0.0,0.7284768211920529,0.2715231788079471,30,7,0.0,0.22164948453608246
mons,4,0.0,1.0,0.0,0.7284768211920529,0.2715231788079471,30,7,0.0,0.22164948453608246
et,2,0.0,1.0,0.0,0.7284768211920529,0.2715231788079471,30,7,0.0,0.22164948453608246
al.,3,0.0,0.6666666666666666,0.0,0.7284768211920529,0.2715231788079471,30,7,0.0,0.22164948453608246
2019;,5,0.0,0.0,0.8,0.7284768211920529,0.2715231788079471,30,7,0.0,0.22164948453608246
de,2,0.0,1.0,0.0,0.7284768211920529,0.2715231788079471,30,7,0.0,0.22164948453608246
León,4,0.25,0.75,0.0,0.7284768211920529,0.2715231788079471,30,7,0.0,0.22164948453608246
et,2,0.0,1.0,0.0,0.7284768211920529,0.2715231788079471,30,7,0.0,0.22164948453608246
al.,3,0.0,0.6666666666666666,0.0,0.7284768211920529,0.2715231788079471,30,7,0.0,0.22164948453608246
2020;,5,0.0,0.0,0.8,0.7284768211920529,0.2715231788079471,30,7,0.0,0.22164948453608246
Jewitt,6,0.16666666666666666,0.8333333333333334,0.0,0.7284768211920529,0.2715231788079471,30,7,0.0,0.22164948453608246
&,1,0.0,0.0,0.0,0.7284768211920529,0.2715231788079471,30,7,0.0,0.22164948453608246
Luu,3,0.3333333333333333,0.6666666666666666,0.0,0.7284768211920529,0.2715231788079471,30,7,0.0,0.22164948453608246
"2019),",6,0.0,0.0,0.6666666666666666,0.7284768211920529,0.2715231788079471,30,7,0.0,0.22164948453608246
can,3,0.0,1.0,0.0,0.7284768211920529,0.2715231788079471,30,7,0.0,0.22164948453608246
only,4,0.0,1.0,0.0,0.7284768211920529,0.2715231788079471,30,7,0.0,0.22164948453608246
342nd,5,0.0,0.4,0.6,0.7615894039735099,0.23841059602649006,22,9,0.0,0.22164948453608246
day,3,0.0,1.0,0.0,0.7615894039735099,0.23841059602649006,22,9,0.0,0.22164948453608246
represents,10,0.0,1.0,0.0,0.7615894039735099,0.23841059602649006,22,9,0.0,0.22164948453608246
the,3,0.0,1.0,0.0,0.7615894039735099,0.23841059602649006,22,9,0.0,0.22164948453608246
perihelion,10,0.0,1.0,0.0,0.7615894039735099,0.23841059602649006,22,9,0.0,0.22164948453608246
of,2,0.0,1.0,0.0,0.7615894039735099,0.23841059602649006,22,9,0.0,0.22164948453608246
the,3,0.0,1.0,0.0,0.7615894039735099,0.23841059602649006,22,9,0.0,0.22164948453608246
comet,5,0.0,1.0,0.0,0.7615894039735099,0.23841059602649006,22,9,0.0,0.22164948453608246
(8/12/2019),11,0.0,0.0,0.6363636363636364,0.7615894039735099,0.23841059602649006,22,9,0.0,0.22164948453608246
and,3,0.0,1.0,0.0,0.7615894039735099,0.23841059602649006,22,9,0.0,0.22164948453608246
the,3,0.0,1.0,0.0,0.7615894039735099,0.23841059602649006,22,9,0.0,0.22164948453608246
be,2,0.0,1.0,0.0,0.7615894039735099,0.23841059602649006,22,9,0.0,0.22164948453608246
considered,10,0.0,1.0,0.0,0.7615894039735099,0.23841059602649006,22,9,0.0,0.22164948453608246
as,2,0.0,1.0,0.0,0.7615894039735099,0.23841059602649006,22,9,0.0,0.22164948453608246
an,2,0.0,1.0,0.0,0.7615894039735099,0.23841059602649006,22,9,0.0,0.22164948453608246
upper,5,0.0,1.0,0.0,0.7615894039735099,0.23841059602649006,22,9,0.0,0.22164948453608246
limit,5,0.0,1.0,0.0,0.7615894039735099,0.23841059602649006,22,9,0.0,0.22164948453608246
since,5,0.0,1.0,0.0,0.7615894039735099,0.23841059602649006,22,9,0.0,0.22164948453608246
the,3,0.0,1.0,0.0,0.7615894039735099,0.23841059602649006,22,9,0.0,0.22164948453608246
photometric,11,0.0,1.0,0.0,0.7615894039735099,0.23841059602649006,22,9,0.0,0.22164948453608246
aperture,8,0.0,1.0,0.0,0.7615894039735099,0.23841059602649006,22,9,0.0,0.22164948453608246
used,4,0.0,1.0,0.0,0.7615894039735099,0.23841059602649006,22,9,0.0,0.22164948453608246
solid,5,0.0,1.0,0.0,0.7651006711409396,0.2348993288590604,23,8,0.0,0.2319587628865979
dashed,6,0.0,1.0,0.0,0.7651006711409396,0.2348993288590604,23,8,0.0,0.2319587628865979
line,4,0.0,1.0,0.0,0.7651006711409396,0.2348993288590604,23,8,0.0,0.2319587628865979
represents,10,0.0,1.0,0.0,0.7651006711409396,0.2348993288590604,23,8,0.0,0.2319587628865979
a,1,0.0,1.0,0.0,0.7651006711409396,0.2348993288590604,23,8,0.0,0.2319587628865979
linear,6,0.0,1.0,0.0,0.7651006711409396,0.2348993288590604,23,8,0.0,0.2319587628865979
least-squares,13,0.0,0.9230769230769231,0.0,0.7651006711409396,0.2348993288590604,23,8,0.0,0.2319587628865979
"fit,",4,0.0,0.75,0.0,0.7651006711409396,0.2348993288590604,23,8,0.0,0.2319587628865979
having,6,0.0,1.0,0.0,0.7651006711409396,0.2348993288590604,23,8,0.0,0.2319587628865979
a,1,0.0,1.0,0.0,0.7651006711409396,0.2348993288590604,23,8,0.0,0.2319587628865979
best,4,0.0,1.0,0.0,0.7651006711409396,0.2348993288590604,23,8,0.0,0.2319587628865979
is,2,0.0,1.0,0.0,0.7651006711409396,0.2348993288590604,23,8,0.0,0.2319587628865979
highly,6,0.0,1.0,0.0,0.7651006711409396,0.2348993288590604,23,8,0.0,0.2319587628865979
influenced,10,0.0,1.0,0.0,0.7651006711409396,0.2348993288590604,23,8,0.0,0.2319587628865979
by,2,0.0,1.0,0.0,0.7651006711409396,0.2348993288590604,23,8,0.0,0.2319587628865979
the,3,0.0,1.0,0.0,0.7651006711409396,0.2348993288590604,23,8,0.0,0.2319587628865979
dust,4,0.0,1.0,0.0,0.7651006711409396,0.2348993288590604,23,8,0.0,0.2319587628865979
in,2,0.0,1.0,0.0,0.7651006711409396,0.2348993288590604,23,8,0.0,0.2319587628865979
the,3,0.0,1.0,0.0,0.7651006711409396,0.2348993288590604,23,8,0.0,0.2319587628865979
coma.,5,0.0,0.8,0.0,0.7651006711409396,0.2348993288590604,23,8,0.0,0.2319587628865979
For,3,0.3333333333333333,0.6666666666666666,0.0,0.7651006711409396,0.2348993288590604,23,8,0.0,0.2319587628865979
"comparison,",11,0.0,0.9090909090909091,0.0,0.7651006711409396,0.2348993288590604,23,8,0.0,0.2319587628865979
the,3,0.0,1.0,0.0,0.7651006711409396,0.2348993288590604,23,8,0.0,0.2319587628865979
fit,3,0.0,1.0,0.0,0.7218543046357616,0.2781456953642384,26,10,0.0,0.22164948453608246
slope,5,0.0,1.0,0.0,0.7218543046357616,0.2781456953642384,26,10,0.0,0.22164948453608246
d(Ce,4,0.25,0.5,0.0,0.7218543046357616,0.2781456953642384,26,10,0.0,0.22164948453608246
)/dt,4,0.0,0.5,0.0,0.7218543046357616,0.2781456953642384,26,10,0.0,0.22164948453608246
=,1,0.0,0.0,0.0,0.7218543046357616,0.2781456953642384,26,10,0.0,0.22164948453608246
−1.77,5,0.0,0.0,0.6,0.7218543046357616,0.2781456953642384,26,10,0.0,0.22164948453608246
±,1,0.0,0.0,0.0,0.7218543046357616,0.2781456953642384,26,10,0.0,0.22164948453608246
0.22,4,0.0,0.0,0.75,0.7218543046357616,0.2781456953642384,26,10,0.0,0.22164948453608246
Km2,3,0.3333333333333333,0.3333333333333333,0.3333333333333333,0.7218543046357616,0.2781456953642384,26,10,0.0,0.22164948453608246
d−1,3,0.0,0.3333333333333333,0.3333333333333333,0.7218543046357616,0.2781456953642384,26,10,0.0,0.22164948453608246
.,1,0.0,0.0,0.0,0.7218543046357616,0.2781456953642384,26,10,0.0,0.22164948453608246
A,1,1.0,0.0,0.0,0.7218543046357616,0.2781456953642384,26,10,0.0,0.22164948453608246
mean,4,0.0,1.0,0.0,0.7218543046357616,0.2781456953642384,26,10,0.0,0.22164948453608246
nuclear,7,0.0,1.0,0.0,0.7218543046357616,0.2781456953642384,26,10,0.0,0.22164948453608246
radius,6,0.0,1.0,0.0,0.7218543046357616,0.2781456953642384,26,10,0.0,0.22164948453608246
variation,9,0.0,1.0,0.0,0.7218543046357616,0.2781456953642384,26,10,0.0,0.22164948453608246
in,2,0.0,1.0,0.0,0.7218543046357616,0.2781456953642384,26,10,0.0,0.22164948453608246
scattering,10,0.0,1.0,0.0,0.7218543046357616,0.2781456953642384,26,10,0.0,0.22164948453608246
cross,5,0.0,1.0,0.0,0.7218543046357616,0.2781456953642384,26,10,0.0,0.22164948453608246
"section,",8,0.0,0.875,0.0,0.7218543046357616,0.2781456953642384,26,10,0.0,0.22164948453608246
when,4,0.0,1.0,0.0,0.7218543046357616,0.2781456953642384,26,10,0.0,0.22164948453608246
the,3,0.0,1.0,0.0,0.7218543046357616,0.2781456953642384,26,10,0.0,0.22164948453608246
comet,5,0.0,1.0,0.0,0.7218543046357616,0.2781456953642384,26,10,0.0,0.22164948453608246
was,3,0.0,1.0,0.0,0.7218543046357616,0.2781456953642384,26,10,0.0,0.22164948453608246
in,2,0.0,1.0,0.0,0.7218543046357616,0.2781456953642384,26,10,0.0,0.22164948453608246
"bound,",6,0.0,0.8333333333333334,0.0,0.7218543046357616,0.2781456953642384,26,10,0.0,0.22164948453608246
MNRAS,5,1.0,0.0,0.0,0.8636363636363636,0.13636363636363635,4,1,0.0,0.8865979381443299
"000,",4,0.0,0.0,0.75,0.8636363636363636,0.13636363636363635,4,1,0.0,0.8865979381443299
1–10,4,0.0,0.0,0.75,0.8636363636363636,0.13636363636363635,4,1,0.0,0.8865979381443299
(2021),6,0.0,0.0,0.6666666666666666,0.8636363636363636,0.13636363636363635,4,1,0.0,0.8865979381443299
avr_spaces,10,0.0,0.9,0.0,1.0,0.0,1,1,0.05030216850337718,0.9484536082474226
Interstellar,12,0.08333333333333333,0.9166666666666666,0.0,0.17834394904458598,0.821656050955414,4,13,0.5309278350515464,0.19072164948453607
comet,5,0.0,1.0,0.0,0.17834394904458598,0.821656050955414,4,13,0.5309278350515464,0.19072164948453607
2I/Borisov,10,0.2,0.6,0.1,0.17834394904458598,0.821656050955414,4,13,0.5309278350515464,0.19072164948453607
7,1,0.0,0.0,1.0,0.17834394904458598,0.821656050955414,4,13,0.5309278350515464,0.19072164948453607
Figure,6,0.16666666666666666,0.8333333333333334,0.0,0.863013698630137,0.136986301369863,11,1,0.0,0.6237113402061856
4.,2,0.0,0.0,0.5,0.863013698630137,0.136986301369863,11,1,0.0,0.6237113402061856
Cumulative,10,0.1,0.9,0.0,0.863013698630137,0.136986301369863,11,1,0.0,0.6237113402061856
comparison,10,0.0,1.0,0.0,0.863013698630137,0.136986301369863,11,1,0.0,0.6237113402061856
of,2,0.0,1.0,0.0,0.863013698630137,0.136986301369863,11,1,0.0,0.6237113402061856
the,3,0.0,1.0,0.0,0.863013698630137,0.136986301369863,11,1,0.0,0.6237113402061856
pre,3,0.0,1.0,0.0,0.863013698630137,0.136986301369863,11,1,0.0,0.6237113402061856
and,3,0.0,1.0,0.0,0.863013698630137,0.136986301369863,11,1,0.0,0.6237113402061856
post,4,0.0,1.0,0.0,0.863013698630137,0.136986301369863,11,1,0.0,0.6237113402061856
perihelion,10,0.0,1.0,0.0,0.863013698630137,0.136986301369863,11,1,0.0,0.6237113402061856
production,10,0.0,1.0,0.0,0.863013698630137,0.136986301369863,11,1,0.0,0.6237113402061856
rate,4,0.0,1.0,0.0,0.8278145695364238,0.17218543046357615,26,2,0.0,0.22164948453608246
ratio,5,0.0,1.0,0.0,0.8278145695364238,0.17218543046357615,26,2,0.0,0.22164948453608246
of,2,0.0,1.0,0.0,0.8278145695364238,0.17218543046357615,26,2,0.0,0.22164948453608246
C2,2,0.5,0.0,0.5,0.8278145695364238,0.17218543046357615,26,2,0.0,0.22164948453608246
and,3,0.0,1.0,0.0,0.8278145695364238,0.17218543046357615,26,2,0.0,0.22164948453608246
CN,2,1.0,0.0,0.0,0.8278145695364238,0.17218543046357615,26,2,0.0,0.22164948453608246
of,2,0.0,1.0,0.0,0.8278145695364238,0.17218543046357615,26,2,0.0,0.22164948453608246
2I/Borisov,10,0.2,0.6,0.1,0.8278145695364238,0.17218543046357615,26,2,0.0,0.22164948453608246
observed,8,0.0,1.0,0.0,0.8278145695364238,0.17218543046357615,26,2,0.0,0.22164948453608246
in,2,0.0,1.0,0.0,0.8278145695364238,0.17218543046357615,26,2,0.0,0.22164948453608246
the,3,0.0,1.0,0.0,0.8278145695364238,0.17218543046357615,26,2,0.0,0.22164948453608246
current,7,0.0,1.0,0.0,0.8278145695364238,0.17218543046357615,26,2,0.0,0.22164948453608246
work,4,0.0,1.0,0.0,0.8278145695364238,0.17218543046357615,26,2,0.0,0.22164948453608246
with,4,0.0,1.0,0.0,0.8278145695364238,0.17218543046357615,26,2,0.0,0.22164948453608246
the,3,0.0,1.0,0.0,0.8278145695364238,0.17218543046357615,26,2,0.0,0.22164948453608246
Figure,6,0.16666666666666666,0.8333333333333334,0.0,0.8278145695364238,0.17218543046357615,26,2,0.0,0.22164948453608246
5.,2,0.0,0.0,0.5,0.8278145695364238,0.17218543046357615,26,2,0.0,0.22164948453608246
Variation,9,0.1111111111111111,0.8888888888888888,0.0,0.8278145695364238,0.17218543046357615,26,2,0.0,0.22164948453608246
of,2,0.0,1.0,0.0,0.8278145695364238,0.17218543046357615,26,2,0.0,0.22164948453608246
scattering,10,0.0,1.0,0.0,0.8278145695364238,0.17218543046357615,26,2,0.0,0.22164948453608246
cross,5,0.0,1.0,0.0,0.8278145695364238,0.17218543046357615,26,2,0.0,0.22164948453608246
"section,",8,0.0,0.875,0.0,0.8278145695364238,0.17218543046357615,26,2,0.0,0.22164948453608246
computed,8,0.0,1.0,0.0,0.8278145695364238,0.17218543046357615,26,2,0.0,0.22164948453608246
using,5,0.0,1.0,0.0,0.8278145695364238,0.17218543046357615,26,2,0.0,0.22164948453608246
equation,8,0.0,1.0,0.0,0.8278145695364238,0.17218543046357615,26,2,0.0,0.22164948453608246
3,1,0.0,0.0,1.0,0.8278145695364238,0.17218543046357615,26,2,0.0,0.22164948453608246
values,6,0.0,1.0,0.0,0.8095238095238095,0.19047619047619047,27,2,0.0,0.24226804123711343
reported,8,0.0,1.0,0.0,0.8095238095238095,0.19047619047619047,27,2,0.0,0.24226804123711343
by,2,0.0,1.0,0.0,0.8095238095238095,0.19047619047619047,27,2,0.0,0.24226804123711343
Fitzsimmons,11,0.09090909090909091,0.9090909090909091,0.0,0.8095238095238095,0.19047619047619047,27,2,0.0,0.24226804123711343
et,2,0.0,1.0,0.0,0.8095238095238095,0.19047619047619047,27,2,0.0,0.24226804123711343
al.,3,0.0,0.6666666666666666,0.0,0.8095238095238095,0.19047619047619047,27,2,0.0,0.24226804123711343
"(2019),",7,0.0,0.0,0.5714285714285714,0.8095238095238095,0.19047619047619047,27,2,0.0,0.24226804123711343
Opitom,6,0.16666666666666666,0.8333333333333334,0.0,0.8095238095238095,0.19047619047619047,27,2,0.0,0.24226804123711343
et,2,0.0,1.0,0.0,0.8095238095238095,0.19047619047619047,27,2,0.0,0.24226804123711343
al.,3,0.0,0.6666666666666666,0.0,0.8095238095238095,0.19047619047619047,27,2,0.0,0.24226804123711343
"(2019),",7,0.0,0.0,0.5714285714285714,0.8095238095238095,0.19047619047619047,27,2,0.0,0.24226804123711343
Kareta,6,0.16666666666666666,0.8333333333333334,0.0,0.8095238095238095,0.19047619047619047,27,2,0.0,0.24226804123711343
as,2,0.0,1.0,0.0,0.8095238095238095,0.19047619047619047,27,2,0.0,0.24226804123711343
a,1,0.0,1.0,0.0,0.8095238095238095,0.19047619047619047,27,2,0.0,0.24226804123711343
function,8,0.0,1.0,0.0,0.8095238095238095,0.19047619047619047,27,2,0.0,0.24226804123711343
of,2,0.0,1.0,0.0,0.8095238095238095,0.19047619047619047,27,2,0.0,0.24226804123711343
"time,",5,0.0,0.8,0.0,0.8095238095238095,0.19047619047619047,27,2,0.0,0.24226804123711343
expressed,9,0.0,1.0,0.0,0.8095238095238095,0.19047619047619047,27,2,0.0,0.24226804123711343
as,2,0.0,1.0,0.0,0.8095238095238095,0.19047619047619047,27,2,0.0,0.24226804123711343
Day,3,0.3333333333333333,0.6666666666666666,0.0,0.8095238095238095,0.19047619047619047,27,2,0.0,0.24226804123711343
of,2,0.0,1.0,0.0,0.8095238095238095,0.19047619047619047,27,2,0.0,0.24226804123711343
Year,4,0.25,0.75,0.0,0.8095238095238095,0.19047619047619047,27,2,0.0,0.24226804123711343
"2019,",5,0.0,0.0,0.8,0.8095238095238095,0.19047619047619047,27,2,0.0,0.24226804123711343
with,4,0.0,1.0,0.0,0.8095238095238095,0.19047619047619047,27,2,0.0,0.24226804123711343
Day,3,0.3333333333333333,0.6666666666666666,0.0,0.8095238095238095,0.19047619047619047,27,2,0.0,0.24226804123711343
1,1,0.0,0.0,1.0,0.8095238095238095,0.19047619047619047,27,2,0.0,0.24226804123711343
being,5,0.0,1.0,0.0,0.8095238095238095,0.19047619047619047,27,2,0.0,0.24226804123711343
et,2,0.0,1.0,0.0,0.8181818181818182,0.18181818181818177,29,1,0.0,0.20618556701030932
al.,3,0.0,0.6666666666666666,0.0,0.8181818181818182,0.18181818181818177,29,1,0.0,0.20618556701030932
"(2020),",7,0.0,0.0,0.5714285714285714,0.8181818181818182,0.18181818181818177,29,1,0.0,0.20618556701030932
de,2,0.0,1.0,0.0,0.8181818181818182,0.18181818181818177,29,1,0.0,0.20618556701030932
León,4,0.25,0.75,0.0,0.8181818181818182,0.18181818181818177,29,1,0.0,0.20618556701030932
et,2,0.0,1.0,0.0,0.8181818181818182,0.18181818181818177,29,1,0.0,0.20618556701030932
al.,3,0.0,0.6666666666666666,0.0,0.8181818181818182,0.18181818181818177,29,1,0.0,0.20618556701030932
"(2020),",7,0.0,0.0,0.5714285714285714,0.8181818181818182,0.18181818181818177,29,1,0.0,0.20618556701030932
Lin,3,0.3333333333333333,0.6666666666666666,0.0,0.8181818181818182,0.18181818181818177,29,1,0.0,0.20618556701030932
et,2,0.0,1.0,0.0,0.8181818181818182,0.18181818181818177,29,1,0.0,0.20618556701030932
al.,3,0.0,0.6666666666666666,0.0,0.8181818181818182,0.18181818181818177,29,1,0.0,0.20618556701030932
(2020),6,0.0,0.0,0.6666666666666666,0.8181818181818182,0.18181818181818177,29,1,0.0,0.20618556701030932
and,3,0.0,1.0,0.0,0.8181818181818182,0.18181818181818177,29,1,0.0,0.20618556701030932
Bannister,9,0.1111111111111111,0.8888888888888888,0.0,0.8181818181818182,0.18181818181818177,29,1,0.0,0.20618556701030932
et,2,0.0,1.0,0.0,0.8181818181818182,0.18181818181818177,29,1,0.0,0.20618556701030932
al.,3,0.0,0.6666666666666666,0.0,0.8181818181818182,0.18181818181818177,29,1,0.0,0.20618556701030932
January,7,0.14285714285714285,0.8571428571428571,0.0,0.8181818181818182,0.18181818181818177,29,1,0.0,0.20618556701030932
1,1,0.0,0.0,1.0,0.8181818181818182,0.18181818181818177,29,1,0.0,0.20618556701030932
2019.,5,0.0,0.0,0.8,0.8181818181818182,0.18181818181818177,29,1,0.0,0.20618556701030932
The,3,0.3333333333333333,0.6666666666666666,0.0,0.8181818181818182,0.18181818181818177,29,1,0.0,0.20618556701030932
top-axis,8,0.0,0.875,0.0,0.8181818181818182,0.18181818181818177,29,1,0.0,0.20618556701030932
is,2,0.0,1.0,0.0,0.8181818181818182,0.18181818181818177,29,1,0.0,0.20618556701030932
labelled,8,0.0,1.0,0.0,0.8181818181818182,0.18181818181818177,29,1,0.0,0.20618556701030932
with,4,0.0,1.0,0.0,0.8181818181818182,0.18181818181818177,29,1,0.0,0.20618556701030932
the,3,0.0,1.0,0.0,0.8181818181818182,0.18181818181818177,29,1,0.0,0.20618556701030932
distance,8,0.0,1.0,0.0,0.8181818181818182,0.18181818181818177,29,1,0.0,0.20618556701030932
to,2,0.0,1.0,0.0,0.8181818181818182,0.18181818181818177,29,1,0.0,0.20618556701030932
perihelion.,11,0.0,0.9090909090909091,0.0,0.8181818181818182,0.18181818181818177,29,1,0.0,0.20618556701030932
The,3,0.3333333333333333,0.6666666666666666,0.0,0.8181818181818182,0.18181818181818177,29,1,0.0,0.20618556701030932
(2020),6,0.0,0.0,0.6666666666666666,0.802547770700637,0.197452229299363,27,4,0.0,0.19072164948453607
while,5,0.0,1.0,0.0,0.802547770700637,0.197452229299363,27,4,0.0,0.19072164948453607
the,3,0.0,1.0,0.0,0.802547770700637,0.197452229299363,27,4,0.0,0.19072164948453607
comet,5,0.0,1.0,0.0,0.802547770700637,0.197452229299363,27,4,0.0,0.19072164948453607
was,3,0.0,1.0,0.0,0.802547770700637,0.197452229299363,27,4,0.0,0.19072164948453607
in,2,0.0,1.0,0.0,0.802547770700637,0.197452229299363,27,4,0.0,0.19072164948453607
an,2,0.0,1.0,0.0,0.802547770700637,0.197452229299363,27,4,0.0,0.19072164948453607
in-bound,8,0.0,0.875,0.0,0.802547770700637,0.197452229299363,27,4,0.0,0.19072164948453607
orbit.,6,0.0,0.8333333333333334,0.0,0.802547770700637,0.197452229299363,27,4,0.0,0.19072164948453607
The,3,0.3333333333333333,0.6666666666666666,0.0,0.802547770700637,0.197452229299363,27,4,0.0,0.19072164948453607
shaded,6,0.0,1.0,0.0,0.802547770700637,0.197452229299363,27,4,0.0,0.19072164948453607
region,6,0.0,1.0,0.0,0.802547770700637,0.197452229299363,27,4,0.0,0.19072164948453607
rep-,4,0.0,0.75,0.0,0.802547770700637,0.197452229299363,27,4,0.0,0.19072164948453607
black,5,0.0,1.0,0.0,0.802547770700637,0.197452229299363,27,4,0.0,0.19072164948453607
dashed,6,0.0,1.0,0.0,0.802547770700637,0.197452229299363,27,4,0.0,0.19072164948453607
line,4,0.0,1.0,0.0,0.802547770700637,0.197452229299363,27,4,0.0,0.19072164948453607
is,2,0.0,1.0,0.0,0.802547770700637,0.197452229299363,27,4,0.0,0.19072164948453607
the,3,0.0,1.0,0.0,0.802547770700637,0.197452229299363,27,4,0.0,0.19072164948453607
best,4,0.0,1.0,0.0,0.802547770700637,0.197452229299363,27,4,0.0,0.19072164948453607
linear,6,0.0,1.0,0.0,0.802547770700637,0.197452229299363,27,4,0.0,0.19072164948453607
least-squares,13,0.0,0.9230769230769231,0.0,0.802547770700637,0.197452229299363,27,4,0.0,0.19072164948453607
fit,3,0.0,1.0,0.0,0.802547770700637,0.197452229299363,27,4,0.0,0.19072164948453607
having,6,0.0,1.0,0.0,0.802547770700637,0.197452229299363,27,4,0.0,0.19072164948453607
a,1,0.0,1.0,0.0,0.802547770700637,0.197452229299363,27,4,0.0,0.19072164948453607
gradient,8,0.0,1.0,0.0,0.802547770700637,0.197452229299363,27,4,0.0,0.19072164948453607
-1.77,5,0.0,0.0,0.6,0.802547770700637,0.197452229299363,27,4,0.0,0.19072164948453607
±,1,0.0,0.0,0.0,0.802547770700637,0.197452229299363,27,4,0.0,0.19072164948453607
resents,7,0.0,1.0,0.0,0.8181818181818182,0.18181818181818177,26,3,0.0,0.20618556701030932
the,3,0.0,1.0,0.0,0.8181818181818182,0.18181818181818177,26,3,0.0,0.20618556701030932
area,4,0.0,1.0,0.0,0.8181818181818182,0.18181818181818177,26,3,0.0,0.20618556701030932
of,2,0.0,1.0,0.0,0.8181818181818182,0.18181818181818177,26,3,0.0,0.20618556701030932
carbon,6,0.0,1.0,0.0,0.8181818181818182,0.18181818181818177,26,3,0.0,0.20618556701030932
chain,5,0.0,1.0,0.0,0.8181818181818182,0.18181818181818177,26,3,0.0,0.20618556701030932
depleted,8,0.0,1.0,0.0,0.8181818181818182,0.18181818181818177,26,3,0.0,0.20618556701030932
comets,6,0.0,1.0,0.0,0.8181818181818182,0.18181818181818177,26,3,0.0,0.20618556701030932
in,2,0.0,1.0,0.0,0.8181818181818182,0.18181818181818177,26,3,0.0,0.20618556701030932
our,3,0.0,1.0,0.0,0.8181818181818182,0.18181818181818177,26,3,0.0,0.20618556701030932
Solar,5,0.2,0.8,0.0,0.8181818181818182,0.18181818181818177,26,3,0.0,0.20618556701030932
"system,",7,0.0,0.8571428571428571,0.0,0.8181818181818182,0.18181818181818177,26,3,0.0,0.20618556701030932
for,3,0.0,1.0,0.0,0.8181818181818182,0.18181818181818177,26,3,0.0,0.20618556701030932
0.22,4,0.0,0.0,0.75,0.8181818181818182,0.18181818181818177,26,3,0.0,0.20618556701030932
Km2,3,0.3333333333333333,0.3333333333333333,0.3333333333333333,0.8181818181818182,0.18181818181818177,26,3,0.0,0.20618556701030932
/day.,5,0.0,0.6,0.0,0.8181818181818182,0.18181818181818177,26,3,0.0,0.20618556701030932
The,3,0.3333333333333333,0.6666666666666666,0.0,0.8181818181818182,0.18181818181818177,26,3,0.0,0.20618556701030932
vertical,8,0.0,1.0,0.0,0.8181818181818182,0.18181818181818177,26,3,0.0,0.20618556701030932
grey,4,0.0,1.0,0.0,0.8181818181818182,0.18181818181818177,26,3,0.0,0.20618556701030932
dashed,6,0.0,1.0,0.0,0.8181818181818182,0.18181818181818177,26,3,0.0,0.20618556701030932
line,4,0.0,1.0,0.0,0.8181818181818182,0.18181818181818177,26,3,0.0,0.20618556701030932
represents,10,0.0,1.0,0.0,0.8181818181818182,0.18181818181818177,26,3,0.0,0.20618556701030932
the,3,0.0,1.0,0.0,0.8181818181818182,0.18181818181818177,26,3,0.0,0.20618556701030932
perihelion,10,0.0,1.0,0.0,0.8181818181818182,0.18181818181818177,26,3,0.0,0.20618556701030932
of,2,0.0,1.0,0.0,0.8181818181818182,0.18181818181818177,26,3,0.0,0.20618556701030932
the,3,0.0,1.0,0.0,0.8181818181818182,0.18181818181818177,26,3,0.0,0.20618556701030932
which,5,0.0,1.0,0.0,0.7935483870967742,0.20645161290322578,28,4,0.0,0.2010309278350515
Q(C2,4,0.5,0.0,0.25,0.7935483870967742,0.20645161290322578,28,4,0.0,0.2010309278350515
)/Q(CN),7,0.42857142857142855,0.0,0.0,0.7935483870967742,0.20645161290322578,28,4,0.0,0.2010309278350515
<,1,0.0,0.0,0.0,0.7935483870967742,0.20645161290322578,28,4,0.0,0.2010309278350515
"0.66,",5,0.0,0.0,0.6,0.7935483870967742,0.20645161290322578,28,4,0.0,0.2010309278350515
as,2,0.0,1.0,0.0,0.7935483870967742,0.20645161290322578,28,4,0.0,0.2010309278350515
defined,7,0.0,1.0,0.0,0.7935483870967742,0.20645161290322578,28,4,0.0,0.2010309278350515
by,2,0.0,1.0,0.0,0.7935483870967742,0.20645161290322578,28,4,0.0,0.2010309278350515
A’Hearn,7,0.2857142857142857,0.5714285714285714,0.0,0.7935483870967742,0.20645161290322578,28,4,0.0,0.2010309278350515
et,2,0.0,1.0,0.0,0.7935483870967742,0.20645161290322578,28,4,0.0,0.2010309278350515
al.,3,0.0,0.6666666666666666,0.0,0.7935483870967742,0.20645161290322578,28,4,0.0,0.2010309278350515
(1995).,7,0.0,0.0,0.5714285714285714,0.7935483870967742,0.20645161290322578,28,4,0.0,0.2010309278350515
The,3,0.3333333333333333,0.6666666666666666,0.0,0.7935483870967742,0.20645161290322578,28,4,0.0,0.2010309278350515
red,3,0.0,1.0,0.0,0.7935483870967742,0.20645161290322578,28,4,0.0,0.2010309278350515
comet.,6,0.0,0.8333333333333334,0.0,0.7935483870967742,0.20645161290322578,28,4,0.0,0.2010309278350515
The,3,0.3333333333333333,0.6666666666666666,0.0,0.7935483870967742,0.20645161290322578,28,4,0.0,0.2010309278350515
red,3,0.0,1.0,0.0,0.7935483870967742,0.20645161290322578,28,4,0.0,0.2010309278350515
points,6,0.0,1.0,0.0,0.7935483870967742,0.20645161290322578,28,4,0.0,0.2010309278350515
are,3,0.0,1.0,0.0,0.7935483870967742,0.20645161290322578,28,4,0.0,0.2010309278350515
the,3,0.0,1.0,0.0,0.7935483870967742,0.20645161290322578,28,4,0.0,0.2010309278350515
scattering,10,0.0,1.0,0.0,0.7935483870967742,0.20645161290322578,28,4,0.0,0.2010309278350515
cross,5,0.0,1.0,0.0,0.7935483870967742,0.20645161290322578,28,4,0.0,0.2010309278350515
section,7,0.0,1.0,0.0,0.7935483870967742,0.20645161290322578,28,4,0.0,0.2010309278350515
as,2,0.0,1.0,0.0,0.7935483870967742,0.20645161290322578,28,4,0.0,0.2010309278350515
reported,8,0.0,1.0,0.0,0.7935483870967742,0.20645161290322578,28,4,0.0,0.2010309278350515
by,2,0.0,1.0,0.0,0.7935483870967742,0.20645161290322578,28,4,0.0,0.2010309278350515
Jewitt,6,0.16666666666666666,0.8333333333333334,0.0,0.7935483870967742,0.20645161290322578,28,4,0.0,0.2010309278350515
&,1,0.0,0.0,0.0,0.7935483870967742,0.20645161290322578,28,4,0.0,0.2010309278350515
dashed,6,0.0,1.0,0.0,0.8473282442748091,0.15267175572519087,20,2,0.0,0.32474226804123707
vertical,8,0.0,1.0,0.0,0.8473282442748091,0.15267175572519087,20,2,0.0,0.32474226804123707
line,4,0.0,1.0,0.0,0.8473282442748091,0.15267175572519087,20,2,0.0,0.32474226804123707
represents,10,0.0,1.0,0.0,0.8473282442748091,0.15267175572519087,20,2,0.0,0.32474226804123707
the,3,0.0,1.0,0.0,0.8473282442748091,0.15267175572519087,20,2,0.0,0.32474226804123707
perihelion,10,0.0,1.0,0.0,0.8473282442748091,0.15267175572519087,20,2,0.0,0.32474226804123707
of,2,0.0,1.0,0.0,0.8473282442748091,0.15267175572519087,20,2,0.0,0.32474226804123707
the,3,0.0,1.0,0.0,0.8473282442748091,0.15267175572519087,20,2,0.0,0.32474226804123707
comet,5,0.0,1.0,0.0,0.8473282442748091,0.15267175572519087,20,2,0.0,0.32474226804123707
on,2,0.0,1.0,0.0,0.8473282442748091,0.15267175572519087,20,2,0.0,0.32474226804123707
8th,3,0.0,0.6666666666666666,0.3333333333333333,0.8473282442748091,0.15267175572519087,20,2,0.0,0.32474226804123707
December,8,0.125,0.875,0.0,0.8473282442748091,0.15267175572519087,20,2,0.0,0.32474226804123707
Luu,3,0.3333333333333333,0.6666666666666666,0.0,0.8473282442748091,0.15267175572519087,20,2,0.0,0.32474226804123707
(2019),6,0.0,0.0,0.6666666666666666,0.8473282442748091,0.15267175572519087,20,2,0.0,0.32474226804123707
while,5,0.0,1.0,0.0,0.8473282442748091,0.15267175572519087,20,2,0.0,0.32474226804123707
the,3,0.0,1.0,0.0,0.8473282442748091,0.15267175572519087,20,2,0.0,0.32474226804123707
comet,5,0.0,1.0,0.0,0.8473282442748091,0.15267175572519087,20,2,0.0,0.32474226804123707
was,3,0.0,1.0,0.0,0.8473282442748091,0.15267175572519087,20,2,0.0,0.32474226804123707
approaching,11,0.0,1.0,0.0,0.8473282442748091,0.15267175572519087,20,2,0.0,0.32474226804123707
perihelion.,11,0.0,0.9090909090909091,0.0,0.8473282442748091,0.15267175572519087,20,2,0.0,0.32474226804123707
2019,4,0.0,0.0,1.0,0.8636363636363636,0.13636363636363635,4,1,0.0,0.8865979381443299
with,4,0.0,1.0,0.0,0.8636363636363636,0.13636363636363635,4,1,0.0,0.8865979381443299
q∼2.0066,8,0.0,0.125,0.625,0.8636363636363636,0.13636363636363635,4,1,0.0,0.8865979381443299
AU.,3,0.6666666666666666,0.0,0.0,0.8636363636363636,0.13636363636363635,4,1,0.0,0.8865979381443299
Accepting,9,0.1111111111111111,0.8888888888888888,0.0,0.3706293706293706,0.6293706293706294,14,1,0.39690721649484534,0.2628865979381443
the,3,0.0,1.0,0.0,0.3706293706293706,0.6293706293706294,14,1,0.39690721649484534,0.2628865979381443
value,5,0.0,1.0,0.0,0.3706293706293706,0.6293706293706294,14,1,0.39690721649484534,0.2628865979381443
of,2,0.0,1.0,0.0,0.3706293706293706,0.6293706293706294,14,1,0.39690721649484534,0.2628865979381443
dust,4,0.0,1.0,0.0,0.3706293706293706,0.6293706293706294,14,1,0.39690721649484534,0.2628865979381443
ejection,8,0.0,1.0,0.0,0.3706293706293706,0.6293706293706294,14,1,0.39690721649484534,0.2628865979381443
velocity,8,0.0,1.0,0.0,0.3706293706293706,0.6293706293706294,14,1,0.39690721649484534,0.2628865979381443
as,2,0.0,1.0,0.0,0.3706293706293706,0.6293706293706294,14,1,0.39690721649484534,0.2628865979381443
vd,2,0.0,1.0,0.0,0.3706293706293706,0.6293706293706294,14,1,0.39690721649484534,0.2628865979381443
∼,1,0.0,0.0,0.0,0.3706293706293706,0.6293706293706294,14,1,0.39690721649484534,0.2628865979381443
8,1,0.0,0.0,1.0,0.3706293706293706,0.6293706293706294,14,1,0.39690721649484534,0.2628865979381443
m,1,0.0,1.0,0.0,0.3706293706293706,0.6293706293706294,14,1,0.39690721649484534,0.2628865979381443
s−1,3,0.0,0.3333333333333333,0.3333333333333333,0.3706293706293706,0.6293706293706294,14,1,0.39690721649484534,0.2628865979381443
(for,4,0.0,0.75,0.0,0.3706293706293706,0.6293706293706294,14,1,0.39690721649484534,0.2628865979381443
reported,8,0.0,1.0,0.0,0.773972602739726,0.226027397260274,26,5,0.0,0.24742268041237114
by,2,0.0,1.0,0.0,0.773972602739726,0.226027397260274,26,5,0.0,0.24742268041237114
Jewitt,6,0.16666666666666666,0.8333333333333334,0.0,0.773972602739726,0.226027397260274,26,5,0.0,0.24742268041237114
&,1,0.0,0.0,0.0,0.773972602739726,0.226027397260274,26,5,0.0,0.24742268041237114
Luu,3,0.3333333333333333,0.6666666666666666,0.0,0.773972602739726,0.226027397260274,26,5,0.0,0.24742268041237114
"(2019),",7,0.0,0.0,0.5714285714285714,0.773972602739726,0.226027397260274,26,5,0.0,0.24742268041237114
is,2,0.0,1.0,0.0,0.773972602739726,0.226027397260274,26,5,0.0,0.24742268041237114
also,4,0.0,1.0,0.0,0.773972602739726,0.226027397260274,26,5,0.0,0.24742268041237114
included,8,0.0,1.0,0.0,0.773972602739726,0.226027397260274,26,5,0.0,0.24742268041237114
in,2,0.0,1.0,0.0,0.773972602739726,0.226027397260274,26,5,0.0,0.24742268041237114
Figure,6,0.16666666666666666,0.8333333333333334,0.0,0.773972602739726,0.226027397260274,26,5,0.0,0.24742268041237114
"5,",2,0.0,0.0,0.5,0.773972602739726,0.226027397260274,26,5,0.0,0.24742268041237114
where,5,0.0,1.0,0.0,0.773972602739726,0.226027397260274,26,5,0.0,0.24742268041237114
epochs,6,0.0,1.0,0.0,0.773972602739726,0.226027397260274,26,5,0.0,0.24742268041237114
close,5,0.0,1.0,0.0,0.773972602739726,0.226027397260274,26,5,0.0,0.24742268041237114
to,2,0.0,1.0,0.0,0.773972602739726,0.226027397260274,26,5,0.0,0.24742268041237114
perihelion,10,0.0,1.0,0.0,0.773972602739726,0.226027397260274,26,5,0.0,0.24742268041237114
as,2,0.0,1.0,0.0,0.773972602739726,0.226027397260274,26,5,0.0,0.24742268041237114
reported,8,0.0,1.0,0.0,0.773972602739726,0.226027397260274,26,5,0.0,0.24742268041237114
by,2,0.0,1.0,0.0,0.773972602739726,0.226027397260274,26,5,0.0,0.24742268041237114
Hui,3,0.3333333333333333,0.6666666666666666,0.0,0.773972602739726,0.226027397260274,26,5,0.0,0.24742268041237114
et,2,0.0,1.0,0.0,0.773972602739726,0.226027397260274,26,5,0.0,0.24742268041237114
al.,3,0.0,0.6666666666666666,0.0,0.773972602739726,0.226027397260274,26,5,0.0,0.24742268041237114
"2020),",6,0.0,0.0,0.6666666666666666,0.773972602739726,0.226027397260274,26,5,0.0,0.24742268041237114
using,5,0.0,1.0,0.0,0.773972602739726,0.226027397260274,26,5,0.0,0.24742268041237114
Afρ,3,0.3333333333333333,0.6666666666666666,0.0,0.773972602739726,0.226027397260274,26,5,0.0,0.24742268041237114
an,2,0.0,1.0,0.0,0.7534246575342466,0.2465753424657534,28,6,0.0,0.24742268041237114
increasing,10,0.0,1.0,0.0,0.7534246575342466,0.2465753424657534,28,6,0.0,0.24742268041237114
trend,5,0.0,1.0,0.0,0.7534246575342466,0.2465753424657534,28,6,0.0,0.24742268041237114
is,2,0.0,1.0,0.0,0.7534246575342466,0.2465753424657534,28,6,0.0,0.24742268041237114
observed.,9,0.0,0.8888888888888888,0.0,0.7534246575342466,0.2465753424657534,28,6,0.0,0.24742268041237114
As,2,0.5,0.5,0.0,0.7534246575342466,0.2465753424657534,28,6,0.0,0.24742268041237114
per,3,0.0,1.0,0.0,0.7534246575342466,0.2465753424657534,28,6,0.0,0.24742268041237114
the,3,0.0,1.0,0.0,0.7534246575342466,0.2465753424657534,28,6,0.0,0.24742268041237114
variation,9,0.0,1.0,0.0,0.7534246575342466,0.2465753424657534,28,6,0.0,0.24742268041237114
of,2,0.0,1.0,0.0,0.7534246575342466,0.2465753424657534,28,6,0.0,0.24742268041237114
cross,5,0.0,1.0,0.0,0.7534246575342466,0.2465753424657534,28,6,0.0,0.24742268041237114
sec-,4,0.0,0.75,0.0,0.7534246575342466,0.2465753424657534,28,6,0.0,0.24742268041237114
values,6,0.0,1.0,0.0,0.7534246575342466,0.2465753424657534,28,6,0.0,0.24742268041237114
for,3,0.0,1.0,0.0,0.7534246575342466,0.2465753424657534,28,6,0.0,0.24742268041237114
V,1,1.0,0.0,0.0,0.7534246575342466,0.2465753424657534,28,6,0.0,0.24742268041237114
"band,",5,0.0,0.8,0.0,0.7534246575342466,0.2465753424657534,28,6,0.0,0.24742268041237114
we,2,0.0,1.0,0.0,0.7534246575342466,0.2465753424657534,28,6,0.0,0.24742268041237114
obtain,6,0.0,1.0,0.0,0.7534246575342466,0.2465753424657534,28,6,0.0,0.24742268041237114
a,1,0.0,1.0,0.0,0.7534246575342466,0.2465753424657534,28,6,0.0,0.24742268041237114
dust,4,0.0,1.0,0.0,0.7534246575342466,0.2465753424657534,28,6,0.0,0.24742268041237114
production,10,0.0,1.0,0.0,0.7534246575342466,0.2465753424657534,28,6,0.0,0.24742268041237114
"rate,",5,0.0,0.8,0.0,0.7534246575342466,0.2465753424657534,28,6,0.0,0.24742268041237114
Qd,2,0.5,0.5,0.0,0.7534246575342466,0.2465753424657534,28,6,0.0,0.24742268041237114
∼,1,0.0,0.0,0.0,0.7534246575342466,0.2465753424657534,28,6,0.0,0.24742268041237114
30,2,0.0,0.0,1.0,0.7534246575342466,0.2465753424657534,28,6,0.0,0.24742268041237114
kg,2,0.0,1.0,0.0,0.7534246575342466,0.2465753424657534,28,6,0.0,0.24742268041237114
s−1,3,0.0,0.3333333333333333,0.3333333333333333,0.7534246575342466,0.2465753424657534,28,6,0.0,0.24742268041237114
.,1,0.0,0.0,0.0,0.7534246575342466,0.2465753424657534,28,6,0.0,0.24742268041237114
tion,4,0.0,1.0,0.0,0.7902097902097902,0.2097902097902098,23,5,0.0,0.2628865979381443
with,4,0.0,1.0,0.0,0.7902097902097902,0.2097902097902098,23,5,0.0,0.2628865979381443
heliocentric,12,0.0,1.0,0.0,0.7902097902097902,0.2097902097902098,23,5,0.0,0.2628865979381443
distance,8,0.0,1.0,0.0,0.7902097902097902,0.2097902097902098,23,5,0.0,0.2628865979381443
reported,8,0.0,1.0,0.0,0.7902097902097902,0.2097902097902098,23,5,0.0,0.2628865979381443
by,2,0.0,1.0,0.0,0.7902097902097902,0.2097902097902098,23,5,0.0,0.2628865979381443
Bolin,5,0.2,0.8,0.0,0.7902097902097902,0.2097902097902098,23,5,0.0,0.2628865979381443
et,2,0.0,1.0,0.0,0.7902097902097902,0.2097902097902098,23,5,0.0,0.2628865979381443
al.,3,0.0,0.6666666666666666,0.0,0.7902097902097902,0.2097902097902098,23,5,0.0,0.2628865979381443
"(2020),",7,0.0,0.0,0.5714285714285714,0.7902097902097902,0.2097902097902098,23,5,0.0,0.2628865979381443
the,3,0.0,1.0,0.0,0.7902097902097902,0.2097902097902098,23,5,0.0,0.2628865979381443
This,4,0.25,0.75,0.0,0.7902097902097902,0.2097902097902098,23,5,0.0,0.2628865979381443
absolute,8,0.0,1.0,0.0,0.7902097902097902,0.2097902097902098,23,5,0.0,0.2628865979381443
value,5,0.0,1.0,0.0,0.7902097902097902,0.2097902097902098,23,5,0.0,0.2628865979381443
of,2,0.0,1.0,0.0,0.7902097902097902,0.2097902097902098,23,5,0.0,0.2628865979381443
dust,4,0.0,1.0,0.0,0.7902097902097902,0.2097902097902098,23,5,0.0,0.2628865979381443
production,10,0.0,1.0,0.0,0.7902097902097902,0.2097902097902098,23,5,0.0,0.2628865979381443
rate,4,0.0,1.0,0.0,0.7902097902097902,0.2097902097902098,23,5,0.0,0.2628865979381443
is,2,0.0,1.0,0.0,0.7902097902097902,0.2097902097902098,23,5,0.0,0.2628865979381443
in,2,0.0,1.0,0.0,0.7902097902097902,0.2097902097902098,23,5,0.0,0.2628865979381443
agreement,9,0.0,1.0,0.0,0.7902097902097902,0.2097902097902098,23,5,0.0,0.2628865979381443
to,2,0.0,1.0,0.0,0.7902097902097902,0.2097902097902098,23,5,0.0,0.2628865979381443
the,3,0.0,1.0,0.0,0.7902097902097902,0.2097902097902098,23,5,0.0,0.2628865979381443
cross,5,0.0,1.0,0.0,0.7945205479452054,0.20547945205479456,26,4,0.0,0.24742268041237114
section,7,0.0,1.0,0.0,0.7945205479452054,0.20547945205479456,26,4,0.0,0.24742268041237114
is,2,0.0,1.0,0.0,0.7945205479452054,0.20547945205479456,26,4,0.0,0.24742268041237114
seen,4,0.0,1.0,0.0,0.7945205479452054,0.20547945205479456,26,4,0.0,0.24742268041237114
to,2,0.0,1.0,0.0,0.7945205479452054,0.20547945205479456,26,4,0.0,0.24742268041237114
be,2,0.0,1.0,0.0,0.7945205479452054,0.20547945205479456,26,4,0.0,0.24742268041237114
increasing,10,0.0,1.0,0.0,0.7945205479452054,0.20547945205479456,26,4,0.0,0.24742268041237114
till,4,0.0,1.0,0.0,0.7945205479452054,0.20547945205479456,26,4,0.0,0.24742268041237114
the,3,0.0,1.0,0.0,0.7945205479452054,0.20547945205479456,26,4,0.0,0.24742268041237114
day,3,0.0,1.0,0.0,0.7945205479452054,0.20547945205479456,26,4,0.0,0.24742268041237114
when,4,0.0,1.0,0.0,0.7945205479452054,0.20547945205479456,26,4,0.0,0.24742268041237114
2I,2,0.5,0.0,0.5,0.7945205479452054,0.20547945205479456,26,4,0.0,0.24742268041237114
crossed,7,0.0,1.0,0.0,0.7945205479452054,0.20547945205479456,26,4,0.0,0.24742268041237114
the,3,0.0,1.0,0.0,0.7945205479452054,0.20547945205479456,26,4,0.0,0.24742268041237114
values,6,0.0,1.0,0.0,0.7945205479452054,0.20547945205479456,26,4,0.0,0.24742268041237114
reported,8,0.0,1.0,0.0,0.7945205479452054,0.20547945205479456,26,4,0.0,0.24742268041237114
in,2,0.0,1.0,0.0,0.7945205479452054,0.20547945205479456,26,4,0.0,0.24742268041237114
Cremonese,9,0.1111111111111111,0.8888888888888888,0.0,0.7945205479452054,0.20547945205479456,26,4,0.0,0.24742268041237114
et,2,0.0,1.0,0.0,0.7945205479452054,0.20547945205479456,26,4,0.0,0.24742268041237114
al.,3,0.0,0.6666666666666666,0.0,0.7945205479452054,0.20547945205479456,26,4,0.0,0.24742268041237114
"(2020),",7,0.0,0.0,0.5714285714285714,0.7945205479452054,0.20547945205479456,26,4,0.0,0.24742268041237114
Jewitt,6,0.16666666666666666,0.8333333333333334,0.0,0.7945205479452054,0.20547945205479456,26,4,0.0,0.24742268041237114
et,2,0.0,1.0,0.0,0.7945205479452054,0.20547945205479456,26,4,0.0,0.24742268041237114
al.,3,0.0,0.6666666666666666,0.0,0.7945205479452054,0.20547945205479456,26,4,0.0,0.24742268041237114
(2020b),7,0.0,0.14285714285714285,0.5714285714285714,0.7945205479452054,0.20547945205479456,26,4,0.0,0.24742268041237114
and,3,0.0,1.0,0.0,0.7945205479452054,0.20547945205479456,26,4,0.0,0.24742268041237114
water-ice,9,0.0,0.8888888888888888,0.0,0.7862068965517242,0.21379310344827585,24,5,0.0,0.25257731958762886
line,4,0.0,1.0,0.0,0.7862068965517242,0.21379310344827585,24,5,0.0,0.25257731958762886
at,2,0.0,1.0,0.0,0.7862068965517242,0.21379310344827585,24,5,0.0,0.25257731958762886
2.5,3,0.0,0.0,0.6666666666666666,0.7862068965517242,0.21379310344827585,24,5,0.0,0.25257731958762886
AU,2,1.0,0.0,0.0,0.7862068965517242,0.21379310344827585,24,5,0.0,0.25257731958762886
and,3,0.0,1.0,0.0,0.7862068965517242,0.21379310344827585,24,5,0.0,0.25257731958762886
decreasing,10,0.0,1.0,0.0,0.7862068965517242,0.21379310344827585,24,5,0.0,0.25257731958762886
later,5,0.0,1.0,0.0,0.7862068965517242,0.21379310344827585,24,5,0.0,0.25257731958762886
on.,3,0.0,0.6666666666666666,0.0,0.7862068965517242,0.21379310344827585,24,5,0.0,0.25257731958762886
Clubbing,8,0.125,0.875,0.0,0.7862068965517242,0.21379310344827585,24,5,0.0,0.25257731958762886
the,3,0.0,1.0,0.0,0.7862068965517242,0.21379310344827585,24,5,0.0,0.25257731958762886
short,5,0.0,1.0,0.0,0.7862068965517242,0.21379310344827585,24,5,0.0,0.25257731958762886
Kim,3,0.3333333333333333,0.6666666666666666,0.0,0.7862068965517242,0.21379310344827585,24,5,0.0,0.25257731958762886
et,2,0.0,1.0,0.0,0.7862068965517242,0.21379310344827585,24,5,0.0,0.25257731958762886
al.,3,0.0,0.6666666666666666,0.0,0.7862068965517242,0.21379310344827585,24,5,0.0,0.25257731958762886
(2020).,7,0.0,0.0,0.5714285714285714,0.7862068965517242,0.21379310344827585,24,5,0.0,0.25257731958762886
Considering,11,0.09090909090909091,0.9090909090909091,0.0,0.7862068965517242,0.21379310344827585,24,5,0.0,0.25257731958762886
this,4,0.0,1.0,0.0,0.7862068965517242,0.21379310344827585,24,5,0.0,0.25257731958762886
dust,4,0.0,1.0,0.0,0.7862068965517242,0.21379310344827585,24,5,0.0,0.25257731958762886
to,2,0.0,1.0,0.0,0.7862068965517242,0.21379310344827585,24,5,0.0,0.25257731958762886
be,2,0.0,1.0,0.0,0.7862068965517242,0.21379310344827585,24,5,0.0,0.25257731958762886
produced,8,0.0,1.0,0.0,0.7862068965517242,0.21379310344827585,24,5,0.0,0.25257731958762886
by,2,0.0,1.0,0.0,0.7862068965517242,0.21379310344827585,24,5,0.0,0.25257731958762886
water-ice,9,0.0,0.8888888888888888,0.0,0.7862068965517242,0.21379310344827585,24,5,0.0,0.25257731958762886
range,5,0.0,1.0,0.0,0.7832167832167832,0.21678321678321677,23,6,0.0,0.2628865979381443
trends,6,0.0,1.0,0.0,0.7832167832167832,0.21678321678321677,23,6,0.0,0.2628865979381443
reported,8,0.0,1.0,0.0,0.7832167832167832,0.21678321678321677,23,6,0.0,0.2628865979381443
in,2,0.0,1.0,0.0,0.7832167832167832,0.21678321678321677,23,6,0.0,0.2628865979381443
Jewitt,6,0.16666666666666666,0.8333333333333334,0.0,0.7832167832167832,0.21678321678321677,23,6,0.0,0.2628865979381443
&,1,0.0,0.0,0.0,0.7832167832167832,0.21678321678321677,23,6,0.0,0.2628865979381443
Luu,3,0.3333333333333333,0.6666666666666666,0.0,0.7832167832167832,0.21678321678321677,23,6,0.0,0.2628865979381443
(2019),6,0.0,0.0,0.6666666666666666,0.7832167832167832,0.21678321678321677,23,6,0.0,0.2628865979381443
(before,7,0.0,0.8571428571428571,0.0,0.7832167832167832,0.21678321678321677,23,6,0.0,0.2628865979381443
2I,2,0.5,0.0,0.5,0.7832167832167832,0.21678321678321677,23,6,0.0,0.2628865979381443
crossed,7,0.0,1.0,0.0,0.7832167832167832,0.21678321678321677,23,6,0.0,0.2628865979381443
the,3,0.0,1.0,0.0,0.7832167832167832,0.21678321678321677,23,6,0.0,0.2628865979381443
"sublimation,",12,0.0,0.9166666666666666,0.0,0.7832167832167832,0.21678321678321677,23,6,0.0,0.2628865979381443
the,3,0.0,1.0,0.0,0.7832167832167832,0.21678321678321677,23,6,0.0,0.2628865979381443
patch,5,0.0,1.0,0.0,0.7832167832167832,0.21678321678321677,23,6,0.0,0.2628865979381443
of,2,0.0,1.0,0.0,0.7832167832167832,0.21678321678321677,23,6,0.0,0.2628865979381443
area,4,0.0,1.0,0.0,0.7832167832167832,0.21678321678321677,23,6,0.0,0.2628865979381443
supplying,9,0.0,1.0,0.0,0.7832167832167832,0.21678321678321677,23,6,0.0,0.2628865979381443
this,4,0.0,1.0,0.0,0.7832167832167832,0.21678321678321677,23,6,0.0,0.2628865979381443
dust,4,0.0,1.0,0.0,0.7832167832167832,0.21678321678321677,23,6,0.0,0.2628865979381443
can,3,0.0,1.0,0.0,0.7832167832167832,0.21678321678321677,23,6,0.0,0.2628865979381443
be,2,0.0,1.0,0.0,0.7832167832167832,0.21678321678321677,23,6,0.0,0.2628865979381443
computed,8,0.0,1.0,0.0,0.7832167832167832,0.21678321678321677,23,6,0.0,0.2628865979381443
water-ice,9,0.0,0.8888888888888888,0.0,0.76,0.24,31,4,0.0,0.22680412371134018
line),5,0.0,0.8,0.0,0.76,0.24,31,4,0.0,0.22680412371134018
and,3,0.0,1.0,0.0,0.76,0.24,31,4,0.0,0.22680412371134018
in,2,0.0,1.0,0.0,0.76,0.24,31,4,0.0,0.22680412371134018
this,4,0.0,1.0,0.0,0.76,0.24,31,4,0.0,0.22680412371134018
work,4,0.0,1.0,0.0,0.76,0.24,31,4,0.0,0.22680412371134018
(after,6,0.0,0.8333333333333334,0.0,0.76,0.24,31,4,0.0,0.22680412371134018
2I,2,0.5,0.0,0.5,0.76,0.24,31,4,0.0,0.22680412371134018
crossed,7,0.0,1.0,0.0,0.76,0.24,31,4,0.0,0.22680412371134018
the,3,0.0,1.0,0.0,0.76,0.24,31,4,0.0,0.22680412371134018
water-ice,9,0.0,0.8888888888888888,0.0,0.76,0.24,31,4,0.0,0.22680412371134018
line),5,0.0,0.8,0.0,0.76,0.24,31,4,0.0,0.22680412371134018
as,2,0.0,1.0,0.0,0.76,0.24,31,4,0.0,0.22680412371134018
A,1,1.0,0.0,0.0,0.76,0.24,31,4,0.0,0.22680412371134018
=,1,0.0,0.0,0.0,0.76,0.24,31,4,0.0,0.22680412371134018
Qd,2,0.5,0.5,0.0,0.76,0.24,31,4,0.0,0.22680412371134018
/,1,0.0,0.0,0.0,0.76,0.24,31,4,0.0,0.22680412371134018
f,1,0.0,1.0,0.0,0.76,0.24,31,4,0.0,0.22680412371134018
s,1,0.0,1.0,0.0,0.76,0.24,31,4,0.0,0.22680412371134018
",",1,0.0,0.0,0.0,0.76,0.24,31,4,0.0,0.22680412371134018
where,5,0.0,1.0,0.0,0.76,0.24,31,4,0.0,0.22680412371134018
f,1,0.0,1.0,0.0,0.76,0.24,31,4,0.0,0.22680412371134018
s,1,0.0,1.0,0.0,0.76,0.24,31,4,0.0,0.22680412371134018
is,2,0.0,1.0,0.0,0.76,0.24,31,4,0.0,0.22680412371134018
the,3,0.0,1.0,0.0,0.76,0.24,31,4,0.0,0.22680412371134018
specific,8,0.0,1.0,0.0,0.76,0.24,31,4,0.0,0.22680412371134018
rate,4,0.0,1.0,0.0,0.76,0.24,31,4,0.0,0.22680412371134018
of,2,0.0,1.0,0.0,0.76,0.24,31,4,0.0,0.22680412371134018
mass,4,0.0,1.0,0.0,0.76,0.24,31,4,0.0,0.22680412371134018
sublimation,11,0.0,1.0,0.0,0.76,0.24,31,4,0.0,0.22680412371134018
flux,4,0.0,1.0,0.0,0.76,0.24,31,4,0.0,0.22680412371134018
along,5,0.0,1.0,0.0,0.8040540540540541,0.19594594594594594,26,3,0.0,0.23711340206185572
with,4,0.0,1.0,0.0,0.8040540540540541,0.19594594594594594,26,3,0.0,0.23711340206185572
the,3,0.0,1.0,0.0,0.8040540540540541,0.19594594594594594,26,3,0.0,0.23711340206185572
larger,6,0.0,1.0,0.0,0.8040540540540541,0.19594594594594594,26,3,0.0,0.23711340206185572
range,5,0.0,1.0,0.0,0.8040540540540541,0.19594594594594594,26,3,0.0,0.23711340206185572
trend,5,0.0,1.0,0.0,0.8040540540540541,0.19594594594594594,26,3,0.0,0.23711340206185572
reported,8,0.0,1.0,0.0,0.8040540540540541,0.19594594594594594,26,3,0.0,0.23711340206185572
in,2,0.0,1.0,0.0,0.8040540540540541,0.19594594594594594,26,3,0.0,0.23711340206185572
Bolin,5,0.2,0.8,0.0,0.8040540540540541,0.19594594594594594,26,3,0.0,0.23711340206185572
et,2,0.0,1.0,0.0,0.8040540540540541,0.19594594594594594,26,3,0.0,0.23711340206185572
al.,3,0.0,0.6666666666666666,0.0,0.8040540540540541,0.19594594594594594,26,3,0.0,0.23711340206185572
"(2020),",7,0.0,0.0,0.5714285714285714,0.8040540540540541,0.19594594594594594,26,3,0.0,0.23711340206185572
it,2,0.0,1.0,0.0,0.8040540540540541,0.19594594594594594,26,3,0.0,0.23711340206185572
is,2,0.0,1.0,0.0,0.8040540540540541,0.19594594594594594,26,3,0.0,0.23711340206185572
at,2,0.0,1.0,0.0,0.8040540540540541,0.19594594594594594,26,3,0.0,0.23711340206185572
equilibrium.,12,0.0,0.9166666666666666,0.0,0.8040540540540541,0.19594594594594594,26,3,0.0,0.23711340206185572
According,9,0.1111111111111111,0.8888888888888888,0.0,0.8040540540540541,0.19594594594594594,26,3,0.0,0.23711340206185572
to,2,0.0,1.0,0.0,0.8040540540540541,0.19594594594594594,26,3,0.0,0.23711340206185572
Jewitt,6,0.16666666666666666,0.8333333333333334,0.0,0.8040540540540541,0.19594594594594594,26,3,0.0,0.23711340206185572
et,2,0.0,1.0,0.0,0.8040540540540541,0.19594594594594594,26,3,0.0,0.23711340206185572
al.,3,0.0,0.6666666666666666,0.0,0.8040540540540541,0.19594594594594594,26,3,0.0,0.23711340206185572
"(2015),",7,0.0,0.0,0.5714285714285714,0.8040540540540541,0.19594594594594594,26,3,0.0,0.23711340206185572
the,3,0.0,1.0,0.0,0.8040540540540541,0.19594594594594594,26,3,0.0,0.23711340206185572
specific,8,0.0,1.0,0.0,0.8040540540540541,0.19594594594594594,26,3,0.0,0.23711340206185572
rate,4,0.0,1.0,0.0,0.8040540540540541,0.19594594594594594,26,3,0.0,0.23711340206185572
of,2,0.0,1.0,0.0,0.8040540540540541,0.19594594594594594,26,3,0.0,0.23711340206185572
clear,5,0.0,1.0,0.0,0.782312925170068,0.217687074829932,27,4,0.0,0.24226804123711343
that,4,0.0,1.0,0.0,0.782312925170068,0.217687074829932,27,4,0.0,0.24226804123711343
there,5,0.0,1.0,0.0,0.782312925170068,0.217687074829932,27,4,0.0,0.24226804123711343
was,3,0.0,1.0,0.0,0.782312925170068,0.217687074829932,27,4,0.0,0.24226804123711343
a,1,0.0,1.0,0.0,0.782312925170068,0.217687074829932,27,4,0.0,0.24226804123711343
steady,6,0.0,1.0,0.0,0.782312925170068,0.217687074829932,27,4,0.0,0.24226804123711343
increase,8,0.0,1.0,0.0,0.782312925170068,0.217687074829932,27,4,0.0,0.24226804123711343
in,2,0.0,1.0,0.0,0.782312925170068,0.217687074829932,27,4,0.0,0.24226804123711343
the,3,0.0,1.0,0.0,0.782312925170068,0.217687074829932,27,4,0.0,0.24226804123711343
scattering,10,0.0,1.0,0.0,0.782312925170068,0.217687074829932,27,4,0.0,0.24226804123711343
cross,5,0.0,1.0,0.0,0.782312925170068,0.217687074829932,27,4,0.0,0.24226804123711343
section,7,0.0,1.0,0.0,0.782312925170068,0.217687074829932,27,4,0.0,0.24226804123711343
mass,4,0.0,1.0,0.0,0.782312925170068,0.217687074829932,27,4,0.0,0.24226804123711343
sublimation,11,0.0,1.0,0.0,0.782312925170068,0.217687074829932,27,4,0.0,0.24226804123711343
flux,4,0.0,1.0,0.0,0.782312925170068,0.217687074829932,27,4,0.0,0.24226804123711343
at,2,0.0,1.0,0.0,0.782312925170068,0.217687074829932,27,4,0.0,0.24226804123711343
"equilibrium,",12,0.0,0.9166666666666666,0.0,0.782312925170068,0.217687074829932,27,4,0.0,0.24226804123711343
f,1,0.0,1.0,0.0,0.782312925170068,0.217687074829932,27,4,0.0,0.24226804123711343
s,1,0.0,1.0,0.0,0.782312925170068,0.217687074829932,27,4,0.0,0.24226804123711343
(Kg,3,0.3333333333333333,0.3333333333333333,0.0,0.782312925170068,0.217687074829932,27,4,0.0,0.24226804123711343
m−2,3,0.0,0.3333333333333333,0.3333333333333333,0.782312925170068,0.217687074829932,27,4,0.0,0.24226804123711343
s−1,3,0.0,0.3333333333333333,0.3333333333333333,0.782312925170068,0.217687074829932,27,4,0.0,0.24226804123711343
"),",2,0.0,0.0,0.0,0.782312925170068,0.217687074829932,27,4,0.0,0.24226804123711343
for,3,0.0,1.0,0.0,0.782312925170068,0.217687074829932,27,4,0.0,0.24226804123711343
a,1,0.0,1.0,0.0,0.782312925170068,0.217687074829932,27,4,0.0,0.24226804123711343
body,4,0.0,1.0,0.0,0.782312925170068,0.217687074829932,27,4,0.0,0.24226804123711343
at,2,0.0,1.0,0.0,0.782312925170068,0.217687074829932,27,4,0.0,0.24226804123711343
till,4,0.0,1.0,0.0,0.8195488721804511,0.18045112781954886,19,4,0.0,0.31443298969072164
the,3,0.0,1.0,0.0,0.8195488721804511,0.18045112781954886,19,4,0.0,0.31443298969072164
water-ice,9,0.0,0.8888888888888888,0.0,0.8195488721804511,0.18045112781954886,19,4,0.0,0.31443298969072164
line,4,0.0,1.0,0.0,0.8195488721804511,0.18045112781954886,19,4,0.0,0.31443298969072164
beyond,6,0.0,1.0,0.0,0.8195488721804511,0.18045112781954886,19,4,0.0,0.31443298969072164
which,5,0.0,1.0,0.0,0.8195488721804511,0.18045112781954886,19,4,0.0,0.31443298969072164
it,2,0.0,1.0,0.0,0.8195488721804511,0.18045112781954886,19,4,0.0,0.31443298969072164
decreased,9,0.0,1.0,0.0,0.8195488721804511,0.18045112781954886,19,4,0.0,0.31443298969072164
systematically.,15,0.0,0.9333333333333333,0.0,0.8195488721804511,0.18045112781954886,19,4,0.0,0.31443298969072164
This,4,0.25,0.75,0.0,0.8195488721804511,0.18045112781954886,19,4,0.0,0.31443298969072164
a,1,0.0,1.0,0.0,0.8195488721804511,0.18045112781954886,19,4,0.0,0.31443298969072164
heliocentric,12,0.0,1.0,0.0,0.8195488721804511,0.18045112781954886,19,4,0.0,0.31443298969072164
distance,8,0.0,1.0,0.0,0.8195488721804511,0.18045112781954886,19,4,0.0,0.31443298969072164
R,1,1.0,0.0,0.0,0.8195488721804511,0.18045112781954886,19,4,0.0,0.31443298969072164
is,2,0.0,1.0,0.0,0.8195488721804511,0.18045112781954886,19,4,0.0,0.31443298969072164
obtained,8,0.0,1.0,0.0,0.8195488721804511,0.18045112781954886,19,4,0.0,0.31443298969072164
from,4,0.0,1.0,0.0,0.8195488721804511,0.18045112781954886,19,4,0.0,0.31443298969072164
the,3,0.0,1.0,0.0,0.8195488721804511,0.18045112781954886,19,4,0.0,0.31443298969072164
"equation,",9,0.0,0.8888888888888888,0.0,0.8195488721804511,0.18045112781954886,19,4,0.0,0.31443298969072164
observation,11,0.0,1.0,0.0,0.8571428571428571,0.1428571428571429,11,1,0.0,0.6391752577319587
is,2,0.0,1.0,0.0,0.8571428571428571,0.1428571428571429,11,1,0.0,0.6391752577319587
not,3,0.0,1.0,0.0,0.8571428571428571,0.1428571428571429,11,1,0.0,0.6391752577319587
in,2,0.0,1.0,0.0,0.8571428571428571,0.1428571428571429,11,1,0.0,0.6391752577319587
agreement,9,0.0,1.0,0.0,0.8571428571428571,0.1428571428571429,11,1,0.0,0.6391752577319587
with,4,0.0,1.0,0.0,0.8571428571428571,0.1428571428571429,11,1,0.0,0.6391752577319587
the,3,0.0,1.0,0.0,0.8571428571428571,0.1428571428571429,11,1,0.0,0.6391752577319587
variation,9,0.0,1.0,0.0,0.8571428571428571,0.1428571428571429,11,1,0.0,0.6391752577319587
in,2,0.0,1.0,0.0,0.8571428571428571,0.1428571428571429,11,1,0.0,0.6391752577319587
scattering,10,0.0,1.0,0.0,0.8571428571428571,0.1428571428571429,11,1,0.0,0.6391752577319587
cross,5,0.0,1.0,0.0,0.8571428571428571,0.1428571428571429,11,1,0.0,0.6391752577319587
F,1,1.0,0.0,0.0,0.06896551724137931,0.9310344827586207,4,1,0.4020618556701031,0.5515463917525774
(1,2,0.0,0.0,0.5,0.06896551724137931,0.9310344827586207,4,1,0.4020618556701031,0.5515463917525774
−,1,0.0,0.0,0.0,0.06896551724137931,0.9310344827586207,4,1,0.4020618556701031,0.5515463917525774
A),2,0.5,0.0,0.0,0.06896551724137931,0.9310344827586207,4,1,0.4020618556701031,0.5515463917525774
section,7,0.0,1.0,0.0,0.4968152866242038,0.5031847133757962,24,29,0.0,0.19072164948453607
reported,8,0.0,1.0,0.0,0.4968152866242038,0.5031847133757962,24,29,0.0,0.19072164948453607
by,2,0.0,1.0,0.0,0.4968152866242038,0.5031847133757962,24,29,0.0,0.19072164948453607
Hui,3,0.3333333333333333,0.6666666666666666,0.0,0.4968152866242038,0.5031847133757962,24,29,0.0,0.19072164948453607
et,2,0.0,1.0,0.0,0.4968152866242038,0.5031847133757962,24,29,0.0,0.19072164948453607
al.,3,0.0,0.6666666666666666,0.0,0.4968152866242038,0.5031847133757962,24,29,0.0,0.19072164948453607
"(2020),",7,0.0,0.0,0.5714285714285714,0.4968152866242038,0.5031847133757962,24,29,0.0,0.19072164948453607
where,5,0.0,1.0,0.0,0.4968152866242038,0.5031847133757962,24,29,0.0,0.19072164948453607
the,3,0.0,1.0,0.0,0.4968152866242038,0.5031847133757962,24,29,0.0,0.19072164948453607
cross,5,0.0,1.0,0.0,0.4968152866242038,0.5031847133757962,24,29,0.0,0.19072164948453607
section,7,0.0,1.0,0.0,0.4968152866242038,0.5031847133757962,24,29,0.0,0.19072164948453607
is,2,0.0,1.0,0.0,0.4968152866242038,0.5031847133757962,24,29,0.0,0.19072164948453607
seen,4,0.0,1.0,0.0,0.4968152866242038,0.5031847133757962,24,29,0.0,0.19072164948453607
cosθ,4,0.0,1.0,0.0,0.4968152866242038,0.5031847133757962,24,29,0.0,0.19072164948453607
=,1,0.0,0.0,0.0,0.4968152866242038,0.5031847133757962,24,29,0.0,0.19072164948453607
σT,3,0.3333333333333333,0.3333333333333333,0.0,0.4968152866242038,0.5031847133757962,24,29,0.0,0.19072164948453607
4,1,0.0,0.0,1.0,0.4968152866242038,0.5031847133757962,24,29,0.0,0.19072164948453607
+,1,0.0,0.0,0.0,0.4968152866242038,0.5031847133757962,24,29,0.0,0.19072164948453607
L(T,3,0.6666666666666666,0.0,0.0,0.4968152866242038,0.5031847133757962,24,29,0.0,0.19072164948453607
),1,0.0,0.0,0.0,0.4968152866242038,0.5031847133757962,24,29,0.0,0.19072164948453607
f,1,0.0,1.0,0.0,0.4968152866242038,0.5031847133757962,24,29,0.0,0.19072164948453607
s,1,0.0,1.0,0.0,0.4968152866242038,0.5031847133757962,24,29,0.0,0.19072164948453607
",",1,0.0,0.0,0.0,0.4968152866242038,0.5031847133757962,24,29,0.0,0.19072164948453607
(6),3,0.0,0.0,0.3333333333333333,0.4968152866242038,0.5031847133757962,24,29,0.0,0.19072164948453607
R2,2,0.5,0.0,0.5,0.023529411764705882,0.9764705882352941,1,1,0.42783505154639173,0.5618556701030928
to,2,0.0,1.0,0.0,0.8928571428571429,0.1071428571428571,4,1,0.0,0.8556701030927836
be,2,0.0,1.0,0.0,0.8928571428571429,0.1071428571428571,4,1,0.0,0.8556701030927836
continuously,12,0.0,1.0,0.0,0.8928571428571429,0.1071428571428571,4,1,0.0,0.8556701030927836
reducing.,9,0.0,0.8888888888888888,0.0,0.8928571428571429,0.1071428571428571,4,1,0.0,0.8556701030927836
"Further,",8,0.125,0.75,0.0,0.7777777777777778,0.2222222222222222,26,5,0.0,0.25773195876288657
making,6,0.0,1.0,0.0,0.7777777777777778,0.2222222222222222,26,5,0.0,0.25773195876288657
use,3,0.0,1.0,0.0,0.7777777777777778,0.2222222222222222,26,5,0.0,0.25773195876288657
of,2,0.0,1.0,0.0,0.7777777777777778,0.2222222222222222,26,5,0.0,0.25773195876288657
the,3,0.0,1.0,0.0,0.7777777777777778,0.2222222222222222,26,5,0.0,0.25773195876288657
rate,4,0.0,1.0,0.0,0.7777777777777778,0.2222222222222222,26,5,0.0,0.25773195876288657
of,2,0.0,1.0,0.0,0.7777777777777778,0.2222222222222222,26,5,0.0,0.25773195876288657
change,6,0.0,1.0,0.0,0.7777777777777778,0.2222222222222222,26,5,0.0,0.25773195876288657
in,2,0.0,1.0,0.0,0.7777777777777778,0.2222222222222222,26,5,0.0,0.25773195876288657
effective,9,0.0,1.0,0.0,0.7777777777777778,0.2222222222222222,26,5,0.0,0.25773195876288657
cross,5,0.0,1.0,0.0,0.7777777777777778,0.2222222222222222,26,5,0.0,0.25773195876288657
"section,",8,0.0,0.875,0.0,0.7777777777777778,0.2222222222222222,26,5,0.0,0.25773195876288657
where,5,0.0,1.0,0.0,0.7777777777777778,0.2222222222222222,26,5,0.0,0.25773195876288657
F,1,1.0,0.0,0.0,0.7777777777777778,0.2222222222222222,26,5,0.0,0.25773195876288657
is,2,0.0,1.0,0.0,0.7777777777777778,0.2222222222222222,26,5,0.0,0.25773195876288657
the,3,0.0,1.0,0.0,0.7777777777777778,0.2222222222222222,26,5,0.0,0.25773195876288657
solar,5,0.0,1.0,0.0,0.7777777777777778,0.2222222222222222,26,5,0.0,0.25773195876288657
"constant,",9,0.0,0.8888888888888888,0.0,0.7777777777777778,0.2222222222222222,26,5,0.0,0.25773195876288657
A,1,1.0,0.0,0.0,0.7777777777777778,0.2222222222222222,26,5,0.0,0.25773195876288657
is,2,0.0,1.0,0.0,0.7777777777777778,0.2222222222222222,26,5,0.0,0.25773195876288657
the,3,0.0,1.0,0.0,0.7777777777777778,0.2222222222222222,26,5,0.0,0.25773195876288657
"albedo,",7,0.0,0.8571428571428571,0.0,0.7777777777777778,0.2222222222222222,26,5,0.0,0.25773195876288657
,1,0.0,0.0,0.0,0.7777777777777778,0.2222222222222222,26,5,0.0,0.25773195876288657
is,2,0.0,1.0,0.0,0.7777777777777778,0.2222222222222222,26,5,0.0,0.25773195876288657
the,3,0.0,1.0,0.0,0.7777777777777778,0.2222222222222222,26,5,0.0,0.25773195876288657
emissivity,10,0.0,1.0,0.0,0.7777777777777778,0.2222222222222222,26,5,0.0,0.25773195876288657
the,3,0.0,1.0,0.0,0.6620689655172414,0.33793103448275863,23,15,0.0,0.25257731958762886
rate,4,0.0,1.0,0.0,0.6620689655172414,0.33793103448275863,23,15,0.0,0.25257731958762886
of,2,0.0,1.0,0.0,0.6620689655172414,0.33793103448275863,23,15,0.0,0.25257731958762886
dust,4,0.0,1.0,0.0,0.6620689655172414,0.33793103448275863,23,15,0.0,0.25257731958762886
production,10,0.0,1.0,0.0,0.6620689655172414,0.33793103448275863,23,15,0.0,0.25257731958762886
can,3,0.0,1.0,0.0,0.6620689655172414,0.33793103448275863,23,15,0.0,0.25257731958762886
be,2,0.0,1.0,0.0,0.6620689655172414,0.33793103448275863,23,15,0.0,0.25257731958762886
calculated,10,0.0,1.0,0.0,0.6620689655172414,0.33793103448275863,23,15,0.0,0.25257731958762886
"as,",3,0.0,0.6666666666666666,0.0,0.6620689655172414,0.33793103448275863,23,15,0.0,0.25257731958762886
and,3,0.0,1.0,0.0,0.6620689655172414,0.33793103448275863,23,15,0.0,0.25257731958762886
L(T,3,0.6666666666666666,0.0,0.0,0.6620689655172414,0.33793103448275863,23,15,0.0,0.25257731958762886
),1,0.0,0.0,0.0,0.6620689655172414,0.33793103448275863,23,15,0.0,0.25257731958762886
is,2,0.0,1.0,0.0,0.6620689655172414,0.33793103448275863,23,15,0.0,0.25257731958762886
the,3,0.0,1.0,0.0,0.6620689655172414,0.33793103448275863,23,15,0.0,0.25257731958762886
latent,6,0.0,1.0,0.0,0.6620689655172414,0.33793103448275863,23,15,0.0,0.25257731958762886
heat,4,0.0,1.0,0.0,0.6620689655172414,0.33793103448275863,23,15,0.0,0.25257731958762886
of,2,0.0,1.0,0.0,0.6620689655172414,0.33793103448275863,23,15,0.0,0.25257731958762886
sublimation,11,0.0,1.0,0.0,0.6620689655172414,0.33793103448275863,23,15,0.0,0.25257731958762886
of,2,0.0,1.0,0.0,0.6620689655172414,0.33793103448275863,23,15,0.0,0.25257731958762886
ice,3,0.0,1.0,0.0,0.6620689655172414,0.33793103448275863,23,15,0.0,0.25257731958762886
at,2,0.0,1.0,0.0,0.6620689655172414,0.33793103448275863,23,15,0.0,0.25257731958762886
temperature,11,0.0,1.0,0.0,0.6620689655172414,0.33793103448275863,23,15,0.0,0.25257731958762886
T.,2,0.5,0.0,0.0,0.6620689655172414,0.33793103448275863,23,15,0.0,0.25257731958762886
For,3,0.3333333333333333,0.6666666666666666,0.0,0.37142857142857144,0.6285714285714286,12,1,0.39690721649484534,0.27835051546391754
the,3,0.0,1.0,0.0,0.37142857142857144,0.6285714285714286,12,1,0.39690721649484534,0.27835051546391754
comet,5,0.0,1.0,0.0,0.37142857142857144,0.6285714285714286,12,1,0.39690721649484534,0.27835051546391754
2I/Borisov,10,0.2,0.6,0.1,0.37142857142857144,0.6285714285714286,12,1,0.39690721649484534,0.27835051546391754
at,2,0.0,1.0,0.0,0.37142857142857144,0.6285714285714286,12,1,0.39690721649484534,0.27835051546391754
2.7,3,0.0,0.0,0.6666666666666666,0.37142857142857144,0.6285714285714286,12,1,0.39690721649484534,0.27835051546391754
"AU,",3,0.6666666666666666,0.0,0.0,0.37142857142857144,0.6285714285714286,12,1,0.39690721649484534,0.27835051546391754
Jewitt,6,0.16666666666666666,0.8333333333333334,0.0,0.37142857142857144,0.6285714285714286,12,1,0.39690721649484534,0.27835051546391754
&,1,0.0,0.0,0.0,0.37142857142857144,0.6285714285714286,12,1,0.39690721649484534,0.27835051546391754
Luu,3,0.3333333333333333,0.6666666666666666,0.0,0.37142857142857144,0.6285714285714286,12,1,0.39690721649484534,0.27835051546391754
(2019),6,0.0,0.0,0.6666666666666666,0.37142857142857144,0.6285714285714286,12,1,0.39690721649484534,0.27835051546391754
obtains,7,0.0,1.0,0.0,0.37142857142857144,0.6285714285714286,12,1,0.39690721649484534,0.27835051546391754
dM,2,0.5,0.5,0.0,0.7272727272727273,0.2727272727272727,4,1,0.0,0.9432989690721649
4,1,0.0,0.0,1.0,0.7272727272727273,0.2727272727272727,4,1,0.0,0.9432989690721649
d(Ce,4,0.25,0.5,0.0,0.7272727272727273,0.2727272727272727,4,1,0.0,0.9432989690721649
),1,0.0,0.0,0.0,0.7272727272727273,0.2727272727272727,4,1,0.0,0.9432989690721649
=,1,0.0,0.0,0.0,0.4125874125874126,0.5874125874125874,19,31,0.03608247422680412,0.2628865979381443
ρā,3,0.0,0.6666666666666666,0.0,0.4125874125874126,0.5874125874125874,19,31,0.03608247422680412,0.2628865979381443
",",1,0.0,0.0,0.0,0.4125874125874126,0.5874125874125874,19,31,0.03608247422680412,0.2628865979381443
(4),3,0.0,0.0,0.3333333333333333,0.4125874125874126,0.5874125874125874,19,31,0.03608247422680412,0.2628865979381443
f,1,0.0,1.0,0.0,0.4125874125874126,0.5874125874125874,19,31,0.03608247422680412,0.2628865979381443
s,1,0.0,1.0,0.0,0.4125874125874126,0.5874125874125874,19,31,0.03608247422680412,0.2628865979381443
=,1,0.0,0.0,0.0,0.4125874125874126,0.5874125874125874,19,31,0.03608247422680412,0.2628865979381443
4,1,0.0,0.0,1.0,0.4125874125874126,0.5874125874125874,19,31,0.03608247422680412,0.2628865979381443
×,1,0.0,0.0,0.0,0.4125874125874126,0.5874125874125874,19,31,0.03608247422680412,0.2628865979381443
10−5,4,0.0,0.0,0.75,0.4125874125874126,0.5874125874125874,19,31,0.03608247422680412,0.2628865979381443
kg,2,0.0,1.0,0.0,0.4125874125874126,0.5874125874125874,19,31,0.03608247422680412,0.2628865979381443
m−2,3,0.0,0.3333333333333333,0.3333333333333333,0.4125874125874126,0.5874125874125874,19,31,0.03608247422680412,0.2628865979381443
s−1,3,0.0,0.3333333333333333,0.3333333333333333,0.4125874125874126,0.5874125874125874,19,31,0.03608247422680412,0.2628865979381443
.,1,0.0,0.0,0.0,0.4125874125874126,0.5874125874125874,19,31,0.03608247422680412,0.2628865979381443
Considering,11,0.09090909090909091,0.9090909090909091,0.0,0.4125874125874126,0.5874125874125874,19,31,0.03608247422680412,0.2628865979381443
the,3,0.0,1.0,0.0,0.4125874125874126,0.5874125874125874,19,31,0.03608247422680412,0.2628865979381443
change,6,0.0,1.0,0.0,0.4125874125874126,0.5874125874125874,19,31,0.03608247422680412,0.2628865979381443
in,2,0.0,1.0,0.0,0.4125874125874126,0.5874125874125874,19,31,0.03608247422680412,0.2628865979381443
temperature,11,0.0,1.0,0.0,0.4125874125874126,0.5874125874125874,19,31,0.03608247422680412,0.2628865979381443
dt,2,0.0,1.0,0.0,0.3609022556390977,0.6390977443609023,17,36,0.010309278350515464,0.31443298969072164
3,1,0.0,0.0,1.0,0.3609022556390977,0.6390977443609023,17,36,0.010309278350515464,0.31443298969072164
dt,2,0.0,1.0,0.0,0.3609022556390977,0.6390977443609023,17,36,0.010309278350515464,0.31443298969072164
from,4,0.0,1.0,0.0,0.3609022556390977,0.6390977443609023,17,36,0.010309278350515464,0.31443298969072164
2.7,3,0.0,0.0,0.6666666666666666,0.3609022556390977,0.6390977443609023,17,36,0.010309278350515464,0.31443298969072164
to,2,0.0,1.0,0.0,0.3609022556390977,0.6390977443609023,17,36,0.010309278350515464,0.31443298969072164
2.013,5,0.0,0.0,0.8,0.3609022556390977,0.6390977443609023,17,36,0.010309278350515464,0.31443298969072164
AU,2,1.0,0.0,0.0,0.3609022556390977,0.6390977443609023,17,36,0.010309278350515464,0.31443298969072164
to,2,0.0,1.0,0.0,0.3609022556390977,0.6390977443609023,17,36,0.010309278350515464,0.31443298969072164
be,2,0.0,1.0,0.0,0.3609022556390977,0.6390977443609023,17,36,0.010309278350515464,0.31443298969072164
only,4,0.0,1.0,0.0,0.3609022556390977,0.6390977443609023,17,36,0.010309278350515464,0.31443298969072164
∆T,2,0.5,0.0,0.0,0.3609022556390977,0.6390977443609023,17,36,0.010309278350515464,0.31443298969072164
∼,1,0.0,0.0,0.0,0.3609022556390977,0.6390977443609023,17,36,0.010309278350515464,0.31443298969072164
30K,3,0.3333333333333333,0.0,0.6666666666666666,0.3609022556390977,0.6390977443609023,17,36,0.010309278350515464,0.31443298969072164
(Henning,8,0.125,0.75,0.0,0.3609022556390977,0.6390977443609023,17,36,0.010309278350515464,0.31443298969072164
&,1,0.0,0.0,0.0,0.3609022556390977,0.6390977443609023,17,36,0.010309278350515464,0.31443298969072164
Wei-,4,0.25,0.5,0.0,0.3609022556390977,0.6390977443609023,17,36,0.010309278350515464,0.31443298969072164
where,5,0.0,1.0,0.0,0.7832167832167832,0.21678321678321677,26,4,0.0,0.2628865979381443
ρ,1,0.0,1.0,0.0,0.7832167832167832,0.21678321678321677,26,4,0.0,0.2628865979381443
is,2,0.0,1.0,0.0,0.7832167832167832,0.21678321678321677,26,4,0.0,0.2628865979381443
the,3,0.0,1.0,0.0,0.7832167832167832,0.21678321678321677,26,4,0.0,0.2628865979381443
particle,8,0.0,1.0,0.0,0.7832167832167832,0.21678321678321677,26,4,0.0,0.2628865979381443
"density,",8,0.0,0.875,0.0,0.7832167832167832,0.21678321678321677,26,4,0.0,0.2628865979381443
ā,2,0.0,0.5,0.0,0.7832167832167832,0.21678321678321677,26,4,0.0,0.2628865979381443
is,2,0.0,1.0,0.0,0.7832167832167832,0.21678321678321677,26,4,0.0,0.2628865979381443
the,3,0.0,1.0,0.0,0.7832167832167832,0.21678321678321677,26,4,0.0,0.2628865979381443
mean,4,0.0,1.0,0.0,0.7832167832167832,0.21678321678321677,26,4,0.0,0.2628865979381443
particle,8,0.0,1.0,0.0,0.7832167832167832,0.21678321678321677,26,4,0.0,0.2628865979381443
size.,5,0.0,0.8,0.0,0.7832167832167832,0.21678321678321677,26,4,0.0,0.2628865979381443
In,2,0.5,0.5,0.0,0.7832167832167832,0.21678321678321677,26,4,0.0,0.2628865979381443
this,4,0.0,1.0,0.0,0.7832167832167832,0.21678321678321677,26,4,0.0,0.2628865979381443
dlich,5,0.0,1.0,0.0,0.7832167832167832,0.21678321678321677,26,4,0.0,0.2628865979381443
"1988),",6,0.0,0.0,0.6666666666666666,0.7832167832167832,0.21678321678321677,26,4,0.0,0.2628865979381443
the,3,0.0,1.0,0.0,0.7832167832167832,0.21678321678321677,26,4,0.0,0.2628865979381443
value,5,0.0,1.0,0.0,0.7832167832167832,0.21678321678321677,26,4,0.0,0.2628865979381443
for,3,0.0,1.0,0.0,0.7832167832167832,0.21678321678321677,26,4,0.0,0.2628865979381443
latent,6,0.0,1.0,0.0,0.7832167832167832,0.21678321678321677,26,4,0.0,0.2628865979381443
heat,4,0.0,1.0,0.0,0.7832167832167832,0.21678321678321677,26,4,0.0,0.2628865979381443
of,2,0.0,1.0,0.0,0.7832167832167832,0.21678321678321677,26,4,0.0,0.2628865979381443
sublimation,11,0.0,1.0,0.0,0.7832167832167832,0.21678321678321677,26,4,0.0,0.2628865979381443
of,2,0.0,1.0,0.0,0.7832167832167832,0.21678321678321677,26,4,0.0,0.2628865979381443
water,5,0.0,1.0,0.0,0.7832167832167832,0.21678321678321677,26,4,0.0,0.2628865979381443
ice,3,0.0,1.0,0.0,0.7832167832167832,0.21678321678321677,26,4,0.0,0.2628865979381443
work,4,0.0,1.0,0.0,0.7291666666666666,0.27083333333333337,24,9,0.0,0.25773195876288657
we,2,0.0,1.0,0.0,0.7291666666666666,0.27083333333333337,24,9,0.0,0.25773195876288657
have,4,0.0,1.0,0.0,0.7291666666666666,0.27083333333333337,24,9,0.0,0.25773195876288657
accepted,8,0.0,1.0,0.0,0.7291666666666666,0.27083333333333337,24,9,0.0,0.25773195876288657
the,3,0.0,1.0,0.0,0.7291666666666666,0.27083333333333337,24,9,0.0,0.25773195876288657
values,6,0.0,1.0,0.0,0.7291666666666666,0.27083333333333337,24,9,0.0,0.25773195876288657
of,2,0.0,1.0,0.0,0.7291666666666666,0.27083333333333337,24,9,0.0,0.25773195876288657
ρ,1,0.0,1.0,0.0,0.7291666666666666,0.27083333333333337,24,9,0.0,0.25773195876288657
=,1,0.0,0.0,0.0,0.7291666666666666,0.27083333333333337,24,9,0.0,0.25773195876288657
1g/cm3,6,0.0,0.5,0.3333333333333333,0.7291666666666666,0.27083333333333337,24,9,0.0,0.25773195876288657
(Jewitt,7,0.14285714285714285,0.7142857142857143,0.0,0.7291666666666666,0.27083333333333337,24,9,0.0,0.25773195876288657
&,1,0.0,0.0,0.0,0.7291666666666666,0.27083333333333337,24,9,0.0,0.25773195876288657
Luu,3,0.3333333333333333,0.6666666666666666,0.0,0.7291666666666666,0.27083333333333337,24,9,0.0,0.25773195876288657
does,4,0.0,1.0,0.0,0.7291666666666666,0.27083333333333337,24,9,0.0,0.25773195876288657
not,3,0.0,1.0,0.0,0.7291666666666666,0.27083333333333337,24,9,0.0,0.25773195876288657
change,6,0.0,1.0,0.0,0.7291666666666666,0.27083333333333337,24,9,0.0,0.25773195876288657
significantly.,14,0.0,0.9285714285714286,0.0,0.7291666666666666,0.27083333333333337,24,9,0.0,0.25773195876288657
Hence,5,0.2,0.8,0.0,0.7291666666666666,0.27083333333333337,24,9,0.0,0.25773195876288657
from,4,0.0,1.0,0.0,0.7291666666666666,0.27083333333333337,24,9,0.0,0.25773195876288657
Equation.,9,0.1111111111111111,0.7777777777777778,0.0,0.7291666666666666,0.27083333333333337,24,9,0.0,0.25773195876288657
"6,",2,0.0,0.0,0.5,0.7291666666666666,0.27083333333333337,24,9,0.0,0.25773195876288657
for,3,0.0,1.0,0.0,0.7291666666666666,0.27083333333333337,24,9,0.0,0.25773195876288657
the,3,0.0,1.0,0.0,0.7291666666666666,0.27083333333333337,24,9,0.0,0.25773195876288657
cur-,4,0.0,0.75,0.0,0.7291666666666666,0.27083333333333337,24,9,0.0,0.25773195876288657
2019),5,0.0,0.0,0.8,0.7062937062937062,0.29370629370629375,26,10,0.0,0.2628865979381443
and,3,0.0,1.0,0.0,0.7062937062937062,0.29370629370629375,26,10,0.0,0.2628865979381443
ā,2,0.0,0.5,0.0,0.7062937062937062,0.29370629370629375,26,10,0.0,0.2628865979381443
=,1,0.0,0.0,0.0,0.7062937062937062,0.29370629370629375,26,10,0.0,0.2628865979381443
100,3,0.0,0.0,1.0,0.7062937062937062,0.29370629370629375,26,10,0.0,0.2628865979381443
µm,2,0.0,1.0,0.0,0.7062937062937062,0.29370629370629375,26,10,0.0,0.2628865979381443
(Jewitt,7,0.14285714285714285,0.7142857142857143,0.0,0.7062937062937062,0.29370629370629375,26,10,0.0,0.2628865979381443
&,1,0.0,0.0,0.0,0.7062937062937062,0.29370629370629375,26,10,0.0,0.2628865979381443
Luu,3,0.3333333333333333,0.6666666666666666,0.0,0.7062937062937062,0.29370629370629375,26,10,0.0,0.2628865979381443
2019;,5,0.0,0.0,0.8,0.7062937062937062,0.29370629370629375,26,10,0.0,0.2628865979381443
Hui,3,0.3333333333333333,0.6666666666666666,0.0,0.7062937062937062,0.29370629370629375,26,10,0.0,0.2628865979381443
et,2,0.0,1.0,0.0,0.7062937062937062,0.29370629370629375,26,10,0.0,0.2628865979381443
al.,3,0.0,0.6666666666666666,0.0,0.7062937062937062,0.29370629370629375,26,10,0.0,0.2628865979381443
2020).,6,0.0,0.0,0.6666666666666666,0.7062937062937062,0.29370629370629375,26,10,0.0,0.2628865979381443
rent,4,0.0,1.0,0.0,0.7062937062937062,0.29370629370629375,26,10,0.0,0.2628865979381443
"work,",5,0.0,0.8,0.0,0.7062937062937062,0.29370629370629375,26,10,0.0,0.2628865979381443
we,2,0.0,1.0,0.0,0.7062937062937062,0.29370629370629375,26,10,0.0,0.2628865979381443
obtain,6,0.0,1.0,0.0,0.7062937062937062,0.29370629370629375,26,10,0.0,0.2628865979381443
the,3,0.0,1.0,0.0,0.7062937062937062,0.29370629370629375,26,10,0.0,0.2628865979381443
specific,8,0.0,1.0,0.0,0.7062937062937062,0.29370629370629375,26,10,0.0,0.2628865979381443
rate,4,0.0,1.0,0.0,0.7062937062937062,0.29370629370629375,26,10,0.0,0.2628865979381443
of,2,0.0,1.0,0.0,0.7062937062937062,0.29370629370629375,26,10,0.0,0.2628865979381443
mass,4,0.0,1.0,0.0,0.7062937062937062,0.29370629370629375,26,10,0.0,0.2628865979381443
sublimation,11,0.0,1.0,0.0,0.7062937062937062,0.29370629370629375,26,10,0.0,0.2628865979381443
flux,4,0.0,1.0,0.0,0.7062937062937062,0.29370629370629375,26,10,0.0,0.2628865979381443
to,2,0.0,1.0,0.0,0.7062937062937062,0.29370629370629375,26,10,0.0,0.2628865979381443
Substituting,12,0.08333333333333333,0.9166666666666666,0.0,0.7272727272727273,0.2727272727272727,28,7,0.0,0.2628865979381443
these,5,0.0,1.0,0.0,0.7272727272727273,0.2727272727272727,28,7,0.0,0.2628865979381443
"values,",7,0.0,0.8571428571428571,0.0,0.7272727272727273,0.2727272727272727,28,7,0.0,0.2628865979381443
we,2,0.0,1.0,0.0,0.7272727272727273,0.2727272727272727,28,7,0.0,0.2628865979381443
get,3,0.0,1.0,0.0,0.7272727272727273,0.2727272727272727,28,7,0.0,0.2628865979381443
the,3,0.0,1.0,0.0,0.7272727272727273,0.2727272727272727,28,7,0.0,0.2628865979381443
average,7,0.0,1.0,0.0,0.7272727272727273,0.2727272727272727,28,7,0.0,0.2628865979381443
net,3,0.0,1.0,0.0,0.7272727272727273,0.2727272727272727,28,7,0.0,0.2628865979381443
mass,4,0.0,1.0,0.0,0.7272727272727273,0.2727272727272727,28,7,0.0,0.2628865979381443
loss,4,0.0,1.0,0.0,0.7272727272727273,0.2727272727272727,28,7,0.0,0.2628865979381443
rate,4,0.0,1.0,0.0,0.7272727272727273,0.2727272727272727,28,7,0.0,0.2628865979381443
be,2,0.0,1.0,0.0,0.7272727272727273,0.2727272727272727,28,7,0.0,0.2628865979381443
f,1,0.0,1.0,0.0,0.7272727272727273,0.2727272727272727,28,7,0.0,0.2628865979381443
s,1,0.0,1.0,0.0,0.7272727272727273,0.2727272727272727,28,7,0.0,0.2628865979381443
=,1,0.0,0.0,0.0,0.7272727272727273,0.2727272727272727,28,7,0.0,0.2628865979381443
7.2,3,0.0,0.0,0.6666666666666666,0.7272727272727273,0.2727272727272727,28,7,0.0,0.2628865979381443
×,1,0.0,0.0,0.0,0.7272727272727273,0.2727272727272727,28,7,0.0,0.2628865979381443
10−5,4,0.0,0.0,0.75,0.7272727272727273,0.2727272727272727,28,7,0.0,0.2628865979381443
kg,2,0.0,1.0,0.0,0.7272727272727273,0.2727272727272727,28,7,0.0,0.2628865979381443
m−2,3,0.0,0.3333333333333333,0.3333333333333333,0.7272727272727273,0.2727272727272727,28,7,0.0,0.2628865979381443
s−1,3,0.0,0.3333333333333333,0.3333333333333333,0.7272727272727273,0.2727272727272727,28,7,0.0,0.2628865979381443
.,1,0.0,0.0,0.0,0.7272727272727273,0.2727272727272727,28,7,0.0,0.2628865979381443
Inserting,9,0.1111111111111111,0.8888888888888888,0.0,0.7272727272727273,0.2727272727272727,28,7,0.0,0.2628865979381443
this,4,0.0,1.0,0.0,0.7272727272727273,0.2727272727272727,28,7,0.0,0.2628865979381443
value,5,0.0,1.0,0.0,0.7272727272727273,0.2727272727272727,28,7,0.0,0.2628865979381443
in,2,0.0,1.0,0.0,0.7272727272727273,0.2727272727272727,28,7,0.0,0.2628865979381443
the,3,0.0,1.0,0.0,0.7272727272727273,0.2727272727272727,28,7,0.0,0.2628865979381443
above,5,0.0,1.0,0.0,0.7272727272727273,0.2727272727272727,28,7,0.0,0.2628865979381443
dM/dt,5,0.2,0.6,0.0,0.7569444444444444,0.24305555555555558,28,5,0.0,0.25773195876288657
=,1,0.0,0.0,0.0,0.7569444444444444,0.24305555555555558,28,5,0.0,0.25773195876288657
−2.74±0.34,10,0.0,0.0,0.6,0.7569444444444444,0.24305555555555558,28,5,0.0,0.25773195876288657
kg,2,0.0,1.0,0.0,0.7569444444444444,0.24305555555555558,28,5,0.0,0.25773195876288657
s−1,3,0.0,0.3333333333333333,0.3333333333333333,0.7569444444444444,0.24305555555555558,28,5,0.0,0.25773195876288657
.,1,0.0,0.0,0.0,0.7569444444444444,0.24305555555555558,28,5,0.0,0.25773195876288657
This,4,0.25,0.75,0.0,0.7569444444444444,0.24305555555555558,28,5,0.0,0.25773195876288657
value,5,0.0,1.0,0.0,0.7569444444444444,0.24305555555555558,28,5,0.0,0.25773195876288657
depicts,7,0.0,1.0,0.0,0.7569444444444444,0.24305555555555558,28,5,0.0,0.25773195876288657
the,3,0.0,1.0,0.0,0.7569444444444444,0.24305555555555558,28,5,0.0,0.25773195876288657
rate,4,0.0,1.0,0.0,0.7569444444444444,0.24305555555555558,28,5,0.0,0.25773195876288657
of,2,0.0,1.0,0.0,0.7569444444444444,0.24305555555555558,28,5,0.0,0.25773195876288657
change,6,0.0,1.0,0.0,0.7569444444444444,0.24305555555555558,28,5,0.0,0.25773195876288657
in,2,0.0,1.0,0.0,0.7569444444444444,0.24305555555555558,28,5,0.0,0.25773195876288657
defined,7,0.0,1.0,0.0,0.7569444444444444,0.24305555555555558,28,5,0.0,0.25773195876288657
relation,8,0.0,1.0,0.0,0.7569444444444444,0.24305555555555558,28,5,0.0,0.25773195876288657
for,3,0.0,1.0,0.0,0.7569444444444444,0.24305555555555558,28,5,0.0,0.25773195876288657
"area,",5,0.0,0.8,0.0,0.7569444444444444,0.24305555555555558,28,5,0.0,0.25773195876288657
provides,8,0.0,1.0,0.0,0.7569444444444444,0.24305555555555558,28,5,0.0,0.25773195876288657
A,1,1.0,0.0,0.0,0.7569444444444444,0.24305555555555558,28,5,0.0,0.25773195876288657
=,1,0.0,0.0,0.0,0.7569444444444444,0.24305555555555558,28,5,0.0,0.25773195876288657
0.4,3,0.0,0.0,0.6666666666666666,0.7569444444444444,0.24305555555555558,28,5,0.0,0.25773195876288657
Km2,3,0.3333333333333333,0.3333333333333333,0.3333333333333333,0.7569444444444444,0.24305555555555558,28,5,0.0,0.25773195876288657
",",1,0.0,0.0,0.0,0.7569444444444444,0.24305555555555558,28,5,0.0,0.25773195876288657
which,5,0.0,1.0,0.0,0.7569444444444444,0.24305555555555558,28,5,0.0,0.25773195876288657
is,2,0.0,1.0,0.0,0.7569444444444444,0.24305555555555558,28,5,0.0,0.25773195876288657
equal,5,0.0,1.0,0.0,0.7569444444444444,0.24305555555555558,28,5,0.0,0.25773195876288657
to,2,0.0,1.0,0.0,0.7569444444444444,0.24305555555555558,28,5,0.0,0.25773195876288657
dust,4,0.0,1.0,0.0,0.7588652482269503,0.24113475177304966,26,6,0.0,0.2731958762886598
mass,4,0.0,1.0,0.0,0.7588652482269503,0.24113475177304966,26,6,0.0,0.2731958762886598
over,4,0.0,1.0,0.0,0.7588652482269503,0.24113475177304966,26,6,0.0,0.2731958762886598
the,3,0.0,1.0,0.0,0.7588652482269503,0.24113475177304966,26,6,0.0,0.2731958762886598
observed,8,0.0,1.0,0.0,0.7588652482269503,0.24113475177304966,26,6,0.0,0.2731958762886598
period.,7,0.0,0.8571428571428571,0.0,0.7588652482269503,0.24113475177304966,26,6,0.0,0.2731958762886598
The,3,0.3333333333333333,0.6666666666666666,0.0,0.7588652482269503,0.24113475177304966,26,6,0.0,0.2731958762886598
value,5,0.0,1.0,0.0,0.7588652482269503,0.24113475177304966,26,6,0.0,0.2731958762886598
is,2,0.0,1.0,0.0,0.7588652482269503,0.24113475177304966,26,6,0.0,0.2731958762886598
negative,8,0.0,1.0,0.0,0.7588652482269503,0.24113475177304966,26,6,0.0,0.2731958762886598
since,5,0.0,1.0,0.0,0.7588652482269503,0.24113475177304966,26,6,0.0,0.2731958762886598
the,3,0.0,1.0,0.0,0.7588652482269503,0.24113475177304966,26,6,0.0,0.2731958762886598
the,3,0.0,1.0,0.0,0.7588652482269503,0.24113475177304966,26,6,0.0,0.2731958762886598
surface,7,0.0,1.0,0.0,0.7588652482269503,0.24113475177304966,26,6,0.0,0.2731958762886598
area,4,0.0,1.0,0.0,0.7588652482269503,0.24113475177304966,26,6,0.0,0.2731958762886598
of,2,0.0,1.0,0.0,0.7588652482269503,0.24113475177304966,26,6,0.0,0.2731958762886598
a,1,0.0,1.0,0.0,0.7588652482269503,0.24113475177304966,26,6,0.0,0.2731958762886598
sphere,6,0.0,1.0,0.0,0.7588652482269503,0.24113475177304966,26,6,0.0,0.2731958762886598
of,2,0.0,1.0,0.0,0.7588652482269503,0.24113475177304966,26,6,0.0,0.2731958762886598
radius,6,0.0,1.0,0.0,0.7588652482269503,0.24113475177304966,26,6,0.0,0.2731958762886598
r,1,0.0,1.0,0.0,0.7588652482269503,0.24113475177304966,26,6,0.0,0.2731958762886598
=,1,0.0,0.0,0.0,0.7588652482269503,0.24113475177304966,26,6,0.0,0.2731958762886598
0.18,4,0.0,0.0,0.75,0.7588652482269503,0.24113475177304966,26,6,0.0,0.2731958762886598
Km.,3,0.3333333333333333,0.3333333333333333,0.0,0.7588652482269503,0.24113475177304966,26,6,0.0,0.2731958762886598
The,3,0.3333333333333333,0.6666666666666666,0.0,0.7588652482269503,0.24113475177304966,26,6,0.0,0.2731958762886598
computed,8,0.0,1.0,0.0,0.7588652482269503,0.24113475177304966,26,6,0.0,0.2731958762886598
dust,4,0.0,1.0,0.0,0.7762237762237763,0.22377622377622375,24,6,0.0,0.2628865979381443
produced,8,0.0,1.0,0.0,0.7762237762237763,0.22377622377622375,24,6,0.0,0.2628865979381443
from,4,0.0,1.0,0.0,0.7762237762237763,0.22377622377622375,24,6,0.0,0.2628865979381443
the,3,0.0,1.0,0.0,0.7762237762237763,0.22377622377622375,24,6,0.0,0.2628865979381443
comet,5,0.0,1.0,0.0,0.7762237762237763,0.22377622377622375,24,6,0.0,0.2628865979381443
is,2,0.0,1.0,0.0,0.7762237762237763,0.22377622377622375,24,6,0.0,0.2628865979381443
not,3,0.0,1.0,0.0,0.7762237762237763,0.22377622377622375,24,6,0.0,0.2628865979381443
able,4,0.0,1.0,0.0,0.7762237762237763,0.22377622377622375,24,6,0.0,0.2628865979381443
to,2,0.0,1.0,0.0,0.7762237762237763,0.22377622377622375,24,6,0.0,0.2628865979381443
compensate,10,0.0,1.0,0.0,0.7762237762237763,0.22377622377622375,24,6,0.0,0.2628865979381443
for,3,0.0,1.0,0.0,0.7762237762237763,0.22377622377622375,24,6,0.0,0.2628865979381443
the,3,0.0,1.0,0.0,0.7762237762237763,0.22377622377622375,24,6,0.0,0.2628865979381443
dust,4,0.0,1.0,0.0,0.7762237762237763,0.22377622377622375,24,6,0.0,0.2628865979381443
nuclear,7,0.0,1.0,0.0,0.7762237762237763,0.22377622377622375,24,6,0.0,0.2628865979381443
radius,6,0.0,1.0,0.0,0.7762237762237763,0.22377622377622375,24,6,0.0,0.2628865979381443
is,2,0.0,1.0,0.0,0.7762237762237763,0.22377622377622375,24,6,0.0,0.2628865979381443
in,2,0.0,1.0,0.0,0.7762237762237763,0.22377622377622375,24,6,0.0,0.2628865979381443
good,4,0.0,1.0,0.0,0.7762237762237763,0.22377622377622375,24,6,0.0,0.2628865979381443
agreement,9,0.0,1.0,0.0,0.7762237762237763,0.22377622377622375,24,6,0.0,0.2628865979381443
with,4,0.0,1.0,0.0,0.7762237762237763,0.22377622377622375,24,6,0.0,0.2628865979381443
the,3,0.0,1.0,0.0,0.7762237762237763,0.22377622377622375,24,6,0.0,0.2628865979381443
lower,5,0.0,1.0,0.0,0.7762237762237763,0.22377622377622375,24,6,0.0,0.2628865979381443
limits,6,0.0,1.0,0.0,0.7762237762237763,0.22377622377622375,24,6,0.0,0.2628865979381443
reported,8,0.0,1.0,0.0,0.7762237762237763,0.22377622377622375,24,6,0.0,0.2628865979381443
lost,4,0.0,1.0,0.0,0.795774647887324,0.204225352112676,20,6,0.0,0.2680412371134021
from,4,0.0,1.0,0.0,0.795774647887324,0.204225352112676,20,6,0.0,0.2680412371134021
the,3,0.0,1.0,0.0,0.795774647887324,0.204225352112676,20,6,0.0,0.2680412371134021
photometric,11,0.0,1.0,0.0,0.795774647887324,0.204225352112676,20,6,0.0,0.2680412371134021
aperture,8,0.0,1.0,0.0,0.795774647887324,0.204225352112676,20,6,0.0,0.2680412371134021
(ρ,2,0.0,0.5,0.0,0.795774647887324,0.204225352112676,20,6,0.0,0.2680412371134021
∼,1,0.0,0.0,0.0,0.795774647887324,0.204225352112676,20,6,0.0,0.2680412371134021
104,3,0.0,0.0,1.0,0.795774647887324,0.204225352112676,20,6,0.0,0.2680412371134021
"Km),",4,0.25,0.25,0.0,0.795774647887324,0.204225352112676,20,6,0.0,0.2680412371134021
implying,8,0.0,1.0,0.0,0.795774647887324,0.204225352112676,20,6,0.0,0.2680412371134021
that,4,0.0,1.0,0.0,0.795774647887324,0.204225352112676,20,6,0.0,0.2680412371134021
the,3,0.0,1.0,0.0,0.795774647887324,0.204225352112676,20,6,0.0,0.2680412371134021
in,2,0.0,1.0,0.0,0.795774647887324,0.204225352112676,20,6,0.0,0.2680412371134021
observations,12,0.0,1.0,0.0,0.795774647887324,0.204225352112676,20,6,0.0,0.2680412371134021
using,5,0.0,1.0,0.0,0.795774647887324,0.204225352112676,20,6,0.0,0.2680412371134021
the,3,0.0,1.0,0.0,0.795774647887324,0.204225352112676,20,6,0.0,0.2680412371134021
Neil,4,0.25,0.75,0.0,0.795774647887324,0.204225352112676,20,6,0.0,0.2680412371134021
Gehrels-Swift,13,0.15384615384615385,0.7692307692307693,0.0,0.795774647887324,0.204225352112676,20,6,0.0,0.2680412371134021
Observatory’s,13,0.07692307692307693,0.8461538461538461,0.0,0.795774647887324,0.204225352112676,20,6,0.0,0.2680412371134021
Ultra-,6,0.16666666666666666,0.6666666666666666,0.0,0.795774647887324,0.204225352112676,20,6,0.0,0.2680412371134021
absolute,8,0.0,1.0,0.0,0.8014184397163121,0.1985815602836879,21,5,0.0,0.2731958762886598
amount,6,0.0,1.0,0.0,0.8014184397163121,0.1985815602836879,21,5,0.0,0.2731958762886598
of,2,0.0,1.0,0.0,0.8014184397163121,0.1985815602836879,21,5,0.0,0.2731958762886598
dust,4,0.0,1.0,0.0,0.8014184397163121,0.1985815602836879,21,5,0.0,0.2731958762886598
production,10,0.0,1.0,0.0,0.8014184397163121,0.1985815602836879,21,5,0.0,0.2731958762886598
is,2,0.0,1.0,0.0,0.8014184397163121,0.1985815602836879,21,5,0.0,0.2731958762886598
reducing,8,0.0,1.0,0.0,0.8014184397163121,0.1985815602836879,21,5,0.0,0.2731958762886598
over,4,0.0,1.0,0.0,0.8014184397163121,0.1985815602836879,21,5,0.0,0.2731958762886598
the,3,0.0,1.0,0.0,0.8014184397163121,0.1985815602836879,21,5,0.0,0.2731958762886598
time,4,0.0,1.0,0.0,0.8014184397163121,0.1985815602836879,21,5,0.0,0.2731958762886598
"period,",7,0.0,0.8571428571428571,0.0,0.8014184397163121,0.1985815602836879,21,5,0.0,0.2731958762886598
violet/Optical,14,0.07142857142857142,0.8571428571428571,0.0,0.8014184397163121,0.1985815602836879,21,5,0.0,0.2731958762886598
Telescope,9,0.1111111111111111,0.8888888888888888,0.0,0.8014184397163121,0.1985815602836879,21,5,0.0,0.2731958762886598
(Xing,5,0.2,0.6,0.0,0.8014184397163121,0.1985815602836879,21,5,0.0,0.2731958762886598
et,2,0.0,1.0,0.0,0.8014184397163121,0.1985815602836879,21,5,0.0,0.2731958762886598
al.,3,0.0,0.6666666666666666,0.0,0.8014184397163121,0.1985815602836879,21,5,0.0,0.2731958762886598
2020),5,0.0,0.0,0.8,0.8014184397163121,0.1985815602836879,21,5,0.0,0.2731958762886598
and,3,0.0,1.0,0.0,0.8014184397163121,0.1985815602836879,21,5,0.0,0.2731958762886598
the,3,0.0,1.0,0.0,0.8014184397163121,0.1985815602836879,21,5,0.0,0.2731958762886598
Hubble,6,0.16666666666666666,0.8333333333333334,0.0,0.8014184397163121,0.1985815602836879,21,5,0.0,0.2731958762886598
Space,5,0.2,0.8,0.0,0.8014184397163121,0.1985815602836879,21,5,0.0,0.2731958762886598
resulting,9,0.0,1.0,0.0,0.5688073394495413,0.4311926605504587,11,20,0.0,0.4381443298969072
in,2,0.0,1.0,0.0,0.5688073394495413,0.4311926605504587,11,20,0.0,0.4381443298969072
the,3,0.0,1.0,0.0,0.5688073394495413,0.4311926605504587,11,20,0.0,0.4381443298969072
comet,5,0.0,1.0,0.0,0.5688073394495413,0.4311926605504587,11,20,0.0,0.4381443298969072
getting,7,0.0,1.0,0.0,0.5688073394495413,0.4311926605504587,11,20,0.0,0.4381443298969072
fainter.,8,0.0,0.875,0.0,0.5688073394495413,0.4311926605504587,11,20,0.0,0.4381443298969072
Telescope,9,0.1111111111111111,0.8888888888888888,0.0,0.5688073394495413,0.4311926605504587,11,20,0.0,0.4381443298969072
(Jewitt,7,0.14285714285714285,0.7142857142857143,0.0,0.5688073394495413,0.4311926605504587,11,20,0.0,0.4381443298969072
et,2,0.0,1.0,0.0,0.5688073394495413,0.4311926605504587,11,20,0.0,0.4381443298969072
al.,3,0.0,0.6666666666666666,0.0,0.5688073394495413,0.4311926605504587,11,20,0.0,0.4381443298969072
2020a).,7,0.0,0.14285714285714285,0.5714285714285714,0.5688073394495413,0.4311926605504587,11,20,0.0,0.4381443298969072
Assuming,8,0.125,0.875,0.0,0.4041095890410959,0.595890410958904,11,1,0.39690721649484534,0.24742268041237114
that,4,0.0,1.0,0.0,0.4041095890410959,0.595890410958904,11,1,0.39690721649484534,0.24742268041237114
the,3,0.0,1.0,0.0,0.4041095890410959,0.595890410958904,11,1,0.39690721649484534,0.24742268041237114
empirical,9,0.0,1.0,0.0,0.4041095890410959,0.595890410958904,11,1,0.39690721649484534,0.24742268041237114
relation,8,0.0,1.0,0.0,0.4041095890410959,0.595890410958904,11,1,0.39690721649484534,0.24742268041237114
mentioned,9,0.0,1.0,0.0,0.4041095890410959,0.595890410958904,11,1,0.39690721649484534,0.24742268041237114
in,2,0.0,1.0,0.0,0.4041095890410959,0.595890410958904,11,1,0.39690721649484534,0.24742268041237114
Jorda,5,0.2,0.8,0.0,0.4041095890410959,0.595890410958904,11,1,0.39690721649484534,0.24742268041237114
et,2,0.0,1.0,0.0,0.4041095890410959,0.595890410958904,11,1,0.39690721649484534,0.24742268041237114
al.,3,0.0,0.6666666666666666,0.0,0.4041095890410959,0.595890410958904,11,1,0.39690721649484534,0.24742268041237114
(2008),6,0.0,0.0,0.6666666666666666,0.4041095890410959,0.595890410958904,11,1,0.39690721649484534,0.24742268041237114
holds,5,0.0,1.0,0.0,0.3958333333333333,0.6041666666666667,11,1,0.39690721649484534,0.25773195876288657
for,3,0.0,1.0,0.0,0.3958333333333333,0.6041666666666667,11,1,0.39690721649484534,0.25773195876288657
this,4,0.0,1.0,0.0,0.3958333333333333,0.6041666666666667,11,1,0.39690721649484534,0.25773195876288657
interstellar,12,0.0,1.0,0.0,0.3958333333333333,0.6041666666666667,11,1,0.39690721649484534,0.25773195876288657
"comet,",6,0.0,0.8333333333333334,0.0,0.3958333333333333,0.6041666666666667,11,1,0.39690721649484534,0.25773195876288657
we,2,0.0,1.0,0.0,0.3958333333333333,0.6041666666666667,11,1,0.39690721649484534,0.25773195876288657
can,3,0.0,1.0,0.0,0.3958333333333333,0.6041666666666667,11,1,0.39690721649484534,0.25773195876288657
compute,7,0.0,1.0,0.0,0.3958333333333333,0.6041666666666667,11,1,0.39690721649484534,0.25773195876288657
the,3,0.0,1.0,0.0,0.3958333333333333,0.6041666666666667,11,1,0.39690721649484534,0.25773195876288657
water,5,0.0,1.0,0.0,0.3958333333333333,0.6041666666666667,11,1,0.39690721649484534,0.25773195876288657
produc-,7,0.0,0.8571428571428571,0.0,0.3958333333333333,0.6041666666666667,11,1,0.39690721649484534,0.25773195876288657
4.2.3,5,0.0,0.0,0.6,0.873015873015873,0.12698412698412698,9,1,0.0,0.6752577319587629
Connecting,10,0.1,0.9,0.0,0.873015873015873,0.12698412698412698,9,1,0.0,0.6752577319587629
"Afρ,",4,0.25,0.5,0.0,0.873015873015873,0.12698412698412698,9,1,0.0,0.6752577319587629
dust,4,0.0,1.0,0.0,0.873015873015873,0.12698412698412698,9,1,0.0,0.6752577319587629
production,10,0.0,1.0,0.0,0.873015873015873,0.12698412698412698,9,1,0.0,0.6752577319587629
rate,4,0.0,1.0,0.0,0.873015873015873,0.12698412698412698,9,1,0.0,0.6752577319587629
and,3,0.0,1.0,0.0,0.873015873015873,0.12698412698412698,9,1,0.0,0.6752577319587629
sublimation,11,0.0,1.0,0.0,0.873015873015873,0.12698412698412698,9,1,0.0,0.6752577319587629
flux,4,0.0,1.0,0.0,0.873015873015873,0.12698412698412698,9,1,0.0,0.6752577319587629
tion,4,0.0,1.0,0.0,0.3888888888888889,0.6111111111111112,12,1,0.39690721649484534,0.25773195876288657
rate,4,0.0,1.0,0.0,0.3888888888888889,0.6111111111111112,12,1,0.39690721649484534,0.25773195876288657
from,4,0.0,1.0,0.0,0.3888888888888889,0.6111111111111112,12,1,0.39690721649484534,0.25773195876288657
the,3,0.0,1.0,0.0,0.3888888888888889,0.6111111111111112,12,1,0.39690721649484534,0.25773195876288657
visual,6,0.0,1.0,0.0,0.3888888888888889,0.6111111111111112,12,1,0.39690721649484534,0.25773195876288657
V,1,1.0,0.0,0.0,0.3888888888888889,0.6111111111111112,12,1,0.39690721649484534,0.25773195876288657
band,4,0.0,1.0,0.0,0.3888888888888889,0.6111111111111112,12,1,0.39690721649484534,0.25773195876288657
magnitude,9,0.0,1.0,0.0,0.3888888888888889,0.6111111111111112,12,1,0.39690721649484534,0.25773195876288657
(reduced,8,0.0,0.875,0.0,0.3888888888888889,0.6111111111111112,12,1,0.39690721649484534,0.25773195876288657
to,2,0.0,1.0,0.0,0.3888888888888889,0.6111111111111112,12,1,0.39690721649484534,0.25773195876288657
a,1,0.0,1.0,0.0,0.3888888888888889,0.6111111111111112,12,1,0.39690721649484534,0.25773195876288657
geocentric,10,0.0,1.0,0.0,0.3888888888888889,0.6111111111111112,12,1,0.39690721649484534,0.25773195876288657
As,2,0.5,0.5,0.0,0.7746478873239436,0.22535211267605637,21,7,0.0,0.2680412371134021
mentioned,9,0.0,1.0,0.0,0.7746478873239436,0.22535211267605637,21,7,0.0,0.2680412371134021
in,2,0.0,1.0,0.0,0.7746478873239436,0.22535211267605637,21,7,0.0,0.2680412371134021
Cremonese,9,0.1111111111111111,0.8888888888888888,0.0,0.7746478873239436,0.22535211267605637,21,7,0.0,0.2680412371134021
et,2,0.0,1.0,0.0,0.7746478873239436,0.22535211267605637,21,7,0.0,0.2680412371134021
al.,3,0.0,0.6666666666666666,0.0,0.7746478873239436,0.22535211267605637,21,7,0.0,0.2680412371134021
"(2020),",7,0.0,0.0,0.5714285714285714,0.7746478873239436,0.22535211267605637,21,7,0.0,0.2680412371134021
the,3,0.0,1.0,0.0,0.7746478873239436,0.22535211267605637,21,7,0.0,0.2680412371134021
following,9,0.0,1.0,0.0,0.7746478873239436,0.22535211267605637,21,7,0.0,0.2680412371134021
"equation,",9,0.0,0.8888888888888888,0.0,0.7746478873239436,0.22535211267605637,21,7,0.0,0.2680412371134021
distance,8,0.0,1.0,0.0,0.7746478873239436,0.22535211267605637,21,7,0.0,0.2680412371134021
of,2,0.0,1.0,0.0,0.7746478873239436,0.22535211267605637,21,7,0.0,0.2680412371134021
1,1,0.0,0.0,1.0,0.7746478873239436,0.22535211267605637,21,7,0.0,0.2680412371134021
AU).,4,0.5,0.0,0.0,0.7746478873239436,0.22535211267605637,21,7,0.0,0.2680412371134021
Using,5,0.2,0.8,0.0,0.7746478873239436,0.22535211267605637,21,7,0.0,0.2680412371134021
the,3,0.0,1.0,0.0,0.7746478873239436,0.22535211267605637,21,7,0.0,0.2680412371134021
observed,8,0.0,1.0,0.0,0.7746478873239436,0.22535211267605637,21,7,0.0,0.2680412371134021
reduced,7,0.0,1.0,0.0,0.7746478873239436,0.22535211267605637,21,7,0.0,0.2680412371134021
"magnitudes,",11,0.0,0.9090909090909091,0.0,0.7746478873239436,0.22535211267605637,21,7,0.0,0.2680412371134021
the,3,0.0,1.0,0.0,0.7746478873239436,0.22535211267605637,21,7,0.0,0.2680412371134021
ex-,3,0.0,0.6666666666666666,0.0,0.7746478873239436,0.22535211267605637,21,7,0.0,0.2680412371134021
pected,6,0.0,1.0,0.0,0.3916083916083916,0.6083916083916083,11,1,0.39690721649484534,0.2628865979381443
water,5,0.0,1.0,0.0,0.3916083916083916,0.6083916083916083,11,1,0.39690721649484534,0.2628865979381443
production,10,0.0,1.0,0.0,0.3916083916083916,0.6083916083916083,11,1,0.39690721649484534,0.2628865979381443
rates,5,0.0,1.0,0.0,0.3916083916083916,0.6083916083916083,11,1,0.39690721649484534,0.2628865979381443
(Q(H2,5,0.4,0.0,0.2,0.3916083916083916,0.6083916083916083,11,1,0.39690721649484534,0.2628865979381443
O)),3,0.3333333333333333,0.0,0.0,0.3916083916083916,0.6083916083916083,11,1,0.39690721649484534,0.2628865979381443
for,3,0.0,1.0,0.0,0.3916083916083916,0.6083916083916083,11,1,0.39690721649484534,0.2628865979381443
30th,4,0.0,0.5,0.5,0.3916083916083916,0.6083916083916083,11,1,0.39690721649484534,0.2628865979381443
November,8,0.125,0.875,0.0,0.3916083916083916,0.6083916083916083,11,1,0.39690721649484534,0.2628865979381443
and,3,0.0,1.0,0.0,0.3916083916083916,0.6083916083916083,11,1,0.39690721649484534,0.2628865979381443
22nd,4,0.0,0.5,0.5,0.3916083916083916,0.6083916083916083,11,1,0.39690721649484534,0.2628865979381443
3AQd,4,0.5,0.25,0.25,0.2857142857142857,0.7142857142857143,1,1,0.05154639175257732,0.9278350515463918
Afρ,3,0.3333333333333333,0.6666666666666666,0.0,0.4154929577464789,0.5845070422535211,19,35,0.0,0.2680412371134021
=,1,0.0,0.0,0.0,0.4154929577464789,0.5845070422535211,19,35,0.0,0.2680412371134021
",",1,0.0,0.0,0.0,0.4154929577464789,0.5845070422535211,19,35,0.0,0.2680412371134021
(5),3,0.0,0.0,0.3333333333333333,0.4154929577464789,0.5845070422535211,19,35,0.0,0.2680412371134021
December,8,0.125,0.875,0.0,0.4154929577464789,0.5845070422535211,19,35,0.0,0.2680412371134021
2019,4,0.0,0.0,1.0,0.4154929577464789,0.5845070422535211,19,35,0.0,0.2680412371134021
are,3,0.0,1.0,0.0,0.4154929577464789,0.5845070422535211,19,35,0.0,0.2680412371134021
(9.7,4,0.0,0.0,0.5,0.4154929577464789,0.5845070422535211,19,35,0.0,0.2680412371134021
±,1,0.0,0.0,0.0,0.4154929577464789,0.5845070422535211,19,35,0.0,0.2680412371134021
0.9),4,0.0,0.0,0.5,0.4154929577464789,0.5845070422535211,19,35,0.0,0.2680412371134021
×,1,0.0,0.0,0.0,0.4154929577464789,0.5845070422535211,19,35,0.0,0.2680412371134021
1026,4,0.0,0.0,1.0,0.4154929577464789,0.5845070422535211,19,35,0.0,0.2680412371134021
molec/s,7,0.0,0.8571428571428571,0.0,0.4154929577464789,0.5845070422535211,19,35,0.0,0.2680412371134021
and,3,0.0,1.0,0.0,0.4154929577464789,0.5845070422535211,19,35,0.0,0.2680412371134021
(7,2,0.0,0.0,0.5,0.4154929577464789,0.5845070422535211,19,35,0.0,0.2680412371134021
±,1,0.0,0.0,0.0,0.4154929577464789,0.5845070422535211,19,35,0.0,0.2680412371134021
0.8),4,0.0,0.0,0.5,0.4154929577464789,0.5845070422535211,19,35,0.0,0.2680412371134021
×,1,0.0,0.0,0.0,0.4154929577464789,0.5845070422535211,19,35,0.0,0.2680412371134021
1026,4,0.0,0.0,1.0,0.4154929577464789,0.5845070422535211,19,35,0.0,0.2680412371134021
ρvd,3,0.0,1.0,0.0,0.4357142857142857,0.5642857142857143,10,31,0.05154639175257732,0.27835051546391754
s0,2,0.0,0.5,0.5,0.4357142857142857,0.5642857142857143,10,31,0.05154639175257732,0.27835051546391754
molec/s,7,0.0,0.8571428571428571,0.0,0.4357142857142857,0.5642857142857143,10,31,0.05154639175257732,0.27835051546391754
respectively.,13,0.0,0.9230769230769231,0.0,0.4357142857142857,0.5642857142857143,10,31,0.05154639175257732,0.27835051546391754
Even,4,0.25,0.75,0.0,0.4357142857142857,0.5642857142857143,10,31,0.05154639175257732,0.27835051546391754
though,6,0.0,1.0,0.0,0.4357142857142857,0.5642857142857143,10,31,0.05154639175257732,0.27835051546391754
the,3,0.0,1.0,0.0,0.4357142857142857,0.5642857142857143,10,31,0.05154639175257732,0.27835051546391754
expected,8,0.0,1.0,0.0,0.4357142857142857,0.5642857142857143,10,31,0.05154639175257732,0.27835051546391754
water,5,0.0,1.0,0.0,0.4357142857142857,0.5642857142857143,10,31,0.05154639175257732,0.27835051546391754
production,10,0.0,1.0,0.0,0.4357142857142857,0.5642857142857143,10,31,0.05154639175257732,0.27835051546391754
where,5,0.0,1.0,0.0,0.7931034482758621,0.2068965517241379,23,5,0.0,0.25257731958762886
A,1,1.0,0.0,0.0,0.7931034482758621,0.2068965517241379,23,5,0.0,0.25257731958762886
is,2,0.0,1.0,0.0,0.7931034482758621,0.2068965517241379,23,5,0.0,0.25257731958762886
the,3,0.0,1.0,0.0,0.7931034482758621,0.2068965517241379,23,5,0.0,0.25257731958762886
geometric,9,0.0,1.0,0.0,0.7931034482758621,0.2068965517241379,23,5,0.0,0.25257731958762886
"albedo,",7,0.0,0.8571428571428571,0.0,0.7931034482758621,0.2068965517241379,23,5,0.0,0.25257731958762886
vd,2,0.0,1.0,0.0,0.7931034482758621,0.2068965517241379,23,5,0.0,0.25257731958762886
is,2,0.0,1.0,0.0,0.7931034482758621,0.2068965517241379,23,5,0.0,0.25257731958762886
the,3,0.0,1.0,0.0,0.7931034482758621,0.2068965517241379,23,5,0.0,0.25257731958762886
dust,4,0.0,1.0,0.0,0.7931034482758621,0.2068965517241379,23,5,0.0,0.25257731958762886
ejection,8,0.0,1.0,0.0,0.7931034482758621,0.2068965517241379,23,5,0.0,0.25257731958762886
"velocity,",9,0.0,0.8888888888888888,0.0,0.7931034482758621,0.2068965517241379,23,5,0.0,0.25257731958762886
ρ,1,0.0,1.0,0.0,0.7931034482758621,0.2068965517241379,23,5,0.0,0.25257731958762886
rate,4,0.0,1.0,0.0,0.7931034482758621,0.2068965517241379,23,5,0.0,0.25257731958762886
for,3,0.0,1.0,0.0,0.7931034482758621,0.2068965517241379,23,5,0.0,0.25257731958762886
30th,4,0.0,0.5,0.5,0.7931034482758621,0.2068965517241379,23,5,0.0,0.25257731958762886
November,8,0.125,0.875,0.0,0.7931034482758621,0.2068965517241379,23,5,0.0,0.25257731958762886
is,2,0.0,1.0,0.0,0.7931034482758621,0.2068965517241379,23,5,0.0,0.25257731958762886
"consistent,",11,0.0,0.9090909090909091,0.0,0.7931034482758621,0.2068965517241379,23,5,0.0,0.25257731958762886
within,6,0.0,1.0,0.0,0.7931034482758621,0.2068965517241379,23,5,0.0,0.25257731958762886
"uncertainties,",14,0.0,0.9285714285714286,0.0,0.7931034482758621,0.2068965517241379,23,5,0.0,0.25257731958762886
with,4,0.0,1.0,0.0,0.7931034482758621,0.2068965517241379,23,5,0.0,0.25257731958762886
the,3,0.0,1.0,0.0,0.7931034482758621,0.2068965517241379,23,5,0.0,0.25257731958762886
is,2,0.0,1.0,0.0,0.7945205479452054,0.20547945205479456,27,3,0.0,0.24742268041237114
the,3,0.0,1.0,0.0,0.7945205479452054,0.20547945205479456,27,3,0.0,0.24742268041237114
particle,8,0.0,1.0,0.0,0.7945205479452054,0.20547945205479456,27,3,0.0,0.24742268041237114
density,7,0.0,1.0,0.0,0.7945205479452054,0.20547945205479456,27,3,0.0,0.24742268041237114
and,3,0.0,1.0,0.0,0.7945205479452054,0.20547945205479456,27,3,0.0,0.24742268041237114
s0,2,0.0,0.5,0.5,0.7945205479452054,0.20547945205479456,27,3,0.0,0.24742268041237114
is,2,0.0,1.0,0.0,0.7945205479452054,0.20547945205479456,27,3,0.0,0.24742268041237114
the,3,0.0,1.0,0.0,0.7945205479452054,0.20547945205479456,27,3,0.0,0.24742268041237114
average,7,0.0,1.0,0.0,0.7945205479452054,0.20547945205479456,27,3,0.0,0.24742268041237114
particle,8,0.0,1.0,0.0,0.7945205479452054,0.20547945205479456,27,3,0.0,0.24742268041237114
"size,",5,0.0,0.8,0.0,0.7945205479452054,0.20547945205479456,27,3,0.0,0.24742268041237114
can,3,0.0,1.0,0.0,0.7945205479452054,0.20547945205479456,27,3,0.0,0.24742268041237114
be,2,0.0,1.0,0.0,0.7945205479452054,0.20547945205479456,27,3,0.0,0.24742268041237114
used,4,0.0,1.0,0.0,0.7945205479452054,0.20547945205479456,27,3,0.0,0.24742268041237114
observed,8,0.0,1.0,0.0,0.7945205479452054,0.20547945205479456,27,3,0.0,0.24742268041237114
rate,4,0.0,1.0,0.0,0.7945205479452054,0.20547945205479456,27,3,0.0,0.24742268041237114
reported,8,0.0,1.0,0.0,0.7945205479452054,0.20547945205479456,27,3,0.0,0.24742268041237114
by,2,0.0,1.0,0.0,0.7945205479452054,0.20547945205479456,27,3,0.0,0.24742268041237114
Xing,4,0.25,0.75,0.0,0.7945205479452054,0.20547945205479456,27,3,0.0,0.24742268041237114
et,2,0.0,1.0,0.0,0.7945205479452054,0.20547945205479456,27,3,0.0,0.24742268041237114
al.,3,0.0,0.6666666666666666,0.0,0.7945205479452054,0.20547945205479456,27,3,0.0,0.24742268041237114
(2020),6,0.0,0.0,0.6666666666666666,0.7945205479452054,0.20547945205479456,27,3,0.0,0.24742268041237114
for,3,0.0,1.0,0.0,0.7945205479452054,0.20547945205479456,27,3,0.0,0.24742268041237114
1,1,0.0,0.0,1.0,0.7945205479452054,0.20547945205479456,27,3,0.0,0.24742268041237114
st,2,0.0,1.0,0.0,0.7945205479452054,0.20547945205479456,27,3,0.0,0.24742268041237114
"December,",9,0.1111111111111111,0.7777777777777778,0.0,0.7945205479452054,0.20547945205479456,27,3,0.0,0.24742268041237114
their,5,0.0,1.0,0.0,0.7945205479452054,0.20547945205479456,27,3,0.0,0.24742268041237114
to,2,0.0,1.0,0.0,0.7730496453900709,0.22695035460992907,26,5,0.0,0.2731958762886598
convert,7,0.0,1.0,0.0,0.7730496453900709,0.22695035460992907,26,5,0.0,0.2731958762886598
the,3,0.0,1.0,0.0,0.7730496453900709,0.22695035460992907,26,5,0.0,0.2731958762886598
observed,8,0.0,1.0,0.0,0.7730496453900709,0.22695035460992907,26,5,0.0,0.2731958762886598
A,1,1.0,0.0,0.0,0.7730496453900709,0.22695035460992907,26,5,0.0,0.2731958762886598
f,1,0.0,1.0,0.0,0.7730496453900709,0.22695035460992907,26,5,0.0,0.2731958762886598
ρ,1,0.0,1.0,0.0,0.7730496453900709,0.22695035460992907,26,5,0.0,0.2731958762886598
(in,3,0.0,0.6666666666666666,0.0,0.7730496453900709,0.22695035460992907,26,5,0.0,0.2731958762886598
meter),6,0.0,0.8333333333333334,0.0,0.7730496453900709,0.22695035460992907,26,5,0.0,0.2731958762886598
(see,4,0.0,0.75,0.0,0.7730496453900709,0.22695035460992907,26,5,0.0,0.2731958762886598
Section,7,0.14285714285714285,0.8571428571428571,0.0,0.7730496453900709,0.22695035460992907,26,5,0.0,0.2731958762886598
4.2.1),6,0.0,0.0,0.5,0.7730496453900709,0.22695035460992907,26,5,0.0,0.2731958762886598
into,4,0.0,1.0,0.0,0.7730496453900709,0.22695035460992907,26,5,0.0,0.2731958762886598
the,3,0.0,1.0,0.0,0.7730496453900709,0.22695035460992907,26,5,0.0,0.2731958762886598
reported,8,0.0,1.0,0.0,0.7730496453900709,0.22695035460992907,26,5,0.0,0.2731958762886598
rate,4,0.0,1.0,0.0,0.7730496453900709,0.22695035460992907,26,5,0.0,0.2731958762886598
on,2,0.0,1.0,0.0,0.7730496453900709,0.22695035460992907,26,5,0.0,0.2731958762886598
21,2,0.0,0.0,1.0,0.7730496453900709,0.22695035460992907,26,5,0.0,0.2731958762886598
st,2,0.0,1.0,0.0,0.7730496453900709,0.22695035460992907,26,5,0.0,0.2731958762886598
December,8,0.125,0.875,0.0,0.7730496453900709,0.22695035460992907,26,5,0.0,0.2731958762886598
is,2,0.0,1.0,0.0,0.7730496453900709,0.22695035460992907,26,5,0.0,0.2731958762886598
much,4,0.0,1.0,0.0,0.7730496453900709,0.22695035460992907,26,5,0.0,0.2731958762886598
lower,5,0.0,1.0,0.0,0.7730496453900709,0.22695035460992907,26,5,0.0,0.2731958762886598
than,4,0.0,1.0,0.0,0.7730496453900709,0.22695035460992907,26,5,0.0,0.2731958762886598
expected,8,0.0,1.0,0.0,0.7730496453900709,0.22695035460992907,26,5,0.0,0.2731958762886598
from,4,0.0,1.0,0.0,0.7730496453900709,0.22695035460992907,26,5,0.0,0.2731958762886598
dust,4,0.0,1.0,0.0,0.8014184397163121,0.1985815602836879,22,5,0.0,0.2731958762886598
production,10,0.0,1.0,0.0,0.8014184397163121,0.1985815602836879,22,5,0.0,0.2731958762886598
rate,4,0.0,1.0,0.0,0.8014184397163121,0.1985815602836879,22,5,0.0,0.2731958762886598
(Qd,3,0.3333333333333333,0.3333333333333333,0.0,0.8014184397163121,0.1985815602836879,22,5,0.0,0.2731958762886598
).,2,0.0,0.0,0.0,0.8014184397163121,0.1985815602836879,22,5,0.0,0.2731958762886598
Using,5,0.2,0.8,0.0,0.8014184397163121,0.1985815602836879,22,5,0.0,0.2731958762886598
the,3,0.0,1.0,0.0,0.8014184397163121,0.1985815602836879,22,5,0.0,0.2731958762886598
same,4,0.0,1.0,0.0,0.8014184397163121,0.1985815602836879,22,5,0.0,0.2731958762886598
values,6,0.0,1.0,0.0,0.8014184397163121,0.1985815602836879,22,5,0.0,0.2731958762886598
for,3,0.0,1.0,0.0,0.8014184397163121,0.1985815602836879,22,5,0.0,0.2731958762886598
the,3,0.0,1.0,0.0,0.8014184397163121,0.1985815602836879,22,5,0.0,0.2731958762886598
"parameters,",11,0.0,0.9090909090909091,0.0,0.8014184397163121,0.1985815602836879,22,5,0.0,0.2731958762886598
our,3,0.0,1.0,0.0,0.8014184397163121,0.1985815602836879,22,5,0.0,0.2731958762886598
observations,12,0.0,1.0,0.0,0.8014184397163121,0.1985815602836879,22,5,0.0,0.2731958762886598
for,3,0.0,1.0,0.0,0.8014184397163121,0.1985815602836879,22,5,0.0,0.2731958762886598
22nd,4,0.0,0.5,0.5,0.8014184397163121,0.1985815602836879,22,5,0.0,0.2731958762886598
December.,9,0.1111111111111111,0.7777777777777778,0.0,0.8014184397163121,0.1985815602836879,22,5,0.0,0.2731958762886598
Emphasising,11,0.09090909090909091,0.9090909090909091,0.0,0.8014184397163121,0.1985815602836879,22,5,0.0,0.2731958762886598
on,2,0.0,1.0,0.0,0.8014184397163121,0.1985815602836879,22,5,0.0,0.2731958762886598
the,3,0.0,1.0,0.0,0.8014184397163121,0.1985815602836879,22,5,0.0,0.2731958762886598
fact,4,0.0,1.0,0.0,0.8014184397163121,0.1985815602836879,22,5,0.0,0.2731958762886598
that,4,0.0,1.0,0.0,0.8014184397163121,0.1985815602836879,22,5,0.0,0.2731958762886598
as,2,0.0,1.0,0.0,0.7862068965517242,0.21379310344827585,27,4,0.0,0.25257731958762886
used,4,0.0,1.0,0.0,0.7862068965517242,0.21379310344827585,27,4,0.0,0.25257731958762886
in,2,0.0,1.0,0.0,0.7862068965517242,0.21379310344827585,27,4,0.0,0.25257731958762886
the,3,0.0,1.0,0.0,0.7862068965517242,0.21379310344827585,27,4,0.0,0.25257731958762886
previous,8,0.0,1.0,0.0,0.7862068965517242,0.21379310344827585,27,4,0.0,0.25257731958762886
"section,",8,0.0,0.875,0.0,0.7862068965517242,0.21379310344827585,27,4,0.0,0.25257731958762886
we,2,0.0,1.0,0.0,0.7862068965517242,0.21379310344827585,27,4,0.0,0.25257731958762886
get,3,0.0,1.0,0.0,0.7862068965517242,0.21379310344827585,27,4,0.0,0.25257731958762886
a,1,0.0,1.0,0.0,0.7862068965517242,0.21379310344827585,27,4,0.0,0.25257731958762886
"relation,",9,0.0,0.8888888888888888,0.0,0.7862068965517242,0.21379310344827585,27,4,0.0,0.25257731958762886
Qd,2,0.5,0.5,0.0,0.7862068965517242,0.21379310344827585,27,4,0.0,0.25257731958762886
=,1,0.0,0.0,0.0,0.7862068965517242,0.21379310344827585,27,4,0.0,0.25257731958762886
3.3vd,5,0.0,0.4,0.4,0.7862068965517242,0.21379310344827585,27,4,0.0,0.25257731958762886
(A,2,0.5,0.0,0.0,0.7862068965517242,0.21379310344827585,27,4,0.0,0.25257731958762886
f,1,0.0,1.0,0.0,0.7862068965517242,0.21379310344827585,27,4,0.0,0.25257731958762886
ρ).,3,0.0,0.3333333333333333,0.0,0.7862068965517242,0.21379310344827585,27,4,0.0,0.25257731958762886
the,3,0.0,1.0,0.0,0.7862068965517242,0.21379310344827585,27,4,0.0,0.25257731958762886
empirical,9,0.0,1.0,0.0,0.7862068965517242,0.21379310344827585,27,4,0.0,0.25257731958762886
relation,8,0.0,1.0,0.0,0.7862068965517242,0.21379310344827585,27,4,0.0,0.25257731958762886
cannot,6,0.0,1.0,0.0,0.7862068965517242,0.21379310344827585,27,4,0.0,0.25257731958762886
be,2,0.0,1.0,0.0,0.7862068965517242,0.21379310344827585,27,4,0.0,0.25257731958762886
used,4,0.0,1.0,0.0,0.7862068965517242,0.21379310344827585,27,4,0.0,0.25257731958762886
to,2,0.0,1.0,0.0,0.7862068965517242,0.21379310344827585,27,4,0.0,0.25257731958762886
get,3,0.0,1.0,0.0,0.7862068965517242,0.21379310344827585,27,4,0.0,0.25257731958762886
precise,7,0.0,1.0,0.0,0.7862068965517242,0.21379310344827585,27,4,0.0,0.25257731958762886
measurements,12,0.0,1.0,0.0,0.7862068965517242,0.21379310344827585,27,4,0.0,0.25257731958762886
of,2,0.0,1.0,0.0,0.7862068965517242,0.21379310344827585,27,4,0.0,0.25257731958762886
MNRAS,5,1.0,0.0,0.0,0.125,0.875,4,1,0.6701030927835051,0.21649484536082475
"000,",4,0.0,0.0,0.75,0.125,0.875,4,1,0.6701030927835051,0.21649484536082475
1–10,4,0.0,0.0,0.75,0.125,0.875,4,1,0.6701030927835051,0.21649484536082475
(2021),6,0.0,0.0,0.6666666666666666,0.125,0.875,4,1,0.6701030927835051,0.21649484536082475
avr_spaces,10,0.0,0.9,0.0,1.0,0.0,1,1,0.0786526839672947,0.9484536082474226
8,1,0.0,0.0,1.0,0.6153846153846154,0.3846153846153846,5,4,0.0,0.865979381443299
Aravind,7,0.14285714285714285,0.8571428571428571,0.0,0.6153846153846154,0.3846153846153846,5,4,0.0,0.865979381443299
K.,2,0.5,0.0,0.0,0.6153846153846154,0.3846153846153846,5,4,0.0,0.865979381443299
et,2,0.0,1.0,0.0,0.6153846153846154,0.3846153846153846,5,4,0.0,0.865979381443299
"al.,",4,0.0,0.5,0.0,0.6153846153846154,0.3846153846153846,5,4,0.0,0.865979381443299
water,5,0.0,1.0,0.0,0.8426966292134831,0.1573033707865169,12,3,0.0,0.5412371134020619
production,10,0.0,1.0,0.0,0.8426966292134831,0.1573033707865169,12,3,0.0,0.5412371134020619
"rates,",6,0.0,0.8333333333333334,0.0,0.8426966292134831,0.1573033707865169,12,3,0.0,0.5412371134020619
but,3,0.0,1.0,0.0,0.8426966292134831,0.1573033707865169,12,3,0.0,0.5412371134020619
only,4,0.0,1.0,0.0,0.8426966292134831,0.1573033707865169,12,3,0.0,0.5412371134020619
for,3,0.0,1.0,0.0,0.8426966292134831,0.1573033707865169,12,3,0.0,0.5412371134020619
order,5,0.0,1.0,0.0,0.8426966292134831,0.1573033707865169,12,3,0.0,0.5412371134020619
of,2,0.0,1.0,0.0,0.8426966292134831,0.1573033707865169,12,3,0.0,0.5412371134020619
magnitude,9,0.0,1.0,0.0,0.8426966292134831,0.1573033707865169,12,3,0.0,0.5412371134020619
"estimates,",10,0.0,0.9,0.0,0.8426966292134831,0.1573033707865169,12,3,0.0,0.5412371134020619
we,2,0.0,1.0,0.0,0.8426966292134831,0.1573033707865169,12,3,0.0,0.5412371134020619
ACKNOWLEDGEMENTS,16,1.0,0.0,0.0,0.8426966292134831,0.1573033707865169,12,3,0.0,0.5412371134020619
would,5,0.0,1.0,0.0,0.8382352941176471,0.16176470588235292,12,1,0.0,0.6494845360824743
like,4,0.0,1.0,0.0,0.8382352941176471,0.16176470588235292,12,1,0.0,0.6494845360824743
to,2,0.0,1.0,0.0,0.8382352941176471,0.16176470588235292,12,1,0.0,0.6494845360824743
point,5,0.0,1.0,0.0,0.8382352941176471,0.16176470588235292,12,1,0.0,0.6494845360824743
out,3,0.0,1.0,0.0,0.8382352941176471,0.16176470588235292,12,1,0.0,0.6494845360824743
"that,",5,0.0,0.8,0.0,0.8382352941176471,0.16176470588235292,12,1,0.0,0.6494845360824743
such,4,0.0,1.0,0.0,0.8382352941176471,0.16176470588235292,12,1,0.0,0.6494845360824743
an,2,0.0,1.0,0.0,0.8382352941176471,0.16176470588235292,12,1,0.0,0.6494845360824743
unexpected,10,0.0,1.0,0.0,0.8382352941176471,0.16176470588235292,12,1,0.0,0.6494845360824743
drastic,7,0.0,1.0,0.0,0.8382352941176471,0.16176470588235292,12,1,0.0,0.6494845360824743
decrease,8,0.0,1.0,0.0,0.8382352941176471,0.16176470588235292,12,1,0.0,0.6494845360824743
in,2,0.0,1.0,0.0,0.8382352941176471,0.16176470588235292,12,1,0.0,0.6494845360824743
We,2,0.5,0.5,0.0,0.3925925925925926,0.6074074074074074,10,1,0.37628865979381443,0.3041237113402062
thank,5,0.0,1.0,0.0,0.3925925925925926,0.6074074074074074,10,1,0.37628865979381443,0.3041237113402062
the,3,0.0,1.0,0.0,0.3925925925925926,0.6074074074074074,10,1,0.37628865979381443,0.3041237113402062
referee,7,0.0,1.0,0.0,0.3925925925925926,0.6074074074074074,10,1,0.37628865979381443,0.3041237113402062
for,3,0.0,1.0,0.0,0.3925925925925926,0.6074074074074074,10,1,0.37628865979381443,0.3041237113402062
the,3,0.0,1.0,0.0,0.3925925925925926,0.6074074074074074,10,1,0.37628865979381443,0.3041237113402062
valuable,8,0.0,1.0,0.0,0.3925925925925926,0.6074074074074074,10,1,0.37628865979381443,0.3041237113402062
comments,8,0.0,1.0,0.0,0.3925925925925926,0.6074074074074074,10,1,0.37628865979381443,0.3041237113402062
and,3,0.0,1.0,0.0,0.3925925925925926,0.6074074074074074,10,1,0.37628865979381443,0.3041237113402062
suggestions,11,0.0,1.0,0.0,0.3925925925925926,0.6074074074074074,10,1,0.37628865979381443,0.3041237113402062
water,5,0.0,1.0,0.0,0.8615384615384616,0.1384615384615384,10,1,0.0,0.6649484536082475
production,10,0.0,1.0,0.0,0.8615384615384616,0.1384615384615384,10,1,0.0,0.6649484536082475
rate,4,0.0,1.0,0.0,0.8615384615384616,0.1384615384615384,10,1,0.0,0.6649484536082475
may,3,0.0,1.0,0.0,0.8615384615384616,0.1384615384615384,10,1,0.0,0.6649484536082475
be,2,0.0,1.0,0.0,0.8615384615384616,0.1384615384615384,10,1,0.0,0.6649484536082475
due,3,0.0,1.0,0.0,0.8615384615384616,0.1384615384615384,10,1,0.0,0.6649484536082475
to,2,0.0,1.0,0.0,0.8615384615384616,0.1384615384615384,10,1,0.0,0.6649484536082475
the,3,0.0,1.0,0.0,0.8615384615384616,0.1384615384615384,10,1,0.0,0.6649484536082475
heterogeneous,13,0.0,1.0,0.0,0.8615384615384616,0.1384615384615384,10,1,0.0,0.6649484536082475
composition,11,0.0,1.0,0.0,0.8615384615384616,0.1384615384615384,10,1,0.0,0.6649484536082475
which,5,0.0,1.0,0.0,0.39097744360902253,0.6090225563909775,9,1,0.37628865979381443,0.31443298969072164
have,4,0.0,1.0,0.0,0.39097744360902253,0.6090225563909775,9,1,0.37628865979381443,0.31443298969072164
improved,8,0.0,1.0,0.0,0.39097744360902253,0.6090225563909775,9,1,0.37628865979381443,0.31443298969072164
the,3,0.0,1.0,0.0,0.39097744360902253,0.6090225563909775,9,1,0.37628865979381443,0.31443298969072164
manuscript.,11,0.0,0.9090909090909091,0.0,0.39097744360902253,0.6090225563909775,9,1,0.37628865979381443,0.31443298969072164
We,2,0.5,0.5,0.0,0.39097744360902253,0.6090225563909775,9,1,0.37628865979381443,0.31443298969072164
acknowledge,11,0.0,1.0,0.0,0.39097744360902253,0.6090225563909775,9,1,0.37628865979381443,0.31443298969072164
the,3,0.0,1.0,0.0,0.39097744360902253,0.6090225563909775,9,1,0.37628865979381443,0.31443298969072164
local,5,0.0,1.0,0.0,0.39097744360902253,0.6090225563909775,9,1,0.37628865979381443,0.31443298969072164
of,2,0.0,1.0,0.0,0.8484848484848485,0.1515151515151515,11,1,0.0,0.6597938144329897
the,3,0.0,1.0,0.0,0.8484848484848485,0.1515151515151515,11,1,0.0,0.6597938144329897
"nucleus,",8,0.0,0.875,0.0,0.8484848484848485,0.1515151515151515,11,1,0.0,0.6597938144329897
as,2,0.0,1.0,0.0,0.8484848484848485,0.1515151515151515,11,1,0.0,0.6597938144329897
discussed,9,0.0,1.0,0.0,0.8484848484848485,0.1515151515151515,11,1,0.0,0.6597938144329897
"earlier,",8,0.0,0.875,0.0,0.8484848484848485,0.1515151515151515,11,1,0.0,0.6597938144329897
along,5,0.0,1.0,0.0,0.8484848484848485,0.1515151515151515,11,1,0.0,0.6597938144329897
with,4,0.0,1.0,0.0,0.8484848484848485,0.1515151515151515,11,1,0.0,0.6597938144329897
the,3,0.0,1.0,0.0,0.8484848484848485,0.1515151515151515,11,1,0.0,0.6597938144329897
low,3,0.0,1.0,0.0,0.8484848484848485,0.1515151515151515,11,1,0.0,0.6597938144329897
abundance,9,0.0,1.0,0.0,0.8484848484848485,0.1515151515151515,11,1,0.0,0.6597938144329897
staff,5,0.0,1.0,0.0,0.40425531914893614,0.5957446808510638,12,1,0.37628865979381443,0.2731958762886598
at,2,0.0,1.0,0.0,0.40425531914893614,0.5957446808510638,12,1,0.37628865979381443,0.2731958762886598
the,3,0.0,1.0,0.0,0.40425531914893614,0.5957446808510638,12,1,0.37628865979381443,0.2731958762886598
Mount,5,0.2,0.8,0.0,0.40425531914893614,0.5957446808510638,12,1,0.37628865979381443,0.2731958762886598
Abu,3,0.3333333333333333,0.6666666666666666,0.0,0.40425531914893614,0.5957446808510638,12,1,0.37628865979381443,0.2731958762886598
InfraRed,8,0.25,0.75,0.0,0.40425531914893614,0.5957446808510638,12,1,0.37628865979381443,0.2731958762886598
Observatory,11,0.09090909090909091,0.9090909090909091,0.0,0.40425531914893614,0.5957446808510638,12,1,0.37628865979381443,0.2731958762886598
for,3,0.0,1.0,0.0,0.40425531914893614,0.5957446808510638,12,1,0.37628865979381443,0.2731958762886598
their,5,0.0,1.0,0.0,0.40425531914893614,0.5957446808510638,12,1,0.37628865979381443,0.2731958762886598
help.,5,0.0,0.8,0.0,0.40425531914893614,0.5957446808510638,12,1,0.37628865979381443,0.2731958762886598
We,2,0.5,0.5,0.0,0.40425531914893614,0.5957446808510638,12,1,0.37628865979381443,0.2731958762886598
thank,5,0.0,1.0,0.0,0.40425531914893614,0.5957446808510638,12,1,0.37628865979381443,0.2731958762886598
of,2,0.0,1.0,0.0,0.8307692307692308,0.16923076923076918,12,1,0.0,0.6649484536082475
H2,2,0.5,0.0,0.5,0.8307692307692308,0.16923076923076918,12,1,0.0,0.6649484536082475
"O,",2,0.5,0.0,0.0,0.8307692307692308,0.16923076923076918,12,1,0.0,0.6649484536082475
uncommon,8,0.0,1.0,0.0,0.8307692307692308,0.16923076923076918,12,1,0.0,0.6649484536082475
in,2,0.0,1.0,0.0,0.8307692307692308,0.16923076923076918,12,1,0.0,0.6649484536082475
Solar,5,0.2,0.8,0.0,0.8307692307692308,0.16923076923076918,12,1,0.0,0.6649484536082475
system,6,0.0,1.0,0.0,0.8307692307692308,0.16923076923076918,12,1,0.0,0.6649484536082475
"comets,",7,0.0,0.8571428571428571,0.0,0.8307692307692308,0.16923076923076918,12,1,0.0,0.6649484536082475
as,2,0.0,1.0,0.0,0.8307692307692308,0.16923076923076918,12,1,0.0,0.6649484536082475
reported,8,0.0,1.0,0.0,0.8307692307692308,0.16923076923076918,12,1,0.0,0.6649484536082475
in,2,0.0,1.0,0.0,0.8307692307692308,0.16923076923076918,12,1,0.0,0.6649484536082475
Bodewits,8,0.125,0.875,0.0,0.8307692307692308,0.16923076923076918,12,1,0.0,0.6649484536082475
the,3,0.0,1.0,0.0,0.39568345323741005,0.60431654676259,12,1,0.37628865979381443,0.28350515463917525
staff,5,0.0,1.0,0.0,0.39568345323741005,0.60431654676259,12,1,0.37628865979381443,0.28350515463917525
of,2,0.0,1.0,0.0,0.39568345323741005,0.60431654676259,12,1,0.37628865979381443,0.28350515463917525
"IAO,",4,0.75,0.0,0.0,0.39568345323741005,0.60431654676259,12,1,0.37628865979381443,0.28350515463917525
Hanle,5,0.2,0.8,0.0,0.39568345323741005,0.60431654676259,12,1,0.37628865979381443,0.28350515463917525
and,3,0.0,1.0,0.0,0.39568345323741005,0.60431654676259,12,1,0.37628865979381443,0.28350515463917525
"CREST,",6,0.8333333333333334,0.0,0.0,0.39568345323741005,0.60431654676259,12,1,0.37628865979381443,0.28350515463917525
"Hoskote,",8,0.125,0.75,0.0,0.39568345323741005,0.60431654676259,12,1,0.37628865979381443,0.28350515463917525
that,4,0.0,1.0,0.0,0.39568345323741005,0.60431654676259,12,1,0.37628865979381443,0.28350515463917525
made,4,0.0,1.0,0.0,0.39568345323741005,0.60431654676259,12,1,0.37628865979381443,0.28350515463917525
these,5,0.0,1.0,0.0,0.39568345323741005,0.60431654676259,12,1,0.37628865979381443,0.28350515463917525
obser-,6,0.0,0.8333333333333334,0.0,0.39568345323741005,0.60431654676259,12,1,0.37628865979381443,0.28350515463917525
et,2,0.0,1.0,0.0,0.8571428571428571,0.1428571428571429,3,1,0.0,0.9278350515463918
al.,3,0.0,0.6666666666666666,0.0,0.8571428571428571,0.1428571428571429,3,1,0.0,0.9278350515463918
(2020).,7,0.0,0.0,0.5714285714285714,0.8571428571428571,0.1428571428571429,3,1,0.0,0.9278350515463918
vations,7,0.0,1.0,0.0,0.39855072463768115,0.6014492753623188,11,1,0.37628865979381443,0.28865979381443296
possible.,9,0.0,0.8888888888888888,0.0,0.39855072463768115,0.6014492753623188,11,1,0.37628865979381443,0.28865979381443296
The,3,0.3333333333333333,0.6666666666666666,0.0,0.39855072463768115,0.6014492753623188,11,1,0.37628865979381443,0.28865979381443296
facilities,10,0.0,1.0,0.0,0.39855072463768115,0.6014492753623188,11,1,0.37628865979381443,0.28865979381443296
at,2,0.0,1.0,0.0,0.39855072463768115,0.6014492753623188,11,1,0.37628865979381443,0.28865979381443296
IAO,3,1.0,0.0,0.0,0.39855072463768115,0.6014492753623188,11,1,0.37628865979381443,0.28865979381443296
and,3,0.0,1.0,0.0,0.39855072463768115,0.6014492753623188,11,1,0.37628865979381443,0.28865979381443296
CREST,5,1.0,0.0,0.0,0.39855072463768115,0.6014492753623188,11,1,0.37628865979381443,0.28865979381443296
are,3,0.0,1.0,0.0,0.39855072463768115,0.6014492753623188,11,1,0.37628865979381443,0.28865979381443296
operated,8,0.0,1.0,0.0,0.39855072463768115,0.6014492753623188,11,1,0.37628865979381443,0.28865979381443296
by,2,0.0,1.0,0.0,0.39855072463768115,0.6014492753623188,11,1,0.37628865979381443,0.28865979381443296
the,3,0.0,1.0,0.0,0.41134751773049644,0.5886524822695036,11,1,0.37628865979381443,0.2731958762886598
Indian,6,0.16666666666666666,0.8333333333333334,0.0,0.41134751773049644,0.5886524822695036,11,1,0.37628865979381443,0.2731958762886598
Institute,9,0.1111111111111111,0.8888888888888888,0.0,0.41134751773049644,0.5886524822695036,11,1,0.37628865979381443,0.2731958762886598
of,2,0.0,1.0,0.0,0.41134751773049644,0.5886524822695036,11,1,0.37628865979381443,0.2731958762886598
"Astrophysics,",13,0.07692307692307693,0.8461538461538461,0.0,0.41134751773049644,0.5886524822695036,11,1,0.37628865979381443,0.2731958762886598
Bangalore.,10,0.1,0.8,0.0,0.41134751773049644,0.5886524822695036,11,1,0.37628865979381443,0.2731958762886598
Work,4,0.25,0.75,0.0,0.41134751773049644,0.5886524822695036,11,1,0.37628865979381443,0.2731958762886598
at,2,0.0,1.0,0.0,0.41134751773049644,0.5886524822695036,11,1,0.37628865979381443,0.2731958762886598
PRL,3,1.0,0.0,0.0,0.41134751773049644,0.5886524822695036,11,1,0.37628865979381443,0.2731958762886598
is,2,0.0,1.0,0.0,0.41134751773049644,0.5886524822695036,11,1,0.37628865979381443,0.2731958762886598
sup-,4,0.0,0.75,0.0,0.41134751773049644,0.5886524822695036,11,1,0.37628865979381443,0.2731958762886598
ported,6,0.0,1.0,0.0,0.3076923076923077,0.6923076923076923,9,1,0.37628865979381443,0.3969072164948454
by,2,0.0,1.0,0.0,0.3076923076923077,0.6923076923076923,9,1,0.37628865979381443,0.3969072164948454
the,3,0.0,1.0,0.0,0.3076923076923077,0.6923076923076923,9,1,0.37628865979381443,0.3969072164948454
Dept,4,0.25,0.75,0.0,0.3076923076923077,0.6923076923076923,9,1,0.37628865979381443,0.3969072164948454
of,2,0.0,1.0,0.0,0.3076923076923077,0.6923076923076923,9,1,0.37628865979381443,0.3969072164948454
"Space,",6,0.16666666666666666,0.6666666666666666,0.0,0.3076923076923077,0.6923076923076923,9,1,0.37628865979381443,0.3969072164948454
Govt.,5,0.2,0.6,0.0,0.3076923076923077,0.6923076923076923,9,1,0.37628865979381443,0.3969072164948454
of,2,0.0,1.0,0.0,0.3076923076923077,0.6923076923076923,9,1,0.37628865979381443,0.3969072164948454
India.,6,0.16666666666666666,0.6666666666666666,0.0,0.3076923076923077,0.6923076923076923,9,1,0.37628865979381443,0.3969072164948454
4.3,3,0.0,0.0,0.6666666666666666,0.9333333333333333,0.06666666666666665,2,1,0.0,0.9226804123711341
Conclusions,11,0.09090909090909091,0.9090909090909091,0.0,0.9333333333333333,0.06666666666666665,2,1,0.0,0.9226804123711341
DATA,4,1.0,0.0,0.0,0.17777777777777778,0.8222222222222222,2,1,0.37628865979381443,0.5360824742268041
AVAILABILITY,12,1.0,0.0,0.0,0.17777777777777778,0.8222222222222222,2,1,0.37628865979381443,0.5360824742268041
In,2,0.5,0.5,0.0,0.8461538461538461,0.15384615384615385,11,1,0.0,0.6649484536082475
this,4,0.0,1.0,0.0,0.8461538461538461,0.15384615384615385,11,1,0.0,0.6649484536082475
work,4,0.0,1.0,0.0,0.8461538461538461,0.15384615384615385,11,1,0.0,0.6649484536082475
we,2,0.0,1.0,0.0,0.8461538461538461,0.15384615384615385,11,1,0.0,0.6649484536082475
present,7,0.0,1.0,0.0,0.8461538461538461,0.15384615384615385,11,1,0.0,0.6649484536082475
the,3,0.0,1.0,0.0,0.8461538461538461,0.15384615384615385,11,1,0.0,0.6649484536082475
optical,7,0.0,1.0,0.0,0.8461538461538461,0.15384615384615385,11,1,0.0,0.6649484536082475
spectroscopic,13,0.0,1.0,0.0,0.8461538461538461,0.15384615384615385,11,1,0.0,0.6649484536082475
and,3,0.0,1.0,0.0,0.8461538461538461,0.15384615384615385,11,1,0.0,0.6649484536082475
imaging,7,0.0,1.0,0.0,0.8461538461538461,0.15384615384615385,11,1,0.0,0.6649484536082475
ob-,3,0.0,0.6666666666666666,0.0,0.8461538461538461,0.15384615384615385,11,1,0.0,0.6649484536082475
The,3,0.3333333333333333,0.6666666666666666,0.0,0.4154929577464789,0.5845070422535211,11,1,0.37628865979381443,0.2680412371134021
data,4,0.0,1.0,0.0,0.4154929577464789,0.5845070422535211,11,1,0.37628865979381443,0.2680412371134021
underlying,10,0.0,1.0,0.0,0.4154929577464789,0.5845070422535211,11,1,0.37628865979381443,0.2680412371134021
this,4,0.0,1.0,0.0,0.4154929577464789,0.5845070422535211,11,1,0.37628865979381443,0.2680412371134021
article,7,0.0,1.0,0.0,0.4154929577464789,0.5845070422535211,11,1,0.37628865979381443,0.2680412371134021
will,4,0.0,1.0,0.0,0.4154929577464789,0.5845070422535211,11,1,0.37628865979381443,0.2680412371134021
be,2,0.0,1.0,0.0,0.4154929577464789,0.5845070422535211,11,1,0.37628865979381443,0.2680412371134021
shared,6,0.0,1.0,0.0,0.4154929577464789,0.5845070422535211,11,1,0.37628865979381443,0.2680412371134021
on,2,0.0,1.0,0.0,0.4154929577464789,0.5845070422535211,11,1,0.37628865979381443,0.2680412371134021
reasonable,10,0.0,1.0,0.0,0.4154929577464789,0.5845070422535211,11,1,0.37628865979381443,0.2680412371134021
request,7,0.0,1.0,0.0,0.4154929577464789,0.5845070422535211,11,1,0.37628865979381443,0.2680412371134021
servations,10,0.0,1.0,0.0,0.8714285714285714,0.12857142857142856,10,1,0.0,0.6391752577319587
of,2,0.0,1.0,0.0,0.8714285714285714,0.12857142857142856,10,1,0.0,0.6391752577319587
the,3,0.0,1.0,0.0,0.8714285714285714,0.12857142857142856,10,1,0.0,0.6391752577319587
interstellar,12,0.0,1.0,0.0,0.8714285714285714,0.12857142857142856,10,1,0.0,0.6391752577319587
comet,5,0.0,1.0,0.0,0.8714285714285714,0.12857142857142856,10,1,0.0,0.6391752577319587
"2I/Borisov,",11,0.18181818181818182,0.5454545454545454,0.09090909090909091,0.8714285714285714,0.12857142857142856,10,1,0.0,0.6391752577319587
before,6,0.0,1.0,0.0,0.8714285714285714,0.12857142857142856,10,1,0.0,0.6391752577319587
and,3,0.0,1.0,0.0,0.8714285714285714,0.12857142857142856,10,1,0.0,0.6391752577319587
after,5,0.0,1.0,0.0,0.8714285714285714,0.12857142857142856,10,1,0.0,0.6391752577319587
per-,4,0.0,0.75,0.0,0.8714285714285714,0.12857142857142856,10,1,0.0,0.6391752577319587
to,2,0.0,1.0,0.0,0.24752475247524752,0.7524752475247525,4,1,0.37628865979381443,0.47938144329896903
the,3,0.0,1.0,0.0,0.24752475247524752,0.7524752475247525,4,1,0.37628865979381443,0.47938144329896903
corresponding,13,0.0,1.0,0.0,0.24752475247524752,0.7524752475247525,4,1,0.37628865979381443,0.47938144329896903
author.,7,0.0,0.8571428571428571,0.0,0.24752475247524752,0.7524752475247525,4,1,0.37628865979381443,0.47938144329896903
"ihelion,",8,0.0,0.875,0.0,0.8225806451612904,0.17741935483870963,12,1,0.0,0.6804123711340206
using,5,0.0,1.0,0.0,0.8225806451612904,0.17741935483870963,12,1,0.0,0.6804123711340206
the,3,0.0,1.0,0.0,0.8225806451612904,0.17741935483870963,12,1,0.0,0.6804123711340206
2-m,3,0.0,0.3333333333333333,0.3333333333333333,0.8225806451612904,0.17741935483870963,12,1,0.0,0.6804123711340206
"HCT,",4,0.75,0.0,0.0,0.8225806451612904,0.17741935483870963,12,1,0.0,0.6804123711340206
Hanle,5,0.2,0.8,0.0,0.8225806451612904,0.17741935483870963,12,1,0.0,0.6804123711340206
and,3,0.0,1.0,0.0,0.8225806451612904,0.17741935483870963,12,1,0.0,0.6804123711340206
"MIRO,",5,0.8,0.0,0.0,0.8225806451612904,0.17741935483870963,12,1,0.0,0.6804123711340206
1.2,3,0.0,0.0,0.6666666666666666,0.8225806451612904,0.17741935483870963,12,1,0.0,0.6804123711340206
m,1,0.0,1.0,0.0,0.8225806451612904,0.17741935483870963,12,1,0.0,0.6804123711340206
Mt.Abu,6,0.3333333333333333,0.5,0.0,0.8225806451612904,0.17741935483870963,12,1,0.0,0.6804123711340206
tele-,5,0.0,0.8,0.0,0.8225806451612904,0.17741935483870963,12,1,0.0,0.6804123711340206
scopes.,7,0.0,0.8571428571428571,0.0,0.8615384615384616,0.1384615384615384,10,1,0.0,0.6649484536082475
Spectroscopic,13,0.07692307692307693,0.9230769230769231,0.0,0.8615384615384616,0.1384615384615384,10,1,0.0,0.6649484536082475
study,5,0.0,1.0,0.0,0.8615384615384616,0.1384615384615384,10,1,0.0,0.6649484536082475
shows,5,0.0,1.0,0.0,0.8615384615384616,0.1384615384615384,10,1,0.0,0.6649484536082475
clear,5,0.0,1.0,0.0,0.8615384615384616,0.1384615384615384,10,1,0.0,0.6649484536082475
emissions,9,0.0,1.0,0.0,0.8615384615384616,0.1384615384615384,10,1,0.0,0.6649484536082475
from,4,0.0,1.0,0.0,0.8615384615384616,0.1384615384615384,10,1,0.0,0.6649484536082475
"CN,",3,0.6666666666666666,0.0,0.0,0.8615384615384616,0.1384615384615384,10,1,0.0,0.6649484536082475
C2,2,0.5,0.0,0.5,0.8615384615384616,0.1384615384615384,10,1,0.0,0.6649484536082475
and,3,0.0,1.0,0.0,0.8615384615384616,0.1384615384615384,10,1,0.0,0.6649484536082475
C3,2,0.5,0.0,0.5,0.828125,0.171875,12,1,0.0,0.6701030927835052
pre,3,0.0,1.0,0.0,0.828125,0.171875,12,1,0.0,0.6701030927835052
and,3,0.0,1.0,0.0,0.828125,0.171875,12,1,0.0,0.6701030927835052
post,4,0.0,1.0,0.0,0.828125,0.171875,12,1,0.0,0.6701030927835052
perihelion,10,0.0,1.0,0.0,0.828125,0.171875,12,1,0.0,0.6701030927835052
and,3,0.0,1.0,0.0,0.828125,0.171875,12,1,0.0,0.6701030927835052
detects,7,0.0,1.0,0.0,0.828125,0.171875,12,1,0.0,0.6701030927835052
a,1,0.0,1.0,0.0,0.828125,0.171875,12,1,0.0,0.6701030927835052
drop,4,0.0,1.0,0.0,0.828125,0.171875,12,1,0.0,0.6701030927835052
in,2,0.0,1.0,0.0,0.828125,0.171875,12,1,0.0,0.6701030927835052
production,10,0.0,1.0,0.0,0.828125,0.171875,12,1,0.0,0.6701030927835052
rate,4,0.0,1.0,0.0,0.828125,0.171875,12,1,0.0,0.6701030927835052
"ratio,",6,0.0,0.8333333333333334,0.0,0.7951807228915663,0.20481927710843373,11,5,0.0,0.5721649484536082
Q(C2,4,0.5,0.0,0.25,0.7951807228915663,0.20481927710843373,11,5,0.0,0.5721649484536082
)/Q(CN),7,0.42857142857142855,0.0,0.0,0.7951807228915663,0.20481927710843373,11,5,0.0,0.5721649484536082
post,4,0.0,1.0,0.0,0.7951807228915663,0.20481927710843373,11,5,0.0,0.5721649484536082
perihelion.,11,0.0,0.9090909090909091,0.0,0.7951807228915663,0.20481927710843373,11,5,0.0,0.5721649484536082
Imaging,7,0.14285714285714285,0.8571428571428571,0.0,0.7951807228915663,0.20481927710843373,11,5,0.0,0.5721649484536082
study,5,0.0,1.0,0.0,0.7951807228915663,0.20481927710843373,11,5,0.0,0.5721649484536082
reveals,7,0.0,1.0,0.0,0.7951807228915663,0.20481927710843373,11,5,0.0,0.5721649484536082
a,1,0.0,1.0,0.0,0.7951807228915663,0.20481927710843373,11,5,0.0,0.5721649484536082
sys-,4,0.0,0.75,0.0,0.7951807228915663,0.20481927710843373,11,5,0.0,0.5721649484536082
REFERENCES,10,1.0,0.0,0.0,0.7951807228915663,0.20481927710843373,11,5,0.0,0.5721649484536082
tematically,11,0.0,1.0,0.0,0.7938931297709924,0.20610687022900764,23,4,0.0,0.32474226804123707
reducing,8,0.0,1.0,0.0,0.7938931297709924,0.20610687022900764,23,4,0.0,0.32474226804123707
A,1,1.0,0.0,0.0,0.7938931297709924,0.20610687022900764,23,4,0.0,0.32474226804123707
f,1,0.0,1.0,0.0,0.7938931297709924,0.20610687022900764,23,4,0.0,0.32474226804123707
ρ,1,0.0,1.0,0.0,0.7938931297709924,0.20610687022900764,23,4,0.0,0.32474226804123707
and,3,0.0,1.0,0.0,0.7938931297709924,0.20610687022900764,23,4,0.0,0.32474226804123707
effective,9,0.0,1.0,0.0,0.7938931297709924,0.20610687022900764,23,4,0.0,0.32474226804123707
cross,5,0.0,1.0,0.0,0.7938931297709924,0.20610687022900764,23,4,0.0,0.32474226804123707
"section,",8,0.0,0.875,0.0,0.7938931297709924,0.20610687022900764,23,4,0.0,0.32474226804123707
using,5,0.0,1.0,0.0,0.7938931297709924,0.20610687022900764,23,4,0.0,0.32474226804123707
which,5,0.0,1.0,0.0,0.7938931297709924,0.20610687022900764,23,4,0.0,0.32474226804123707
A’Hearn,7,0.2857142857142857,0.5714285714285714,0.0,0.7938931297709924,0.20610687022900764,23,4,0.0,0.32474226804123707
M.,2,0.5,0.0,0.0,0.7938931297709924,0.20610687022900764,23,4,0.0,0.32474226804123707
"F.,",3,0.3333333333333333,0.0,0.0,0.7938931297709924,0.20610687022900764,23,4,0.0,0.32474226804123707
Cowan,5,0.2,0.8,0.0,0.7938931297709924,0.20610687022900764,23,4,0.0,0.32474226804123707
J.,2,0.5,0.0,0.0,0.7938931297709924,0.20610687022900764,23,4,0.0,0.32474226804123707
"J.,",3,0.3333333333333333,0.0,0.0,0.7938931297709924,0.20610687022900764,23,4,0.0,0.32474226804123707
"1980,",5,0.0,0.0,0.8,0.7938931297709924,0.20610687022900764,23,4,0.0,0.32474226804123707
Moon,4,0.25,0.75,0.0,0.7938931297709924,0.20610687022900764,23,4,0.0,0.32474226804123707
and,3,0.0,1.0,0.0,0.7938931297709924,0.20610687022900764,23,4,0.0,0.32474226804123707
"Planets,",8,0.125,0.75,0.0,0.7938931297709924,0.20610687022900764,23,4,0.0,0.32474226804123707
"23,",3,0.0,0.0,0.6666666666666666,0.7938931297709924,0.20610687022900764,23,4,0.0,0.32474226804123707
41,2,0.0,0.0,1.0,0.7938931297709924,0.20610687022900764,23,4,0.0,0.32474226804123707
a,1,0.0,1.0,0.0,0.7908496732026143,0.20915032679738566,28,4,0.0,0.21134020618556704
possible,8,0.0,1.0,0.0,0.7908496732026143,0.20915032679738566,28,4,0.0,0.21134020618556704
size,4,0.0,1.0,0.0,0.7908496732026143,0.20915032679738566,28,4,0.0,0.21134020618556704
range,5,0.0,1.0,0.0,0.7908496732026143,0.20915032679738566,28,4,0.0,0.21134020618556704
of,2,0.0,1.0,0.0,0.7908496732026143,0.20915032679738566,28,4,0.0,0.21134020618556704
the,3,0.0,1.0,0.0,0.7908496732026143,0.20915032679738566,28,4,0.0,0.21134020618556704
nucleus,7,0.0,1.0,0.0,0.7908496732026143,0.20915032679738566,28,4,0.0,0.21134020618556704
has,3,0.0,1.0,0.0,0.7908496732026143,0.20915032679738566,28,4,0.0,0.21134020618556704
been,4,0.0,1.0,0.0,0.7908496732026143,0.20915032679738566,28,4,0.0,0.21134020618556704
computed.,9,0.0,0.8888888888888888,0.0,0.7908496732026143,0.20915032679738566,28,4,0.0,0.21134020618556704
Using,5,0.2,0.8,0.0,0.7908496732026143,0.20915032679738566,28,4,0.0,0.21134020618556704
these,5,0.0,1.0,0.0,0.7908496732026143,0.20915032679738566,28,4,0.0,0.21134020618556704
A’Hearn,7,0.2857142857142857,0.5714285714285714,0.0,0.7908496732026143,0.20915032679738566,28,4,0.0,0.21134020618556704
M.,2,0.5,0.0,0.0,0.7908496732026143,0.20915032679738566,28,4,0.0,0.21134020618556704
"F.,",3,0.3333333333333333,0.0,0.0,0.7908496732026143,0.20915032679738566,28,4,0.0,0.21134020618556704
Feldman,7,0.14285714285714285,0.8571428571428571,0.0,0.7908496732026143,0.20915032679738566,28,4,0.0,0.21134020618556704
P.,2,0.5,0.0,0.0,0.7908496732026143,0.20915032679738566,28,4,0.0,0.21134020618556704
"D.,",3,0.3333333333333333,0.0,0.0,0.7908496732026143,0.20915032679738566,28,4,0.0,0.21134020618556704
Millis,6,0.16666666666666666,0.8333333333333334,0.0,0.7908496732026143,0.20915032679738566,28,4,0.0,0.21134020618556704
R.,2,0.5,0.0,0.0,0.7908496732026143,0.20915032679738566,28,4,0.0,0.21134020618556704
"L.,",3,0.3333333333333333,0.0,0.0,0.7908496732026143,0.20915032679738566,28,4,0.0,0.21134020618556704
Stewart,7,0.14285714285714285,0.8571428571428571,0.0,0.7908496732026143,0.20915032679738566,28,4,0.0,0.21134020618556704
A.,2,0.5,0.0,0.0,0.7908496732026143,0.20915032679738566,28,4,0.0,0.21134020618556704
I.,2,0.5,0.0,0.0,0.7908496732026143,0.20915032679738566,28,4,0.0,0.21134020618556704
"F.,",3,0.3333333333333333,0.0,0.0,0.7908496732026143,0.20915032679738566,28,4,0.0,0.21134020618556704
"1984a,",6,0.0,0.16666666666666666,0.6666666666666666,0.7908496732026143,0.20915032679738566,28,4,0.0,0.21134020618556704
in,2,0.0,1.0,0.0,0.7908496732026143,0.20915032679738566,28,4,0.0,0.21134020618556704
Bulletin,8,0.125,0.875,0.0,0.7908496732026143,0.20915032679738566,28,4,0.0,0.21134020618556704
observational,13,0.0,1.0,0.0,0.768595041322314,0.23140495867768596,15,8,0.0,0.37628865979381443
"results,",8,0.0,0.875,0.0,0.768595041322314,0.23140495867768596,15,8,0.0,0.37628865979381443
we,2,0.0,1.0,0.0,0.768595041322314,0.23140495867768596,15,8,0.0,0.37628865979381443
arrive,6,0.0,1.0,0.0,0.768595041322314,0.23140495867768596,15,8,0.0,0.37628865979381443
at,2,0.0,1.0,0.0,0.768595041322314,0.23140495867768596,15,8,0.0,0.37628865979381443
the,3,0.0,1.0,0.0,0.768595041322314,0.23140495867768596,15,8,0.0,0.37628865979381443
following,9,0.0,1.0,0.0,0.768595041322314,0.23140495867768596,15,8,0.0,0.37628865979381443
conclusions:,12,0.0,0.9166666666666666,0.0,0.768595041322314,0.23140495867768596,15,8,0.0,0.37628865979381443
of,2,0.0,1.0,0.0,0.768595041322314,0.23140495867768596,15,8,0.0,0.37628865979381443
the,3,0.0,1.0,0.0,0.768595041322314,0.23140495867768596,15,8,0.0,0.37628865979381443
American,8,0.125,0.875,0.0,0.768595041322314,0.23140495867768596,15,8,0.0,0.37628865979381443
Astronomical,12,0.08333333333333333,0.9166666666666666,0.0,0.768595041322314,0.23140495867768596,15,8,0.0,0.37628865979381443
Society.,8,0.125,0.75,0.0,0.768595041322314,0.23140495867768596,15,8,0.0,0.37628865979381443
p.,2,0.0,0.5,0.0,0.768595041322314,0.23140495867768596,15,8,0.0,0.37628865979381443
638,3,0.0,0.0,1.0,0.768595041322314,0.23140495867768596,15,8,0.0,0.37628865979381443
A’Hearn,7,0.2857142857142857,0.5714285714285714,0.0,0.40559440559440557,0.5944055944055944,13,1,0.37628865979381443,0.2628865979381443
M.,2,0.5,0.0,0.0,0.40559440559440557,0.5944055944055944,13,1,0.37628865979381443,0.2628865979381443
"F.,",3,0.3333333333333333,0.0,0.0,0.40559440559440557,0.5944055944055944,13,1,0.37628865979381443,0.2628865979381443
Schleicher,10,0.1,0.9,0.0,0.40559440559440557,0.5944055944055944,13,1,0.37628865979381443,0.2628865979381443
D.,2,0.5,0.0,0.0,0.40559440559440557,0.5944055944055944,13,1,0.37628865979381443,0.2628865979381443
"G.,",3,0.3333333333333333,0.0,0.0,0.40559440559440557,0.5944055944055944,13,1,0.37628865979381443,0.2628865979381443
Millis,6,0.16666666666666666,0.8333333333333334,0.0,0.40559440559440557,0.5944055944055944,13,1,0.37628865979381443,0.2628865979381443
R.,2,0.5,0.0,0.0,0.40559440559440557,0.5944055944055944,13,1,0.37628865979381443,0.2628865979381443
"L.,",3,0.3333333333333333,0.0,0.0,0.40559440559440557,0.5944055944055944,13,1,0.37628865979381443,0.2628865979381443
Feldman,7,0.14285714285714285,0.8571428571428571,0.0,0.40559440559440557,0.5944055944055944,13,1,0.37628865979381443,0.2628865979381443
P.,2,0.5,0.0,0.0,0.40559440559440557,0.5944055944055944,13,1,0.37628865979381443,0.2628865979381443
"D.,",3,0.3333333333333333,0.0,0.0,0.40559440559440557,0.5944055944055944,13,1,0.37628865979381443,0.2628865979381443
Thompson,8,0.125,0.875,0.0,0.40559440559440557,0.5944055944055944,13,1,0.37628865979381443,0.2628865979381443
(i),3,0.0,0.3333333333333333,0.0,0.6862745098039216,0.3137254901960784,16,8,0.015463917525773196,0.4742268041237113
The,3,0.3333333333333333,0.6666666666666666,0.0,0.6862745098039216,0.3137254901960784,16,8,0.015463917525773196,0.4742268041237113
computation,11,0.0,1.0,0.0,0.6862745098039216,0.3137254901960784,16,8,0.015463917525773196,0.4742268041237113
of,2,0.0,1.0,0.0,0.6862745098039216,0.3137254901960784,16,8,0.015463917525773196,0.4742268041237113
production,10,0.0,1.0,0.0,0.6862745098039216,0.3137254901960784,16,8,0.015463917525773196,0.4742268041237113
rates,5,0.0,1.0,0.0,0.6862745098039216,0.3137254901960784,16,8,0.015463917525773196,0.4742268041237113
of,2,0.0,1.0,0.0,0.6862745098039216,0.3137254901960784,16,8,0.015463917525773196,0.4742268041237113
molecules,9,0.0,1.0,0.0,0.6862745098039216,0.3137254901960784,16,8,0.015463917525773196,0.4742268041237113
"CN,",3,0.6666666666666666,0.0,0.0,0.6862745098039216,0.3137254901960784,16,8,0.015463917525773196,0.4742268041237113
C2,2,0.5,0.0,0.5,0.6862745098039216,0.3137254901960784,16,8,0.015463917525773196,0.4742268041237113
D.,2,0.5,0.0,0.0,0.6862745098039216,0.3137254901960784,16,8,0.015463917525773196,0.4742268041237113
"T.,",3,0.3333333333333333,0.0,0.0,0.6862745098039216,0.3137254901960784,16,8,0.015463917525773196,0.4742268041237113
"1984b,",6,0.0,0.16666666666666666,0.6666666666666666,0.6862745098039216,0.3137254901960784,16,8,0.015463917525773196,0.4742268041237113
"AJ,",3,0.6666666666666666,0.0,0.0,0.6862745098039216,0.3137254901960784,16,8,0.015463917525773196,0.4742268041237113
"89,",3,0.0,0.0,0.6666666666666666,0.6862745098039216,0.3137254901960784,16,8,0.015463917525773196,0.4742268041237113
579,3,0.0,0.0,1.0,0.6862745098039216,0.3137254901960784,16,8,0.015463917525773196,0.4742268041237113
and,3,0.0,1.0,0.0,0.7931034482758621,0.2068965517241379,24,5,0.0,0.25257731958762886
C3,2,0.5,0.0,0.5,0.7931034482758621,0.2068965517241379,24,5,0.0,0.25257731958762886
shows,5,0.0,1.0,0.0,0.7931034482758621,0.2068965517241379,24,5,0.0,0.25257731958762886
an,2,0.0,1.0,0.0,0.7931034482758621,0.2068965517241379,24,5,0.0,0.25257731958762886
"increase,",9,0.0,0.8888888888888888,0.0,0.7931034482758621,0.2068965517241379,24,5,0.0,0.25257731958762886
comparable,10,0.0,1.0,0.0,0.7931034482758621,0.2068965517241379,24,5,0.0,0.25257731958762886
to,2,0.0,1.0,0.0,0.7931034482758621,0.2068965517241379,24,5,0.0,0.25257731958762886
the,3,0.0,1.0,0.0,0.7931034482758621,0.2068965517241379,24,5,0.0,0.25257731958762886
observations,12,0.0,1.0,0.0,0.7931034482758621,0.2068965517241379,24,5,0.0,0.25257731958762886
by,2,0.0,1.0,0.0,0.7931034482758621,0.2068965517241379,24,5,0.0,0.25257731958762886
other,5,0.0,1.0,0.0,0.7931034482758621,0.2068965517241379,24,5,0.0,0.25257731958762886
A’Hearn,7,0.2857142857142857,0.5714285714285714,0.0,0.7931034482758621,0.2068965517241379,24,5,0.0,0.25257731958762886
M.,2,0.5,0.0,0.0,0.7931034482758621,0.2068965517241379,24,5,0.0,0.25257731958762886
"F.,",3,0.3333333333333333,0.0,0.0,0.7931034482758621,0.2068965517241379,24,5,0.0,0.25257731958762886
Hoban,5,0.2,0.8,0.0,0.7931034482758621,0.2068965517241379,24,5,0.0,0.25257731958762886
"S.,",3,0.3333333333333333,0.0,0.0,0.7931034482758621,0.2068965517241379,24,5,0.0,0.25257731958762886
Birch,5,0.2,0.8,0.0,0.7931034482758621,0.2068965517241379,24,5,0.0,0.25257731958762886
P.,2,0.5,0.0,0.0,0.7931034482758621,0.2068965517241379,24,5,0.0,0.25257731958762886
"V.,",3,0.3333333333333333,0.0,0.0,0.7931034482758621,0.2068965517241379,24,5,0.0,0.25257731958762886
Bowers,6,0.16666666666666666,0.8333333333333334,0.0,0.7931034482758621,0.2068965517241379,24,5,0.0,0.25257731958762886
"C.,",3,0.3333333333333333,0.0,0.0,0.7931034482758621,0.2068965517241379,24,5,0.0,0.25257731958762886
Martin,6,0.16666666666666666,0.8333333333333334,0.0,0.7931034482758621,0.2068965517241379,24,5,0.0,0.25257731958762886
"R.,",3,0.3333333333333333,0.0,0.0,0.7931034482758621,0.2068965517241379,24,5,0.0,0.25257731958762886
Klinglesmith,12,0.08333333333333333,0.9166666666666666,0.0,0.7931034482758621,0.2068965517241379,24,5,0.0,0.25257731958762886
"groups,",7,0.0,0.8571428571428571,0.0,0.7433628318584071,0.2566371681415929,17,8,0.0,0.41752577319587625
as,2,0.0,1.0,0.0,0.7433628318584071,0.2566371681415929,17,8,0.0,0.41752577319587625
the,3,0.0,1.0,0.0,0.7433628318584071,0.2566371681415929,17,8,0.0,0.41752577319587625
comet,5,0.0,1.0,0.0,0.7433628318584071,0.2566371681415929,17,8,0.0,0.41752577319587625
approached,10,0.0,1.0,0.0,0.7433628318584071,0.2566371681415929,17,8,0.0,0.41752577319587625
perihelion,10,0.0,1.0,0.0,0.7433628318584071,0.2566371681415929,17,8,0.0,0.41752577319587625
with,4,0.0,1.0,0.0,0.7433628318584071,0.2566371681415929,17,8,0.0,0.41752577319587625
an,2,0.0,1.0,0.0,0.7433628318584071,0.2566371681415929,17,8,0.0,0.41752577319587625
asymmetry,9,0.0,1.0,0.0,0.7433628318584071,0.2566371681415929,17,8,0.0,0.41752577319587625
in,2,0.0,1.0,0.0,0.7433628318584071,0.2566371681415929,17,8,0.0,0.41752577319587625
Daniel,6,0.16666666666666666,0.8333333333333334,0.0,0.7433628318584071,0.2566371681415929,17,8,0.0,0.41752577319587625
A.,2,0.5,0.0,0.0,0.7433628318584071,0.2566371681415929,17,8,0.0,0.41752577319587625
"I.,",3,0.3333333333333333,0.0,0.0,0.7433628318584071,0.2566371681415929,17,8,0.0,0.41752577319587625
"1986,",5,0.0,0.0,0.8,0.7433628318584071,0.2566371681415929,17,8,0.0,0.41752577319587625
"Nature,",7,0.14285714285714285,0.7142857142857143,0.0,0.7433628318584071,0.2566371681415929,17,8,0.0,0.41752577319587625
"324,",4,0.0,0.0,0.75,0.7433628318584071,0.2566371681415929,17,8,0.0,0.41752577319587625
649,3,0.0,0.0,1.0,0.7433628318584071,0.2566371681415929,17,8,0.0,0.41752577319587625
the,3,0.0,1.0,0.0,0.64,0.36,21,18,0.0,0.22680412371134018
emission,8,0.0,1.0,0.0,0.64,0.36,21,18,0.0,0.22680412371134018
observed,8,0.0,1.0,0.0,0.64,0.36,21,18,0.0,0.22680412371134018
post,4,0.0,1.0,0.0,0.64,0.36,21,18,0.0,0.22680412371134018
perihelion.,11,0.0,0.9090909090909091,0.0,0.64,0.36,21,18,0.0,0.22680412371134018
A’Hearn,7,0.2857142857142857,0.5714285714285714,0.0,0.64,0.36,21,18,0.0,0.22680412371134018
M.,2,0.5,0.0,0.0,0.64,0.36,21,18,0.0,0.22680412371134018
"F.,",3,0.3333333333333333,0.0,0.0,0.64,0.36,21,18,0.0,0.22680412371134018
Millis,6,0.16666666666666666,0.8333333333333334,0.0,0.64,0.36,21,18,0.0,0.22680412371134018
R.,2,0.5,0.0,0.0,0.64,0.36,21,18,0.0,0.22680412371134018
"C.,",3,0.3333333333333333,0.0,0.0,0.64,0.36,21,18,0.0,0.22680412371134018
Schleicher,10,0.1,0.9,0.0,0.64,0.36,21,18,0.0,0.22680412371134018
D.,2,0.5,0.0,0.0,0.64,0.36,21,18,0.0,0.22680412371134018
"O.,",3,0.3333333333333333,0.0,0.0,0.64,0.36,21,18,0.0,0.22680412371134018
Osip,4,0.25,0.75,0.0,0.64,0.36,21,18,0.0,0.22680412371134018
D.,2,0.5,0.0,0.0,0.64,0.36,21,18,0.0,0.22680412371134018
"J.,",3,0.3333333333333333,0.0,0.0,0.64,0.36,21,18,0.0,0.22680412371134018
Birch,5,0.2,0.8,0.0,0.64,0.36,21,18,0.0,0.22680412371134018
P.,2,0.5,0.0,0.0,0.64,0.36,21,18,0.0,0.22680412371134018
"V.,",3,0.3333333333333333,0.0,0.0,0.64,0.36,21,18,0.0,0.22680412371134018
"1995,",5,0.0,0.0,0.8,0.64,0.36,21,18,0.0,0.22680412371134018
(ii),4,0.0,0.5,0.0,0.7419354838709677,0.25806451612903225,15,5,0.015463917525773196,0.5206185567010309
The,3,0.3333333333333333,0.6666666666666666,0.0,0.7419354838709677,0.25806451612903225,15,5,0.015463917525773196,0.5206185567010309
low,3,0.0,1.0,0.0,0.7419354838709677,0.25806451612903225,15,5,0.015463917525773196,0.5206185567010309
value,5,0.0,1.0,0.0,0.7419354838709677,0.25806451612903225,15,5,0.015463917525773196,0.5206185567010309
of,2,0.0,1.0,0.0,0.7419354838709677,0.25806451612903225,15,5,0.015463917525773196,0.5206185567010309
the,3,0.0,1.0,0.0,0.7419354838709677,0.25806451612903225,15,5,0.015463917525773196,0.5206185567010309
production,10,0.0,1.0,0.0,0.7419354838709677,0.25806451612903225,15,5,0.015463917525773196,0.5206185567010309
rate,4,0.0,1.0,0.0,0.7419354838709677,0.25806451612903225,15,5,0.015463917525773196,0.5206185567010309
"ratio,",6,0.0,0.8333333333333334,0.0,0.7419354838709677,0.25806451612903225,15,5,0.015463917525773196,0.5206185567010309
Q(C2,4,0.5,0.0,0.25,0.7419354838709677,0.25806451612903225,15,5,0.015463917525773196,0.5206185567010309
")/Q(CN),",8,0.375,0.0,0.0,0.7419354838709677,0.25806451612903225,15,5,0.015463917525773196,0.5206185567010309
im-,3,0.0,0.6666666666666666,0.0,0.7419354838709677,0.25806451612903225,15,5,0.015463917525773196,0.5206185567010309
"Icarus,",7,0.14285714285714285,0.7142857142857143,0.0,0.7419354838709677,0.25806451612903225,15,5,0.015463917525773196,0.5206185567010309
"118,",4,0.0,0.0,0.75,0.7419354838709677,0.25806451612903225,15,5,0.015463917525773196,0.5206185567010309
223,3,0.0,0.0,1.0,0.7419354838709677,0.25806451612903225,15,5,0.015463917525773196,0.5206185567010309
Bannister,9,0.1111111111111111,0.8888888888888888,0.0,0.41007194244604317,0.5899280575539568,10,1,0.37628865979381443,0.28350515463917525
M.,2,0.5,0.0,0.0,0.41007194244604317,0.5899280575539568,10,1,0.37628865979381443,0.28350515463917525
"T.,",3,0.3333333333333333,0.0,0.0,0.41007194244604317,0.5899280575539568,10,1,0.37628865979381443,0.28350515463917525
et,2,0.0,1.0,0.0,0.41007194244604317,0.5899280575539568,10,1,0.37628865979381443,0.28350515463917525
"al.,",4,0.0,0.5,0.0,0.41007194244604317,0.5899280575539568,10,1,0.37628865979381443,0.28350515463917525
"2020,",5,0.0,0.0,0.8,0.41007194244604317,0.5899280575539568,10,1,0.37628865979381443,0.28350515463917525
arXiv,5,0.2,0.8,0.0,0.41007194244604317,0.5899280575539568,10,1,0.37628865979381443,0.28350515463917525
"e-prints,",9,0.0,0.7777777777777778,0.0,0.41007194244604317,0.5899280575539568,10,1,0.37628865979381443,0.28350515463917525
p.,2,0.0,0.5,0.0,0.41007194244604317,0.5899280575539568,10,1,0.37628865979381443,0.28350515463917525
arXiv:2001.11605,16,0.0625,0.25,0.5625,0.41007194244604317,0.5899280575539568,10,1,0.37628865979381443,0.28350515463917525
plies,5,0.0,1.0,0.0,0.855072463768116,0.14492753623188404,11,1,0.0,0.6443298969072164
that,4,0.0,1.0,0.0,0.855072463768116,0.14492753623188404,11,1,0.0,0.6443298969072164
the,3,0.0,1.0,0.0,0.855072463768116,0.14492753623188404,11,1,0.0,0.6443298969072164
comet,5,0.0,1.0,0.0,0.855072463768116,0.14492753623188404,11,1,0.0,0.6443298969072164
is,2,0.0,1.0,0.0,0.855072463768116,0.14492753623188404,11,1,0.0,0.6443298969072164
depleted,8,0.0,1.0,0.0,0.855072463768116,0.14492753623188404,11,1,0.0,0.6443298969072164
in,2,0.0,1.0,0.0,0.855072463768116,0.14492753623188404,11,1,0.0,0.6443298969072164
carbon-chain,12,0.0,0.9166666666666666,0.0,0.855072463768116,0.14492753623188404,11,1,0.0,0.6443298969072164
molecules.,10,0.0,0.9,0.0,0.855072463768116,0.14492753623188404,11,1,0.0,0.6443298969072164
The,3,0.3333333333333333,0.6666666666666666,0.0,0.855072463768116,0.14492753623188404,11,1,0.0,0.6443298969072164
ratio,5,0.0,1.0,0.0,0.855072463768116,0.14492753623188404,11,1,0.0,0.6443298969072164
Bessell,7,0.14285714285714285,0.8571428571428571,0.0,0.3787878787878788,0.6212121212121212,10,1,0.37628865979381443,0.31958762886597936
M.,2,0.5,0.0,0.0,0.3787878787878788,0.6212121212121212,10,1,0.37628865979381443,0.31958762886597936
"S.,",3,0.3333333333333333,0.0,0.0,0.3787878787878788,0.6212121212121212,10,1,0.37628865979381443,0.31958762886597936
"2005,",5,0.0,0.0,0.8,0.3787878787878788,0.6212121212121212,10,1,0.37628865979381443,0.31958762886597936
Annu.,5,0.2,0.6,0.0,0.3787878787878788,0.6212121212121212,10,1,0.37628865979381443,0.31958762886597936
Rev.,4,0.25,0.5,0.0,0.3787878787878788,0.6212121212121212,10,1,0.37628865979381443,0.31958762886597936
Astron.,7,0.14285714285714285,0.7142857142857143,0.0,0.3787878787878788,0.6212121212121212,10,1,0.37628865979381443,0.31958762886597936
"Astrophys.,",11,0.09090909090909091,0.7272727272727273,0.0,0.3787878787878788,0.6212121212121212,10,1,0.37628865979381443,0.31958762886597936
"43,",3,0.0,0.0,0.6666666666666666,0.3787878787878788,0.6212121212121212,10,1,0.37628865979381443,0.31958762886597936
293,3,0.0,0.0,1.0,0.3787878787878788,0.6212121212121212,10,1,0.37628865979381443,0.31958762886597936
had,3,0.0,1.0,0.0,0.84375,0.15625,11,1,0.0,0.6701030927835052
increased,9,0.0,1.0,0.0,0.84375,0.15625,11,1,0.0,0.6701030927835052
as,2,0.0,1.0,0.0,0.84375,0.15625,11,1,0.0,0.6701030927835052
the,3,0.0,1.0,0.0,0.84375,0.15625,11,1,0.0,0.6701030927835052
comet,5,0.0,1.0,0.0,0.84375,0.15625,11,1,0.0,0.6701030927835052
moved,5,0.0,1.0,0.0,0.84375,0.15625,11,1,0.0,0.6701030927835052
closer,6,0.0,1.0,0.0,0.84375,0.15625,11,1,0.0,0.6701030927835052
to,2,0.0,1.0,0.0,0.84375,0.15625,11,1,0.0,0.6701030927835052
"perihelion,",11,0.0,0.9090909090909091,0.0,0.84375,0.15625,11,1,0.0,0.6701030927835052
making,6,0.0,1.0,0.0,0.84375,0.15625,11,1,0.0,0.6701030927835052
it,2,0.0,1.0,0.0,0.84375,0.15625,11,1,0.0,0.6701030927835052
Bodewits,8,0.125,0.875,0.0,0.3467741935483871,0.6532258064516129,9,1,0.37628865979381443,0.3608247422680413
"D.,",3,0.3333333333333333,0.0,0.0,0.3467741935483871,0.6532258064516129,9,1,0.37628865979381443,0.3608247422680413
et,2,0.0,1.0,0.0,0.3467741935483871,0.6532258064516129,9,1,0.37628865979381443,0.3608247422680413
"al.,",4,0.0,0.5,0.0,0.3467741935483871,0.6532258064516129,9,1,0.37628865979381443,0.3608247422680413
"2020,",5,0.0,0.0,0.8,0.3467741935483871,0.6532258064516129,9,1,0.37628865979381443,0.3608247422680413
Nature,6,0.16666666666666666,0.8333333333333334,0.0,0.3467741935483871,0.6532258064516129,9,1,0.37628865979381443,0.3608247422680413
"Astronomy,",10,0.1,0.8,0.0,0.3467741935483871,0.6532258064516129,9,1,0.37628865979381443,0.3608247422680413
"4,",2,0.0,0.0,0.5,0.3467741935483871,0.6532258064516129,9,1,0.37628865979381443,0.3608247422680413
867,3,0.0,0.0,1.0,0.3467741935483871,0.6532258064516129,9,1,0.37628865979381443,0.3608247422680413
a,1,0.0,1.0,0.0,0.7747747747747747,0.22522522522522526,21,4,0.0,0.4278350515463918
moderately,10,0.0,1.0,0.0,0.7747747747747747,0.22522522522522526,21,4,0.0,0.4278350515463918
depleted,8,0.0,1.0,0.0,0.7747747747747747,0.22522522522522526,21,4,0.0,0.4278350515463918
"one,",4,0.0,0.75,0.0,0.7747747747747747,0.22522522522522526,21,4,0.0,0.4278350515463918
with,4,0.0,1.0,0.0,0.7747747747747747,0.22522522522522526,21,4,0.0,0.4278350515463918
a,1,0.0,1.0,0.0,0.7747747747747747,0.22522522522522526,21,4,0.0,0.4278350515463918
later,5,0.0,1.0,0.0,0.7747747747747747,0.22522522522522526,21,4,0.0,0.4278350515463918
decrease,8,0.0,1.0,0.0,0.7747747747747747,0.22522522522522526,21,4,0.0,0.4278350515463918
in,2,0.0,1.0,0.0,0.7747747747747747,0.22522522522522526,21,4,0.0,0.4278350515463918
the,3,0.0,1.0,0.0,0.7747747747747747,0.22522522522522526,21,4,0.0,0.4278350515463918
ratio,5,0.0,1.0,0.0,0.7747747747747747,0.22522522522522526,21,4,0.0,0.4278350515463918
after,5,0.0,1.0,0.0,0.7747747747747747,0.22522522522522526,21,4,0.0,0.4278350515463918
Bolin,5,0.2,0.8,0.0,0.7747747747747747,0.22522522522522526,21,4,0.0,0.4278350515463918
B.,2,0.5,0.0,0.0,0.7747747747747747,0.22522522522522526,21,4,0.0,0.4278350515463918
"T.,",3,0.3333333333333333,0.0,0.0,0.7747747747747747,0.22522522522522526,21,4,0.0,0.4278350515463918
et,2,0.0,1.0,0.0,0.7747747747747747,0.22522522522522526,21,4,0.0,0.4278350515463918
"al.,",4,0.0,0.5,0.0,0.7747747747747747,0.22522522522522526,21,4,0.0,0.4278350515463918
"2020,",5,0.0,0.0,0.8,0.7747747747747747,0.22522522522522526,21,4,0.0,0.4278350515463918
"AJ,",3,0.6666666666666666,0.0,0.0,0.7747747747747747,0.22522522522522526,21,4,0.0,0.4278350515463918
"160,",4,0.0,0.0,0.75,0.7747747747747747,0.22522522522522526,21,4,0.0,0.4278350515463918
26,2,0.0,0.0,1.0,0.7747747747747747,0.22522522522522526,21,4,0.0,0.4278350515463918
perihelion,10,0.0,1.0,0.0,0.5369127516778524,0.46308724832214765,17,28,0.0,0.2319587628865979
passage.,8,0.0,0.875,0.0,0.5369127516778524,0.46308724832214765,17,28,0.0,0.2319587628865979
Cochran,7,0.14285714285714285,0.8571428571428571,0.0,0.5369127516778524,0.46308724832214765,17,28,0.0,0.2319587628865979
A.,2,0.5,0.0,0.0,0.5369127516778524,0.46308724832214765,17,28,0.0,0.2319587628865979
"L.,",3,0.3333333333333333,0.0,0.0,0.5369127516778524,0.46308724832214765,17,28,0.0,0.2319587628865979
Barker,6,0.16666666666666666,0.8333333333333334,0.0,0.5369127516778524,0.46308724832214765,17,28,0.0,0.2319587628865979
E.,2,0.5,0.0,0.0,0.5369127516778524,0.46308724832214765,17,28,0.0,0.2319587628865979
"S.,",3,0.3333333333333333,0.0,0.0,0.5369127516778524,0.46308724832214765,17,28,0.0,0.2319587628865979
Ramseyer,8,0.125,0.875,0.0,0.5369127516778524,0.46308724832214765,17,28,0.0,0.2319587628865979
T.,2,0.5,0.0,0.0,0.5369127516778524,0.46308724832214765,17,28,0.0,0.2319587628865979
"F.,",3,0.3333333333333333,0.0,0.0,0.5369127516778524,0.46308724832214765,17,28,0.0,0.2319587628865979
Storrs,6,0.16666666666666666,0.8333333333333334,0.0,0.5369127516778524,0.46308724832214765,17,28,0.0,0.2319587628865979
A.,2,0.5,0.0,0.0,0.5369127516778524,0.46308724832214765,17,28,0.0,0.2319587628865979
"D.,",3,0.3333333333333333,0.0,0.0,0.5369127516778524,0.46308724832214765,17,28,0.0,0.2319587628865979
"1992,",5,0.0,0.0,0.8,0.5369127516778524,0.46308724832214765,17,28,0.0,0.2319587628865979
"Icarus,",7,0.14285714285714285,0.7142857142857143,0.0,0.5369127516778524,0.46308724832214765,17,28,0.0,0.2319587628865979
"98,",3,0.0,0.0,0.6666666666666666,0.5369127516778524,0.46308724832214765,17,28,0.0,0.2319587628865979
(iii),5,0.0,0.6,0.0,0.7125,0.2875,12,6,0.015463917525773196,0.5876288659793815
We,2,0.5,0.5,0.0,0.7125,0.2875,12,6,0.015463917525773196,0.5876288659793815
infer,5,0.0,1.0,0.0,0.7125,0.2875,12,6,0.015463917525773196,0.5876288659793815
a,1,0.0,1.0,0.0,0.7125,0.2875,12,6,0.015463917525773196,0.5876288659793815
chemical,8,0.0,1.0,0.0,0.7125,0.2875,12,6,0.015463917525773196,0.5876288659793815
heterogeneity,13,0.0,1.0,0.0,0.7125,0.2875,12,6,0.015463917525773196,0.5876288659793815
in,2,0.0,1.0,0.0,0.7125,0.2875,12,6,0.015463917525773196,0.5876288659793815
the,3,0.0,1.0,0.0,0.7125,0.2875,12,6,0.015463917525773196,0.5876288659793815
comet,5,0.0,1.0,0.0,0.7125,0.2875,12,6,0.015463917525773196,0.5876288659793815
surface,7,0.0,1.0,0.0,0.7125,0.2875,12,6,0.015463917525773196,0.5876288659793815
due,3,0.0,1.0,0.0,0.7125,0.2875,12,6,0.015463917525773196,0.5876288659793815
151,3,0.0,0.0,1.0,0.7125,0.2875,12,6,0.015463917525773196,0.5876288659793815
to,2,0.0,1.0,0.0,0.7720588235294118,0.2279411764705882,27,4,0.0,0.2989690721649485
which,5,0.0,1.0,0.0,0.7720588235294118,0.2279411764705882,27,4,0.0,0.2989690721649485
there,5,0.0,1.0,0.0,0.7720588235294118,0.2279411764705882,27,4,0.0,0.2989690721649485
was,3,0.0,1.0,0.0,0.7720588235294118,0.2279411764705882,27,4,0.0,0.2989690721649485
a,1,0.0,1.0,0.0,0.7720588235294118,0.2279411764705882,27,4,0.0,0.2989690721649485
drastic,7,0.0,1.0,0.0,0.7720588235294118,0.2279411764705882,27,4,0.0,0.2989690721649485
surge,5,0.0,1.0,0.0,0.7720588235294118,0.2279411764705882,27,4,0.0,0.2989690721649485
in,2,0.0,1.0,0.0,0.7720588235294118,0.2279411764705882,27,4,0.0,0.2989690721649485
the,3,0.0,1.0,0.0,0.7720588235294118,0.2279411764705882,27,4,0.0,0.2989690721649485
C2,2,0.5,0.0,0.5,0.7720588235294118,0.2279411764705882,27,4,0.0,0.2989690721649485
emissions,9,0.0,1.0,0.0,0.7720588235294118,0.2279411764705882,27,4,0.0,0.2989690721649485
as,2,0.0,1.0,0.0,0.7720588235294118,0.2279411764705882,27,4,0.0,0.2989690721649485
the,3,0.0,1.0,0.0,0.7720588235294118,0.2279411764705882,27,4,0.0,0.2989690721649485
comet,5,0.0,1.0,0.0,0.7720588235294118,0.2279411764705882,27,4,0.0,0.2989690721649485
Cochran,7,0.14285714285714285,0.8571428571428571,0.0,0.7720588235294118,0.2279411764705882,27,4,0.0,0.2989690721649485
A.,2,0.5,0.0,0.0,0.7720588235294118,0.2279411764705882,27,4,0.0,0.2989690721649485
"L.,",3,0.3333333333333333,0.0,0.0,0.7720588235294118,0.2279411764705882,27,4,0.0,0.2989690721649485
Barker,6,0.16666666666666666,0.8333333333333334,0.0,0.7720588235294118,0.2279411764705882,27,4,0.0,0.2989690721649485
E.,2,0.5,0.0,0.0,0.7720588235294118,0.2279411764705882,27,4,0.0,0.2989690721649485
"S.,",3,0.3333333333333333,0.0,0.0,0.7720588235294118,0.2279411764705882,27,4,0.0,0.2989690721649485
Gray,4,0.25,0.75,0.0,0.7720588235294118,0.2279411764705882,27,4,0.0,0.2989690721649485
C.,2,0.5,0.0,0.0,0.7720588235294118,0.2279411764705882,27,4,0.0,0.2989690721649485
"L.,",3,0.3333333333333333,0.0,0.0,0.7720588235294118,0.2279411764705882,27,4,0.0,0.2989690721649485
"2012,",5,0.0,0.0,0.8,0.7720588235294118,0.2279411764705882,27,4,0.0,0.2989690721649485
"Icarus,",7,0.14285714285714285,0.7142857142857143,0.0,0.7720588235294118,0.2279411764705882,27,4,0.0,0.2989690721649485
"218,",4,0.0,0.0,0.75,0.7720588235294118,0.2279411764705882,27,4,0.0,0.2989690721649485
144,3,0.0,0.0,1.0,0.7720588235294118,0.2279411764705882,27,4,0.0,0.2989690721649485
approached,10,0.0,1.0,0.0,0.8157894736842105,0.1842105263157895,19,3,0.0,0.41237113402061853
perihelion.,11,0.0,0.9090909090909091,0.0,0.8157894736842105,0.1842105263157895,19,3,0.0,0.41237113402061853
We,2,0.5,0.5,0.0,0.8157894736842105,0.1842105263157895,19,3,0.0,0.41237113402061853
also,4,0.0,1.0,0.0,0.8157894736842105,0.1842105263157895,19,3,0.0,0.41237113402061853
infer,5,0.0,1.0,0.0,0.8157894736842105,0.1842105263157895,19,3,0.0,0.41237113402061853
that,4,0.0,1.0,0.0,0.8157894736842105,0.1842105263157895,19,3,0.0,0.41237113402061853
an,2,0.0,1.0,0.0,0.8157894736842105,0.1842105263157895,19,3,0.0,0.41237113402061853
initially,9,0.0,1.0,0.0,0.8157894736842105,0.1842105263157895,19,3,0.0,0.41237113402061853
unexposed,9,0.0,1.0,0.0,0.8157894736842105,0.1842105263157895,19,3,0.0,0.41237113402061853
sur-,4,0.0,0.75,0.0,0.8157894736842105,0.1842105263157895,19,3,0.0,0.41237113402061853
Combi,5,0.2,0.8,0.0,0.8157894736842105,0.1842105263157895,19,3,0.0,0.41237113402061853
M.,2,0.5,0.0,0.0,0.8157894736842105,0.1842105263157895,19,3,0.0,0.41237113402061853
"R.,",3,0.3333333333333333,0.0,0.0,0.8157894736842105,0.1842105263157895,19,3,0.0,0.41237113402061853
Fink,4,0.25,0.75,0.0,0.8157894736842105,0.1842105263157895,19,3,0.0,0.41237113402061853
"U.,",3,0.3333333333333333,0.0,0.0,0.8157894736842105,0.1842105263157895,19,3,0.0,0.41237113402061853
"1997,",5,0.0,0.0,0.8,0.8157894736842105,0.1842105263157895,19,3,0.0,0.41237113402061853
"ApJ,",4,0.5,0.25,0.0,0.8157894736842105,0.1842105263157895,19,3,0.0,0.41237113402061853
"484,",4,0.0,0.0,0.75,0.8157894736842105,0.1842105263157895,19,3,0.0,0.41237113402061853
879,3,0.0,0.0,1.0,0.8157894736842105,0.1842105263157895,19,3,0.0,0.41237113402061853
face,4,0.0,1.0,0.0,0.7795275590551181,0.22047244094488194,22,5,0.0,0.34536082474226804
of,2,0.0,1.0,0.0,0.7795275590551181,0.22047244094488194,22,5,0.0,0.34536082474226804
the,3,0.0,1.0,0.0,0.7795275590551181,0.22047244094488194,22,5,0.0,0.34536082474226804
comet,5,0.0,1.0,0.0,0.7795275590551181,0.22047244094488194,22,5,0.0,0.34536082474226804
would,5,0.0,1.0,0.0,0.7795275590551181,0.22047244094488194,22,5,0.0,0.34536082474226804
have,4,0.0,1.0,0.0,0.7795275590551181,0.22047244094488194,22,5,0.0,0.34536082474226804
been,4,0.0,1.0,0.0,0.7795275590551181,0.22047244094488194,22,5,0.0,0.34536082474226804
exposed,7,0.0,1.0,0.0,0.7795275590551181,0.22047244094488194,22,5,0.0,0.34536082474226804
to,2,0.0,1.0,0.0,0.7795275590551181,0.22047244094488194,22,5,0.0,0.34536082474226804
solar,5,0.0,1.0,0.0,0.7795275590551181,0.22047244094488194,22,5,0.0,0.34536082474226804
radiation,9,0.0,1.0,0.0,0.7795275590551181,0.22047244094488194,22,5,0.0,0.34536082474226804
post,4,0.0,1.0,0.0,0.7795275590551181,0.22047244094488194,22,5,0.0,0.34536082474226804
Cordiner,8,0.125,0.875,0.0,0.7795275590551181,0.22047244094488194,22,5,0.0,0.34536082474226804
M.,2,0.5,0.0,0.0,0.7795275590551181,0.22047244094488194,22,5,0.0,0.34536082474226804
"A.,",3,0.3333333333333333,0.0,0.0,0.7795275590551181,0.22047244094488194,22,5,0.0,0.34536082474226804
et,2,0.0,1.0,0.0,0.7795275590551181,0.22047244094488194,22,5,0.0,0.34536082474226804
"al.,",4,0.0,0.5,0.0,0.7795275590551181,0.22047244094488194,22,5,0.0,0.34536082474226804
"2020,",5,0.0,0.0,0.8,0.7795275590551181,0.22047244094488194,22,5,0.0,0.34536082474226804
Nature,6,0.16666666666666666,0.8333333333333334,0.0,0.7795275590551181,0.22047244094488194,22,5,0.0,0.34536082474226804
"Astronomy,",10,0.1,0.8,0.0,0.7795275590551181,0.22047244094488194,22,5,0.0,0.34536082474226804
"4,",2,0.0,0.0,0.5,0.7795275590551181,0.22047244094488194,22,5,0.0,0.34536082474226804
861,3,0.0,0.0,1.0,0.7795275590551181,0.22047244094488194,22,5,0.0,0.34536082474226804
perihelion,10,0.0,1.0,0.0,0.8508771929824561,0.14912280701754388,18,1,0.0,0.41237113402061853
resulting,9,0.0,1.0,0.0,0.8508771929824561,0.14912280701754388,18,1,0.0,0.41237113402061853
in,2,0.0,1.0,0.0,0.8508771929824561,0.14912280701754388,18,1,0.0,0.41237113402061853
the,3,0.0,1.0,0.0,0.8508771929824561,0.14912280701754388,18,1,0.0,0.41237113402061853
substantial,11,0.0,1.0,0.0,0.8508771929824561,0.14912280701754388,18,1,0.0,0.41237113402061853
increase,8,0.0,1.0,0.0,0.8508771929824561,0.14912280701754388,18,1,0.0,0.41237113402061853
in,2,0.0,1.0,0.0,0.8508771929824561,0.14912280701754388,18,1,0.0,0.41237113402061853
the,3,0.0,1.0,0.0,0.8508771929824561,0.14912280701754388,18,1,0.0,0.41237113402061853
production,10,0.0,1.0,0.0,0.8508771929824561,0.14912280701754388,18,1,0.0,0.41237113402061853
rates,5,0.0,1.0,0.0,0.8508771929824561,0.14912280701754388,18,1,0.0,0.41237113402061853
Cremonese,9,0.1111111111111111,0.8888888888888888,0.0,0.8508771929824561,0.14912280701754388,18,1,0.0,0.41237113402061853
"G.,",3,0.3333333333333333,0.0,0.0,0.8508771929824561,0.14912280701754388,18,1,0.0,0.41237113402061853
et,2,0.0,1.0,0.0,0.8508771929824561,0.14912280701754388,18,1,0.0,0.41237113402061853
"al.,",4,0.0,0.5,0.0,0.8508771929824561,0.14912280701754388,18,1,0.0,0.41237113402061853
"2020,",5,0.0,0.0,0.8,0.8508771929824561,0.14912280701754388,18,1,0.0,0.41237113402061853
"ApJ,",4,0.5,0.25,0.0,0.8508771929824561,0.14912280701754388,18,1,0.0,0.41237113402061853
"893,",4,0.0,0.0,0.75,0.8508771929824561,0.14912280701754388,18,1,0.0,0.41237113402061853
L12,3,0.3333333333333333,0.0,0.6666666666666666,0.8508771929824561,0.14912280701754388,18,1,0.0,0.41237113402061853
of,2,0.0,1.0,0.0,0.4899328859060403,0.5100671140939597,19,30,0.0,0.2319587628865979
CN,2,1.0,0.0,0.0,0.4899328859060403,0.5100671140939597,19,30,0.0,0.2319587628865979
and,3,0.0,1.0,0.0,0.4899328859060403,0.5100671140939597,19,30,0.0,0.2319587628865979
C3,2,0.5,0.0,0.5,0.4899328859060403,0.5100671140939597,19,30,0.0,0.2319587628865979
.,1,0.0,0.0,0.0,0.4899328859060403,0.5100671140939597,19,30,0.0,0.2319587628865979
Dello,5,0.2,0.8,0.0,0.4899328859060403,0.5100671140939597,19,30,0.0,0.2319587628865979
Russo,5,0.2,0.8,0.0,0.4899328859060403,0.5100671140939597,19,30,0.0,0.2319587628865979
"N.,",3,0.3333333333333333,0.0,0.0,0.4899328859060403,0.5100671140939597,19,30,0.0,0.2319587628865979
Kawakita,8,0.125,0.875,0.0,0.4899328859060403,0.5100671140939597,19,30,0.0,0.2319587628865979
"H.,",3,0.3333333333333333,0.0,0.0,0.4899328859060403,0.5100671140939597,19,30,0.0,0.2319587628865979
Vervack,7,0.14285714285714285,0.8571428571428571,0.0,0.4899328859060403,0.5100671140939597,19,30,0.0,0.2319587628865979
R.,2,0.5,0.0,0.0,0.4899328859060403,0.5100671140939597,19,30,0.0,0.2319587628865979
"J.,",3,0.3333333333333333,0.0,0.0,0.4899328859060403,0.5100671140939597,19,30,0.0,0.2319587628865979
Weaver,6,0.16666666666666666,0.8333333333333334,0.0,0.4899328859060403,0.5100671140939597,19,30,0.0,0.2319587628865979
H.,2,0.5,0.0,0.0,0.4899328859060403,0.5100671140939597,19,30,0.0,0.2319587628865979
"A.,",3,0.3333333333333333,0.0,0.0,0.4899328859060403,0.5100671140939597,19,30,0.0,0.2319587628865979
"2016,",5,0.0,0.0,0.8,0.4899328859060403,0.5100671140939597,19,30,0.0,0.2319587628865979
"Icarus,",7,0.14285714285714285,0.7142857142857143,0.0,0.4899328859060403,0.5100671140939597,19,30,0.0,0.2319587628865979
"278,",4,0.0,0.0,0.75,0.4899328859060403,0.5100671140939597,19,30,0.0,0.2319587628865979
301,3,0.0,0.0,1.0,0.0375,0.9625,1,1,0.39690721649484534,0.5876288659793815
(iv),4,0.0,0.5,0.0,0.796875,0.203125,11,1,0.015463917525773196,0.6701030927835052
The,3,0.3333333333333333,0.6666666666666666,0.0,0.796875,0.203125,11,1,0.015463917525773196,0.6701030927835052
A,1,1.0,0.0,0.0,0.796875,0.203125,11,1,0.015463917525773196,0.6701030927835052
f,1,0.0,1.0,0.0,0.796875,0.203125,11,1,0.015463917525773196,0.6701030927835052
ρ,1,0.0,1.0,0.0,0.796875,0.203125,11,1,0.015463917525773196,0.6701030927835052
values,6,0.0,1.0,0.0,0.796875,0.203125,11,1,0.015463917525773196,0.6701030927835052
computed,8,0.0,1.0,0.0,0.796875,0.203125,11,1,0.015463917525773196,0.6701030927835052
from,4,0.0,1.0,0.0,0.796875,0.203125,11,1,0.015463917525773196,0.6701030927835052
the,3,0.0,1.0,0.0,0.796875,0.203125,11,1,0.015463917525773196,0.6701030927835052
imaging,7,0.0,1.0,0.0,0.796875,0.203125,11,1,0.015463917525773196,0.6701030927835052
"observations,",13,0.0,0.9230769230769231,0.0,0.796875,0.203125,11,1,0.015463917525773196,0.6701030927835052
Fitzsimmons,11,0.09090909090909091,0.9090909090909091,0.0,0.30434782608695654,0.6956521739130435,8,1,0.37628865979381443,0.4072164948453608
"A.,",3,0.3333333333333333,0.0,0.0,0.30434782608695654,0.6956521739130435,8,1,0.37628865979381443,0.4072164948453608
et,2,0.0,1.0,0.0,0.30434782608695654,0.6956521739130435,8,1,0.37628865979381443,0.4072164948453608
"al.,",4,0.0,0.5,0.0,0.30434782608695654,0.6956521739130435,8,1,0.37628865979381443,0.4072164948453608
"2019,",5,0.0,0.0,0.8,0.30434782608695654,0.6956521739130435,8,1,0.37628865979381443,0.4072164948453608
"ApJ,",4,0.5,0.25,0.0,0.30434782608695654,0.6956521739130435,8,1,0.37628865979381443,0.4072164948453608
"885,",4,0.0,0.0,0.75,0.30434782608695654,0.6956521739130435,8,1,0.37628865979381443,0.4072164948453608
L9,2,0.5,0.0,0.5,0.30434782608695654,0.6956521739130435,8,1,0.37628865979381443,0.4072164948453608
and,3,0.0,1.0,0.0,0.815068493150685,0.18493150684931503,24,3,0.0,0.24742268041237114
hence,5,0.0,1.0,0.0,0.815068493150685,0.18493150684931503,24,3,0.0,0.24742268041237114
the,3,0.0,1.0,0.0,0.815068493150685,0.18493150684931503,24,3,0.0,0.24742268041237114
dust-to-gas,11,0.0,0.8181818181818182,0.0,0.815068493150685,0.18493150684931503,24,3,0.0,0.24742268041237114
"ratio,",6,0.0,0.8333333333333334,0.0,0.815068493150685,0.18493150684931503,24,3,0.0,0.24742268041237114
are,3,0.0,1.0,0.0,0.815068493150685,0.18493150684931503,24,3,0.0,0.24742268041237114
consistent,10,0.0,1.0,0.0,0.815068493150685,0.18493150684931503,24,3,0.0,0.24742268041237114
with,4,0.0,1.0,0.0,0.815068493150685,0.18493150684931503,24,3,0.0,0.24742268041237114
the,3,0.0,1.0,0.0,0.815068493150685,0.18493150684931503,24,3,0.0,0.24742268041237114
numbers,7,0.0,1.0,0.0,0.815068493150685,0.18493150684931503,24,3,0.0,0.24742268041237114
ob-,3,0.0,0.6666666666666666,0.0,0.815068493150685,0.18493150684931503,24,3,0.0,0.24742268041237114
Fray,4,0.25,0.75,0.0,0.815068493150685,0.18493150684931503,24,3,0.0,0.24742268041237114
"N.,",3,0.3333333333333333,0.0,0.0,0.815068493150685,0.18493150684931503,24,3,0.0,0.24742268041237114
Bénilan,7,0.14285714285714285,0.8571428571428571,0.0,0.815068493150685,0.18493150684931503,24,3,0.0,0.24742268041237114
"Y.,",3,0.3333333333333333,0.0,0.0,0.815068493150685,0.18493150684931503,24,3,0.0,0.24742268041237114
Cottin,6,0.16666666666666666,0.8333333333333334,0.0,0.815068493150685,0.18493150684931503,24,3,0.0,0.24742268041237114
"H.,",3,0.3333333333333333,0.0,0.0,0.815068493150685,0.18493150684931503,24,3,0.0,0.24742268041237114
Gazeau,6,0.16666666666666666,0.8333333333333334,0.0,0.815068493150685,0.18493150684931503,24,3,0.0,0.24742268041237114
M.,2,0.5,0.0,0.0,0.815068493150685,0.18493150684931503,24,3,0.0,0.24742268041237114
"C.,",3,0.3333333333333333,0.0,0.0,0.815068493150685,0.18493150684931503,24,3,0.0,0.24742268041237114
Crovisier,9,0.1111111111111111,0.8888888888888888,0.0,0.815068493150685,0.18493150684931503,24,3,0.0,0.24742268041237114
"J.,",3,0.3333333333333333,0.0,0.0,0.815068493150685,0.18493150684931503,24,3,0.0,0.24742268041237114
"2005,",5,0.0,0.0,0.8,0.815068493150685,0.18493150684931503,24,3,0.0,0.24742268041237114
Planet.,7,0.14285714285714285,0.7142857142857143,0.0,0.815068493150685,0.18493150684931503,24,3,0.0,0.24742268041237114
served,6,0.0,1.0,0.0,0.7835051546391752,0.21649484536082475,13,6,0.0,0.5
for,3,0.0,1.0,0.0,0.7835051546391752,0.21649484536082475,13,6,0.0,0.5
Solar,5,0.2,0.8,0.0,0.7835051546391752,0.21649484536082475,13,6,0.0,0.5
system,6,0.0,1.0,0.0,0.7835051546391752,0.21649484536082475,13,6,0.0,0.5
"comets,",7,0.0,0.8571428571428571,0.0,0.7835051546391752,0.21649484536082475,13,6,0.0,0.5
depleted,8,0.0,1.0,0.0,0.7835051546391752,0.21649484536082475,13,6,0.0,0.5
in,2,0.0,1.0,0.0,0.7835051546391752,0.21649484536082475,13,6,0.0,0.5
carbon-chain,12,0.0,0.9166666666666666,0.0,0.7835051546391752,0.21649484536082475,13,6,0.0,0.5
molecules.,10,0.0,0.9,0.0,0.7835051546391752,0.21649484536082475,13,6,0.0,0.5
Space,5,0.2,0.8,0.0,0.7835051546391752,0.21649484536082475,13,6,0.0,0.5
"Sci.,",5,0.2,0.4,0.0,0.7835051546391752,0.21649484536082475,13,6,0.0,0.5
"53,",3,0.0,0.0,0.6666666666666666,0.7835051546391752,0.21649484536082475,13,6,0.0,0.5
1243,4,0.0,0.0,1.0,0.7835051546391752,0.21649484536082475,13,6,0.0,0.5
This,4,0.25,0.75,0.0,0.8356164383561644,0.1643835616438356,23,2,0.0,0.24742268041237114
may,3,0.0,1.0,0.0,0.8356164383561644,0.1643835616438356,23,2,0.0,0.24742268041237114
be,2,0.0,1.0,0.0,0.8356164383561644,0.1643835616438356,23,2,0.0,0.24742268041237114
an,2,0.0,1.0,0.0,0.8356164383561644,0.1643835616438356,23,2,0.0,0.24742268041237114
indication,10,0.0,1.0,0.0,0.8356164383561644,0.1643835616438356,23,2,0.0,0.24742268041237114
that,4,0.0,1.0,0.0,0.8356164383561644,0.1643835616438356,23,2,0.0,0.24742268041237114
the,3,0.0,1.0,0.0,0.8356164383561644,0.1643835616438356,23,2,0.0,0.24742268041237114
parent,6,0.0,1.0,0.0,0.8356164383561644,0.1643835616438356,23,2,0.0,0.24742268041237114
stellar,7,0.0,1.0,0.0,0.8356164383561644,0.1643835616438356,23,2,0.0,0.24742268041237114
system,6,0.0,1.0,0.0,0.8356164383561644,0.1643835616438356,23,2,0.0,0.24742268041237114
of,2,0.0,1.0,0.0,0.8356164383561644,0.1643835616438356,23,2,0.0,0.24742268041237114
2I/Borisov,10,0.2,0.6,0.1,0.8356164383561644,0.1643835616438356,23,2,0.0,0.24742268041237114
Guzik,5,0.2,0.8,0.0,0.8356164383561644,0.1643835616438356,23,2,0.0,0.24742268041237114
"P.,",3,0.3333333333333333,0.0,0.0,0.8356164383561644,0.1643835616438356,23,2,0.0,0.24742268041237114
Drahus,6,0.16666666666666666,0.8333333333333334,0.0,0.8356164383561644,0.1643835616438356,23,2,0.0,0.24742268041237114
"M.,",3,0.3333333333333333,0.0,0.0,0.8356164383561644,0.1643835616438356,23,2,0.0,0.24742268041237114
Rusek,5,0.2,0.8,0.0,0.8356164383561644,0.1643835616438356,23,2,0.0,0.24742268041237114
"K.,",3,0.3333333333333333,0.0,0.0,0.8356164383561644,0.1643835616438356,23,2,0.0,0.24742268041237114
Waniak,6,0.16666666666666666,0.8333333333333334,0.0,0.8356164383561644,0.1643835616438356,23,2,0.0,0.24742268041237114
"W.,",3,0.3333333333333333,0.0,0.0,0.8356164383561644,0.1643835616438356,23,2,0.0,0.24742268041237114
Cannizzaro,10,0.1,0.9,0.0,0.8356164383561644,0.1643835616438356,23,2,0.0,0.24742268041237114
"G.,",3,0.3333333333333333,0.0,0.0,0.8356164383561644,0.1643835616438356,23,2,0.0,0.24742268041237114
Pastor-Marazuela,16,0.125,0.8125,0.0,0.8356164383561644,0.1643835616438356,23,2,0.0,0.24742268041237114
would,5,0.0,1.0,0.0,0.7636363636363637,0.23636363636363633,16,7,0.0,0.4329896907216495
have,4,0.0,1.0,0.0,0.7636363636363637,0.23636363636363633,16,7,0.0,0.4329896907216495
undergone,9,0.0,1.0,0.0,0.7636363636363637,0.23636363636363633,16,7,0.0,0.4329896907216495
a,1,0.0,1.0,0.0,0.7636363636363637,0.23636363636363633,16,7,0.0,0.4329896907216495
formation,9,0.0,1.0,0.0,0.7636363636363637,0.23636363636363633,16,7,0.0,0.4329896907216495
process,7,0.0,1.0,0.0,0.7636363636363637,0.23636363636363633,16,7,0.0,0.4329896907216495
somewhat,8,0.0,1.0,0.0,0.7636363636363637,0.23636363636363633,16,7,0.0,0.4329896907216495
similar,7,0.0,1.0,0.0,0.7636363636363637,0.23636363636363633,16,7,0.0,0.4329896907216495
to,2,0.0,1.0,0.0,0.7636363636363637,0.23636363636363633,16,7,0.0,0.4329896907216495
that,4,0.0,1.0,0.0,0.7636363636363637,0.23636363636363633,16,7,0.0,0.4329896907216495
"I.,",3,0.3333333333333333,0.0,0.0,0.7636363636363637,0.23636363636363633,16,7,0.0,0.4329896907216495
"2020,",5,0.0,0.0,0.8,0.7636363636363637,0.23636363636363633,16,7,0.0,0.4329896907216495
Nature,6,0.16666666666666666,0.8333333333333334,0.0,0.7636363636363637,0.23636363636363633,16,7,0.0,0.4329896907216495
"Astronomy,",10,0.1,0.8,0.0,0.7636363636363637,0.23636363636363633,16,7,0.0,0.4329896907216495
"4,",2,0.0,0.0,0.5,0.7636363636363637,0.23636363636363633,16,7,0.0,0.4329896907216495
53,2,0.0,0.0,1.0,0.7636363636363637,0.23636363636363633,16,7,0.0,0.4329896907216495
of,2,0.0,1.0,0.0,0.5369127516778524,0.46308724832214765,18,27,0.0,0.2319587628865979
the,3,0.0,1.0,0.0,0.5369127516778524,0.46308724832214765,18,27,0.0,0.2319587628865979
Solar,5,0.2,0.8,0.0,0.5369127516778524,0.46308724832214765,18,27,0.0,0.2319587628865979
system.,7,0.0,0.8571428571428571,0.0,0.5369127516778524,0.46308724832214765,18,27,0.0,0.2319587628865979
Haser,5,0.2,0.8,0.0,0.5369127516778524,0.46308724832214765,18,27,0.0,0.2319587628865979
"L.,",3,0.3333333333333333,0.0,0.0,0.5369127516778524,0.46308724832214765,18,27,0.0,0.2319587628865979
"1957,",5,0.0,0.0,0.8,0.5369127516778524,0.46308724832214765,18,27,0.0,0.2319587628865979
Bulletin,8,0.125,0.875,0.0,0.5369127516778524,0.46308724832214765,18,27,0.0,0.2319587628865979
de,2,0.0,1.0,0.0,0.5369127516778524,0.46308724832214765,18,27,0.0,0.2319587628865979
la,2,0.0,1.0,0.0,0.5369127516778524,0.46308724832214765,18,27,0.0,0.2319587628865979
Societe,7,0.14285714285714285,0.8571428571428571,0.0,0.5369127516778524,0.46308724832214765,18,27,0.0,0.2319587628865979
Royale,6,0.16666666666666666,0.8333333333333334,0.0,0.5369127516778524,0.46308724832214765,18,27,0.0,0.2319587628865979
des,3,0.0,1.0,0.0,0.5369127516778524,0.46308724832214765,18,27,0.0,0.2319587628865979
Sciences,8,0.125,0.875,0.0,0.5369127516778524,0.46308724832214765,18,27,0.0,0.2319587628865979
de,2,0.0,1.0,0.0,0.5369127516778524,0.46308724832214765,18,27,0.0,0.2319587628865979
"Liege,",6,0.16666666666666666,0.6666666666666666,0.0,0.5369127516778524,0.46308724832214765,18,27,0.0,0.2319587628865979
"43,",3,0.0,0.0,0.6666666666666666,0.5369127516778524,0.46308724832214765,18,27,0.0,0.2319587628865979
740,3,0.0,0.0,1.0,0.5369127516778524,0.46308724832214765,18,27,0.0,0.2319587628865979
(v),3,0.0,0.3333333333333333,0.0,0.7703703703703704,0.22962962962962963,24,4,0.015463917525773196,0.3041237113402062
The,3,0.3333333333333333,0.6666666666666666,0.0,0.7703703703703704,0.22962962962962963,24,4,0.015463917525773196,0.3041237113402062
optical,7,0.0,1.0,0.0,0.7703703703703704,0.22962962962962963,24,4,0.015463917525773196,0.3041237113402062
colours,7,0.0,1.0,0.0,0.7703703703703704,0.22962962962962963,24,4,0.015463917525773196,0.3041237113402062
of,2,0.0,1.0,0.0,0.7703703703703704,0.22962962962962963,24,4,0.015463917525773196,0.3041237113402062
the,3,0.0,1.0,0.0,0.7703703703703704,0.22962962962962963,24,4,0.015463917525773196,0.3041237113402062
"comet,",6,0.0,0.8333333333333334,0.0,0.7703703703703704,0.22962962962962963,24,4,0.015463917525773196,0.3041237113402062
(B-V),5,0.4,0.0,0.0,0.7703703703703704,0.22962962962962963,24,4,0.015463917525773196,0.3041237113402062
=,1,0.0,0.0,0.0,0.7703703703703704,0.22962962962962963,24,4,0.015463917525773196,0.3041237113402062
0.80,4,0.0,0.0,0.75,0.7703703703703704,0.22962962962962963,24,4,0.015463917525773196,0.3041237113402062
±,1,0.0,0.0,0.0,0.7703703703703704,0.22962962962962963,24,4,0.015463917525773196,0.3041237113402062
"0.05,",5,0.0,0.0,0.6,0.7703703703703704,0.22962962962962963,24,4,0.015463917525773196,0.3041237113402062
(V-R),5,0.4,0.0,0.0,0.7703703703703704,0.22962962962962963,24,4,0.015463917525773196,0.3041237113402062
Henning,7,0.14285714285714285,0.8571428571428571,0.0,0.7703703703703704,0.22962962962962963,24,4,0.015463917525773196,0.3041237113402062
"T.,",3,0.3333333333333333,0.0,0.0,0.7703703703703704,0.22962962962962963,24,4,0.015463917525773196,0.3041237113402062
Weidlich,8,0.125,0.875,0.0,0.7703703703703704,0.22962962962962963,24,4,0.015463917525773196,0.3041237113402062
"U.,",3,0.3333333333333333,0.0,0.0,0.7703703703703704,0.22962962962962963,24,4,0.015463917525773196,0.3041237113402062
"1988,",5,0.0,0.0,0.8,0.7703703703703704,0.22962962962962963,24,4,0.015463917525773196,0.3041237113402062
Earth,5,0.2,0.8,0.0,0.7703703703703704,0.22962962962962963,24,4,0.015463917525773196,0.3041237113402062
Moon,4,0.25,0.75,0.0,0.7703703703703704,0.22962962962962963,24,4,0.015463917525773196,0.3041237113402062
and,3,0.0,1.0,0.0,0.7703703703703704,0.22962962962962963,24,4,0.015463917525773196,0.3041237113402062
"Planets,",8,0.125,0.75,0.0,0.7703703703703704,0.22962962962962963,24,4,0.015463917525773196,0.3041237113402062
"41,",3,0.0,0.0,0.6666666666666666,0.7703703703703704,0.22962962962962963,24,4,0.015463917525773196,0.3041237113402062
197,3,0.0,0.0,1.0,0.7703703703703704,0.22962962962962963,24,4,0.015463917525773196,0.3041237113402062
=,1,0.0,0.0,0.0,0.7786259541984732,0.22137404580152675,26,3,0.0,0.32474226804123707
0.49,4,0.0,0.0,0.75,0.7786259541984732,0.22137404580152675,26,3,0.0,0.32474226804123707
±,1,0.0,0.0,0.0,0.7786259541984732,0.22137404580152675,26,3,0.0,0.32474226804123707
"0.04,",5,0.0,0.0,0.6,0.7786259541984732,0.22137404580152675,26,3,0.0,0.32474226804123707
(R-I),5,0.4,0.0,0.0,0.7786259541984732,0.22137404580152675,26,3,0.0,0.32474226804123707
=,1,0.0,0.0,0.0,0.7786259541984732,0.22137404580152675,26,3,0.0,0.32474226804123707
0.53,4,0.0,0.0,0.75,0.7786259541984732,0.22137404580152675,26,3,0.0,0.32474226804123707
±,1,0.0,0.0,0.0,0.7786259541984732,0.22137404580152675,26,3,0.0,0.32474226804123707
0.03,4,0.0,0.0,0.75,0.7786259541984732,0.22137404580152675,26,3,0.0,0.32474226804123707
(B-R),5,0.4,0.0,0.0,0.7786259541984732,0.22137404580152675,26,3,0.0,0.32474226804123707
=,1,0.0,0.0,0.0,0.7786259541984732,0.22137404580152675,26,3,0.0,0.32474226804123707
1.29,4,0.0,0.0,0.75,0.7786259541984732,0.22137404580152675,26,3,0.0,0.32474226804123707
±,1,0.0,0.0,0.0,0.7786259541984732,0.22137404580152675,26,3,0.0,0.32474226804123707
"0.06,",5,0.0,0.0,0.6,0.7786259541984732,0.22137404580152675,26,3,0.0,0.32474226804123707
are,3,0.0,1.0,0.0,0.7786259541984732,0.22137404580152675,26,3,0.0,0.32474226804123707
slightly,8,0.0,1.0,0.0,0.7786259541984732,0.22137404580152675,26,3,0.0,0.32474226804123707
Holmberg,8,0.125,0.875,0.0,0.7786259541984732,0.22137404580152675,26,3,0.0,0.32474226804123707
"J.,",3,0.3333333333333333,0.0,0.0,0.7786259541984732,0.22137404580152675,26,3,0.0,0.32474226804123707
Flynn,5,0.2,0.8,0.0,0.7786259541984732,0.22137404580152675,26,3,0.0,0.32474226804123707
"C.,",3,0.3333333333333333,0.0,0.0,0.7786259541984732,0.22137404580152675,26,3,0.0,0.32474226804123707
Portinari,9,0.1111111111111111,0.8888888888888888,0.0,0.7786259541984732,0.22137404580152675,26,3,0.0,0.32474226804123707
"L.,",3,0.3333333333333333,0.0,0.0,0.7786259541984732,0.22137404580152675,26,3,0.0,0.32474226804123707
"2006,",5,0.0,0.0,0.8,0.7786259541984732,0.22137404580152675,26,3,0.0,0.32474226804123707
"MNRAS,",6,0.8333333333333334,0.0,0.0,0.7786259541984732,0.22137404580152675,26,3,0.0,0.32474226804123707
"367,",4,0.0,0.0,0.75,0.7786259541984732,0.22137404580152675,26,3,0.0,0.32474226804123707
449,3,0.0,0.0,1.0,0.7786259541984732,0.22137404580152675,26,3,0.0,0.32474226804123707
redder,6,0.0,1.0,0.0,0.7808219178082192,0.2191780821917808,28,4,0.0,0.24742268041237114
than,4,0.0,1.0,0.0,0.7808219178082192,0.2191780821917808,28,4,0.0,0.24742268041237114
Solar,5,0.2,0.8,0.0,0.7808219178082192,0.2191780821917808,28,4,0.0,0.24742268041237114
and,3,0.0,1.0,0.0,0.7808219178082192,0.2191780821917808,28,4,0.0,0.24742268041237114
similar,7,0.0,1.0,0.0,0.7808219178082192,0.2191780821917808,28,4,0.0,0.24742268041237114
to,2,0.0,1.0,0.0,0.7808219178082192,0.2191780821917808,28,4,0.0,0.24742268041237114
the,3,0.0,1.0,0.0,0.7808219178082192,0.2191780821917808,28,4,0.0,0.24742268041237114
mean,4,0.0,1.0,0.0,0.7808219178082192,0.2191780821917808,28,4,0.0,0.24742268041237114
colour,6,0.0,1.0,0.0,0.7808219178082192,0.2191780821917808,28,4,0.0,0.24742268041237114
of,2,0.0,1.0,0.0,0.7808219178082192,0.2191780821917808,28,4,0.0,0.24742268041237114
large,5,0.0,1.0,0.0,0.7808219178082192,0.2191780821917808,28,4,0.0,0.24742268041237114
number,6,0.0,1.0,0.0,0.7808219178082192,0.2191780821917808,28,4,0.0,0.24742268041237114
of,2,0.0,1.0,0.0,0.7808219178082192,0.2191780821917808,28,4,0.0,0.24742268041237114
Hui,3,0.3333333333333333,0.6666666666666666,0.0,0.7808219178082192,0.2191780821917808,28,4,0.0,0.24742268041237114
"M.-T.,",6,0.3333333333333333,0.0,0.0,0.7808219178082192,0.2191780821917808,28,4,0.0,0.24742268041237114
Ye,2,0.5,0.5,0.0,0.7808219178082192,0.2191780821917808,28,4,0.0,0.24742268041237114
"Q.-Z.,",6,0.3333333333333333,0.0,0.0,0.7808219178082192,0.2191780821917808,28,4,0.0,0.24742268041237114
Föhring,7,0.14285714285714285,0.8571428571428571,0.0,0.7808219178082192,0.2191780821917808,28,4,0.0,0.24742268041237114
"D.,",3,0.3333333333333333,0.0,0.0,0.7808219178082192,0.2191780821917808,28,4,0.0,0.24742268041237114
Hung,4,0.25,0.75,0.0,0.7808219178082192,0.2191780821917808,28,4,0.0,0.24742268041237114
"D.,",3,0.3333333333333333,0.0,0.0,0.7808219178082192,0.2191780821917808,28,4,0.0,0.24742268041237114
Tholen,6,0.16666666666666666,0.8333333333333334,0.0,0.7808219178082192,0.2191780821917808,28,4,0.0,0.24742268041237114
D.,2,0.5,0.0,0.0,0.7808219178082192,0.2191780821917808,28,4,0.0,0.24742268041237114
"J.,",3,0.3333333333333333,0.0,0.0,0.7808219178082192,0.2191780821917808,28,4,0.0,0.24742268041237114
"2020,",5,0.0,0.0,0.8,0.7808219178082192,0.2191780821917808,28,4,0.0,0.24742268041237114
"AJ,",3,0.6666666666666666,0.0,0.0,0.7808219178082192,0.2191780821917808,28,4,0.0,0.24742268041237114
"160,",4,0.0,0.0,0.75,0.7808219178082192,0.2191780821917808,28,4,0.0,0.24742268041237114
92,2,0.0,0.0,1.0,0.7808219178082192,0.2191780821917808,28,4,0.0,0.24742268041237114
Jewitt,6,0.16666666666666666,0.8333333333333334,0.0,0.23529411764705882,0.7647058823529411,6,1,0.37628865979381443,0.4742268041237113
"D.,",3,0.3333333333333333,0.0,0.0,0.23529411764705882,0.7647058823529411,6,1,0.37628865979381443,0.4742268041237113
"2015,",5,0.0,0.0,0.8,0.23529411764705882,0.7647058823529411,6,1,0.37628865979381443,0.4742268041237113
"AJ,",3,0.6666666666666666,0.0,0.0,0.23529411764705882,0.7647058823529411,6,1,0.37628865979381443,0.4742268041237113
"150,",4,0.0,0.0,0.75,0.23529411764705882,0.7647058823529411,6,1,0.37628865979381443,0.4742268041237113
201,3,0.0,0.0,1.0,0.23529411764705882,0.7647058823529411,6,1,0.37628865979381443,0.4742268041237113
comets,6,0.0,1.0,0.0,0.8518518518518519,0.14814814814814814,5,1,0.0,0.8608247422680413
of,2,0.0,1.0,0.0,0.8518518518518519,0.14814814814814814,5,1,0.0,0.8608247422680413
our,3,0.0,1.0,0.0,0.8518518518518519,0.14814814814814814,5,1,0.0,0.8608247422680413
Solar,5,0.2,0.8,0.0,0.8518518518518519,0.14814814814814814,5,1,0.0,0.8608247422680413
system.,7,0.0,0.8571428571428571,0.0,0.8518518518518519,0.14814814814814814,5,1,0.0,0.8608247422680413
Jewitt,6,0.16666666666666666,0.8333333333333334,0.0,0.27927927927927926,0.7207207207207207,8,1,0.37628865979381443,0.4278350515463918
"D.,",3,0.3333333333333333,0.0,0.0,0.27927927927927926,0.7207207207207207,8,1,0.37628865979381443,0.4278350515463918
Luu,3,0.3333333333333333,0.6666666666666666,0.0,0.27927927927927926,0.7207207207207207,8,1,0.37628865979381443,0.4278350515463918
"J.,",3,0.3333333333333333,0.0,0.0,0.27927927927927926,0.7207207207207207,8,1,0.37628865979381443,0.4278350515463918
"2019,",5,0.0,0.0,0.8,0.27927927927927926,0.7207207207207207,8,1,0.37628865979381443,0.4278350515463918
"ApJ,",4,0.5,0.25,0.0,0.27927927927927926,0.7207207207207207,8,1,0.37628865979381443,0.4278350515463918
"886,",4,0.0,0.0,0.75,0.27927927927927926,0.7207207207207207,8,1,0.37628865979381443,0.4278350515463918
L29,3,0.3333333333333333,0.0,0.6666666666666666,0.27927927927927926,0.7207207207207207,8,1,0.37628865979381443,0.4278350515463918
(vi),4,0.0,0.5,0.0,0.8181818181818182,0.18181818181818177,10,1,0.015463917525773196,0.6597938144329897
The,3,0.3333333333333333,0.6666666666666666,0.0,0.8181818181818182,0.18181818181818177,10,1,0.015463917525773196,0.6597938144329897
water,5,0.0,1.0,0.0,0.8181818181818182,0.18181818181818177,10,1,0.015463917525773196,0.6597938144329897
production,10,0.0,1.0,0.0,0.8181818181818182,0.18181818181818177,10,1,0.015463917525773196,0.6597938144329897
rate,4,0.0,1.0,0.0,0.8181818181818182,0.18181818181818177,10,1,0.015463917525773196,0.6597938144329897
computed,8,0.0,1.0,0.0,0.8181818181818182,0.18181818181818177,10,1,0.015463917525773196,0.6597938144329897
using,5,0.0,1.0,0.0,0.8181818181818182,0.18181818181818177,10,1,0.015463917525773196,0.6597938144329897
an,2,0.0,1.0,0.0,0.8181818181818182,0.18181818181818177,10,1,0.015463917525773196,0.6597938144329897
empirical,9,0.0,1.0,0.0,0.8181818181818182,0.18181818181818177,10,1,0.015463917525773196,0.6597938144329897
for-,4,0.0,0.75,0.0,0.8181818181818182,0.18181818181818177,10,1,0.015463917525773196,0.6597938144329897
Jewitt,6,0.16666666666666666,0.8333333333333334,0.0,0.42857142857142855,0.5714285714285714,12,1,0.37628865979381443,0.24226804123711343
"D.,",3,0.3333333333333333,0.0,0.0,0.42857142857142855,0.5714285714285714,12,1,0.37628865979381443,0.24226804123711343
Hsieh,5,0.2,0.8,0.0,0.42857142857142855,0.5714285714285714,12,1,0.37628865979381443,0.24226804123711343
"H.,",3,0.3333333333333333,0.0,0.0,0.42857142857142855,0.5714285714285714,12,1,0.37628865979381443,0.24226804123711343
Agarwal,7,0.14285714285714285,0.8571428571428571,0.0,0.42857142857142855,0.5714285714285714,12,1,0.37628865979381443,0.24226804123711343
"J.,",3,0.3333333333333333,0.0,0.0,0.42857142857142855,0.5714285714285714,12,1,0.37628865979381443,0.24226804123711343
"2015,",5,0.0,0.0,0.8,0.42857142857142855,0.5714285714285714,12,1,0.37628865979381443,0.24226804123711343
The,3,0.3333333333333333,0.6666666666666666,0.0,0.42857142857142855,0.5714285714285714,12,1,0.37628865979381443,0.24226804123711343
Active,6,0.16666666666666666,0.8333333333333334,0.0,0.42857142857142855,0.5714285714285714,12,1,0.37628865979381443,0.24226804123711343
Asteroids.,10,0.1,0.8,0.0,0.42857142857142855,0.5714285714285714,12,1,0.37628865979381443,0.24226804123711343
University,10,0.1,0.9,0.0,0.42857142857142855,0.5714285714285714,12,1,0.37628865979381443,0.24226804123711343
of,2,0.0,1.0,0.0,0.42857142857142855,0.5714285714285714,12,1,0.37628865979381443,0.24226804123711343
mula,4,0.0,1.0,0.0,0.7887323943661971,0.21126760563380287,16,9,0.0,0.2680412371134021
considering,11,0.0,1.0,0.0,0.7887323943661971,0.21126760563380287,16,9,0.0,0.2680412371134021
the,3,0.0,1.0,0.0,0.7887323943661971,0.21126760563380287,16,9,0.0,0.2680412371134021
V,1,1.0,0.0,0.0,0.7887323943661971,0.21126760563380287,16,9,0.0,0.2680412371134021
band,4,0.0,1.0,0.0,0.7887323943661971,0.21126760563380287,16,9,0.0,0.2680412371134021
"magnitude,",10,0.0,0.9,0.0,0.7887323943661971,0.21126760563380287,16,9,0.0,0.2680412371134021
was,3,0.0,1.0,0.0,0.7887323943661971,0.21126760563380287,16,9,0.0,0.2680412371134021
found,5,0.0,1.0,0.0,0.7887323943661971,0.21126760563380287,16,9,0.0,0.2680412371134021
to,2,0.0,1.0,0.0,0.7887323943661971,0.21126760563380287,16,9,0.0,0.2680412371134021
match,5,0.0,1.0,0.0,0.7887323943661971,0.21126760563380287,16,9,0.0,0.2680412371134021
the,3,0.0,1.0,0.0,0.7887323943661971,0.21126760563380287,16,9,0.0,0.2680412371134021
Arizona,7,0.14285714285714285,0.8571428571428571,0.0,0.7887323943661971,0.21126760563380287,16,9,0.0,0.2680412371134021
"Press,",6,0.16666666666666666,0.6666666666666666,0.0,0.7887323943661971,0.21126760563380287,16,9,0.0,0.2680412371134021
pp,2,0.0,1.0,0.0,0.7887323943661971,0.21126760563380287,16,9,0.0,0.2680412371134021
"221–241,",8,0.0,0.0,0.75,0.7887323943661971,0.21126760563380287,16,9,0.0,0.2680412371134021
doi:10.2458/azu_uapress_9780816532131-,38,0.0,0.34210526315789475,0.5,0.7887323943661971,0.21126760563380287,16,9,0.0,0.2680412371134021
rate,4,0.0,1.0,0.0,0.7926829268292683,0.20731707317073167,12,4,0.0,0.5773195876288659
reported,8,0.0,1.0,0.0,0.7926829268292683,0.20731707317073167,12,4,0.0,0.5773195876288659
before,6,0.0,1.0,0.0,0.7926829268292683,0.20731707317073167,12,4,0.0,0.5773195876288659
"perihelion,",11,0.0,0.9090909090909091,0.0,0.7926829268292683,0.20731707317073167,12,4,0.0,0.5773195876288659
but,3,0.0,1.0,0.0,0.7926829268292683,0.20731707317073167,12,4,0.0,0.5773195876288659
failed,6,0.0,1.0,0.0,0.7926829268292683,0.20731707317073167,12,4,0.0,0.5773195876288659
to,2,0.0,1.0,0.0,0.7926829268292683,0.20731707317073167,12,4,0.0,0.5773195876288659
match,5,0.0,1.0,0.0,0.7926829268292683,0.20731707317073167,12,4,0.0,0.5773195876288659
the,3,0.0,1.0,0.0,0.7926829268292683,0.20731707317073167,12,4,0.0,0.5773195876288659
rate,4,0.0,1.0,0.0,0.7926829268292683,0.20731707317073167,12,4,0.0,0.5773195876288659
reported,8,0.0,1.0,0.0,0.7926829268292683,0.20731707317073167,12,4,0.0,0.5773195876288659
ch012,5,0.0,0.4,0.6,0.7926829268292683,0.20731707317073167,12,4,0.0,0.5773195876288659
after,5,0.0,1.0,0.0,0.8175675675675675,0.18243243243243246,25,3,0.0,0.23711340206185572
"perihelion,",11,0.0,0.9090909090909091,0.0,0.8175675675675675,0.18243243243243246,25,3,0.0,0.23711340206185572
due,3,0.0,1.0,0.0,0.8175675675675675,0.18243243243243246,25,3,0.0,0.23711340206185572
to,2,0.0,1.0,0.0,0.8175675675675675,0.18243243243243246,25,3,0.0,0.23711340206185572
a,1,0.0,1.0,0.0,0.8175675675675675,0.18243243243243246,25,3,0.0,0.23711340206185572
drastic,7,0.0,1.0,0.0,0.8175675675675675,0.18243243243243246,25,3,0.0,0.23711340206185572
drop,4,0.0,1.0,0.0,0.8175675675675675,0.18243243243243246,25,3,0.0,0.23711340206185572
in,2,0.0,1.0,0.0,0.8175675675675675,0.18243243243243246,25,3,0.0,0.23711340206185572
the,3,0.0,1.0,0.0,0.8175675675675675,0.18243243243243246,25,3,0.0,0.23711340206185572
observed,8,0.0,1.0,0.0,0.8175675675675675,0.18243243243243246,25,3,0.0,0.23711340206185572
water,5,0.0,1.0,0.0,0.8175675675675675,0.18243243243243246,25,3,0.0,0.23711340206185572
produc-,7,0.0,0.8571428571428571,0.0,0.8175675675675675,0.18243243243243246,25,3,0.0,0.23711340206185572
Jewitt,6,0.16666666666666666,0.8333333333333334,0.0,0.8175675675675675,0.18243243243243246,25,3,0.0,0.23711340206185572
"D.,",3,0.3333333333333333,0.0,0.0,0.8175675675675675,0.18243243243243246,25,3,0.0,0.23711340206185572
Luu,3,0.3333333333333333,0.6666666666666666,0.0,0.8175675675675675,0.18243243243243246,25,3,0.0,0.23711340206185572
"J.,",3,0.3333333333333333,0.0,0.0,0.8175675675675675,0.18243243243243246,25,3,0.0,0.23711340206185572
Rajagopal,9,0.1111111111111111,0.8888888888888888,0.0,0.8175675675675675,0.18243243243243246,25,3,0.0,0.23711340206185572
"J.,",3,0.3333333333333333,0.0,0.0,0.8175675675675675,0.18243243243243246,25,3,0.0,0.23711340206185572
Kotulla,7,0.14285714285714285,0.8571428571428571,0.0,0.8175675675675675,0.18243243243243246,25,3,0.0,0.23711340206185572
"R.,",3,0.3333333333333333,0.0,0.0,0.8175675675675675,0.18243243243243246,25,3,0.0,0.23711340206185572
Ridgway,7,0.14285714285714285,0.8571428571428571,0.0,0.8175675675675675,0.18243243243243246,25,3,0.0,0.23711340206185572
"S.,",3,0.3333333333333333,0.0,0.0,0.8175675675675675,0.18243243243243246,25,3,0.0,0.23711340206185572
Liu,3,0.3333333333333333,0.6666666666666666,0.0,0.8175675675675675,0.18243243243243246,25,3,0.0,0.23711340206185572
"W.,",3,0.3333333333333333,0.0,0.0,0.8175675675675675,0.18243243243243246,25,3,0.0,0.23711340206185572
Augusteijn,10,0.1,0.9,0.0,0.8175675675675675,0.18243243243243246,25,3,0.0,0.23711340206185572
tion,4,0.0,1.0,0.0,0.78,0.21999999999999997,18,4,0.0,0.48453608247422686
rate.,5,0.0,0.8,0.0,0.78,0.21999999999999997,18,4,0.0,0.48453608247422686
This,4,0.25,0.75,0.0,0.78,0.21999999999999997,18,4,0.0,0.48453608247422686
maybe,5,0.0,1.0,0.0,0.78,0.21999999999999997,18,4,0.0,0.48453608247422686
due,3,0.0,1.0,0.0,0.78,0.21999999999999997,18,4,0.0,0.48453608247422686
to,2,0.0,1.0,0.0,0.78,0.21999999999999997,18,4,0.0,0.48453608247422686
the,3,0.0,1.0,0.0,0.78,0.21999999999999997,18,4,0.0,0.48453608247422686
fact,4,0.0,1.0,0.0,0.78,0.21999999999999997,18,4,0.0,0.48453608247422686
that,4,0.0,1.0,0.0,0.78,0.21999999999999997,18,4,0.0,0.48453608247422686
the,3,0.0,1.0,0.0,0.78,0.21999999999999997,18,4,0.0,0.48453608247422686
empirical,9,0.0,1.0,0.0,0.78,0.21999999999999997,18,4,0.0,0.48453608247422686
relation,8,0.0,1.0,0.0,0.78,0.21999999999999997,18,4,0.0,0.48453608247422686
(only,5,0.0,0.8,0.0,0.78,0.21999999999999997,18,4,0.0,0.48453608247422686
"T.,",3,0.3333333333333333,0.0,0.0,0.78,0.21999999999999997,18,4,0.0,0.48453608247422686
"2017,",5,0.0,0.0,0.8,0.78,0.21999999999999997,18,4,0.0,0.48453608247422686
"ApJ,",4,0.5,0.25,0.0,0.78,0.21999999999999997,18,4,0.0,0.48453608247422686
"850,",4,0.0,0.0,0.75,0.78,0.21999999999999997,18,4,0.0,0.48453608247422686
L36,3,0.3333333333333333,0.0,0.6666666666666666,0.78,0.21999999999999997,18,4,0.0,0.48453608247422686
to,2,0.0,1.0,0.0,0.7931034482758621,0.2068965517241379,25,4,0.0,0.25257731958762886
get,3,0.0,1.0,0.0,0.7931034482758621,0.2068965517241379,25,4,0.0,0.25257731958762886
an,2,0.0,1.0,0.0,0.7931034482758621,0.2068965517241379,25,4,0.0,0.25257731958762886
order,5,0.0,1.0,0.0,0.7931034482758621,0.2068965517241379,25,4,0.0,0.25257731958762886
of,2,0.0,1.0,0.0,0.7931034482758621,0.2068965517241379,25,4,0.0,0.25257731958762886
magnitude,9,0.0,1.0,0.0,0.7931034482758621,0.2068965517241379,25,4,0.0,0.25257731958762886
estimate),9,0.0,0.8888888888888888,0.0,0.7931034482758621,0.2068965517241379,25,4,0.0,0.25257731958762886
is,2,0.0,1.0,0.0,0.7931034482758621,0.2068965517241379,25,4,0.0,0.25257731958762886
defined,7,0.0,1.0,0.0,0.7931034482758621,0.2068965517241379,25,4,0.0,0.25257731958762886
for,3,0.0,1.0,0.0,0.7931034482758621,0.2068965517241379,25,4,0.0,0.25257731958762886
Solar,5,0.2,0.8,0.0,0.7931034482758621,0.2068965517241379,25,4,0.0,0.25257731958762886
system,6,0.0,1.0,0.0,0.7931034482758621,0.2068965517241379,25,4,0.0,0.25257731958762886
Jewitt,6,0.16666666666666666,0.8333333333333334,0.0,0.7931034482758621,0.2068965517241379,25,4,0.0,0.25257731958762886
"D.,",3,0.3333333333333333,0.0,0.0,0.7931034482758621,0.2068965517241379,25,4,0.0,0.25257731958762886
Hui,3,0.3333333333333333,0.6666666666666666,0.0,0.7931034482758621,0.2068965517241379,25,4,0.0,0.25257731958762886
"M.-T.,",6,0.3333333333333333,0.0,0.0,0.7931034482758621,0.2068965517241379,25,4,0.0,0.25257731958762886
Kim,3,0.3333333333333333,0.6666666666666666,0.0,0.7931034482758621,0.2068965517241379,25,4,0.0,0.25257731958762886
"Y.,",3,0.3333333333333333,0.0,0.0,0.7931034482758621,0.2068965517241379,25,4,0.0,0.25257731958762886
Mutchler,8,0.125,0.875,0.0,0.7931034482758621,0.2068965517241379,25,4,0.0,0.25257731958762886
"M.,",3,0.3333333333333333,0.0,0.0,0.7931034482758621,0.2068965517241379,25,4,0.0,0.25257731958762886
Weaver,6,0.16666666666666666,0.8333333333333334,0.0,0.7931034482758621,0.2068965517241379,25,4,0.0,0.25257731958762886
"H.,",3,0.3333333333333333,0.0,0.0,0.7931034482758621,0.2068965517241379,25,4,0.0,0.25257731958762886
Agarwal,7,0.14285714285714285,0.8571428571428571,0.0,0.7931034482758621,0.2068965517241379,25,4,0.0,0.25257731958762886
"J.,",3,0.3333333333333333,0.0,0.0,0.7931034482758621,0.2068965517241379,25,4,0.0,0.25257731958762886
"2020a,",6,0.0,0.16666666666666666,0.6666666666666666,0.7931034482758621,0.2068965517241379,25,4,0.0,0.25257731958762886
comets,6,0.0,1.0,0.0,0.7666666666666667,0.23333333333333328,13,6,0.0,0.5360824742268041
and,3,0.0,1.0,0.0,0.7666666666666667,0.23333333333333328,13,6,0.0,0.5360824742268041
not,3,0.0,1.0,0.0,0.7666666666666667,0.23333333333333328,13,6,0.0,0.5360824742268041
applicable,10,0.0,1.0,0.0,0.7666666666666667,0.23333333333333328,13,6,0.0,0.5360824742268041
to,2,0.0,1.0,0.0,0.7666666666666667,0.23333333333333328,13,6,0.0,0.5360824742268041
"2I/Borisov,",11,0.18181818181818182,0.5454545454545454,0.09090909090909091,0.7666666666666667,0.23333333333333328,13,6,0.0,0.5360824742268041
an,2,0.0,1.0,0.0,0.7666666666666667,0.23333333333333328,13,6,0.0,0.5360824742268041
interstellar,12,0.0,1.0,0.0,0.7666666666666667,0.23333333333333328,13,6,0.0,0.5360824742268041
comet,5,0.0,1.0,0.0,0.7666666666666667,0.23333333333333328,13,6,0.0,0.5360824742268041
with,4,0.0,1.0,0.0,0.7666666666666667,0.23333333333333328,13,6,0.0,0.5360824742268041
"ApJ,",4,0.5,0.25,0.0,0.7666666666666667,0.23333333333333328,13,6,0.0,0.5360824742268041
"888,",4,0.0,0.0,0.75,0.7666666666666667,0.23333333333333328,13,6,0.0,0.5360824742268041
L23,3,0.3333333333333333,0.0,0.6666666666666666,0.7666666666666667,0.23333333333333328,13,6,0.0,0.5360824742268041
very,4,0.0,1.0,0.0,0.5655172413793104,0.43448275862068964,19,24,0.0,0.25257731958762886
low,3,0.0,1.0,0.0,0.5655172413793104,0.43448275862068964,19,24,0.0,0.25257731958762886
abundance,9,0.0,1.0,0.0,0.5655172413793104,0.43448275862068964,19,24,0.0,0.25257731958762886
in,2,0.0,1.0,0.0,0.5655172413793104,0.43448275862068964,19,24,0.0,0.25257731958762886
H2,2,0.5,0.0,0.5,0.5655172413793104,0.43448275862068964,19,24,0.0,0.25257731958762886
O.,2,0.5,0.0,0.0,0.5655172413793104,0.43448275862068964,19,24,0.0,0.25257731958762886
Jewitt,6,0.16666666666666666,0.8333333333333334,0.0,0.5655172413793104,0.43448275862068964,19,24,0.0,0.25257731958762886
"D.,",3,0.3333333333333333,0.0,0.0,0.5655172413793104,0.43448275862068964,19,24,0.0,0.25257731958762886
Kim,3,0.3333333333333333,0.6666666666666666,0.0,0.5655172413793104,0.43448275862068964,19,24,0.0,0.25257731958762886
"Y.,",3,0.3333333333333333,0.0,0.0,0.5655172413793104,0.43448275862068964,19,24,0.0,0.25257731958762886
Mutchler,8,0.125,0.875,0.0,0.5655172413793104,0.43448275862068964,19,24,0.0,0.25257731958762886
"M.,",3,0.3333333333333333,0.0,0.0,0.5655172413793104,0.43448275862068964,19,24,0.0,0.25257731958762886
Weaver,6,0.16666666666666666,0.8333333333333334,0.0,0.5655172413793104,0.43448275862068964,19,24,0.0,0.25257731958762886
"H.,",3,0.3333333333333333,0.0,0.0,0.5655172413793104,0.43448275862068964,19,24,0.0,0.25257731958762886
Agarwal,7,0.14285714285714285,0.8571428571428571,0.0,0.5655172413793104,0.43448275862068964,19,24,0.0,0.25257731958762886
"J.,",3,0.3333333333333333,0.0,0.0,0.5655172413793104,0.43448275862068964,19,24,0.0,0.25257731958762886
Hui,3,0.3333333333333333,0.6666666666666666,0.0,0.5655172413793104,0.43448275862068964,19,24,0.0,0.25257731958762886
"M.-T.,",6,0.3333333333333333,0.0,0.0,0.5655172413793104,0.43448275862068964,19,24,0.0,0.25257731958762886
"2020b,",6,0.0,0.16666666666666666,0.6666666666666666,0.5655172413793104,0.43448275862068964,19,24,0.0,0.25257731958762886
(vii),5,0.0,0.6,0.0,0.6888888888888889,0.3111111111111111,16,6,0.015463917525773196,0.5360824742268041
The,3,0.3333333333333333,0.6666666666666666,0.0,0.6888888888888889,0.3111111111111111,16,6,0.015463917525773196,0.5360824742268041
possible,8,0.0,1.0,0.0,0.6888888888888889,0.3111111111111111,16,6,0.015463917525773196,0.5360824742268041
size,4,0.0,1.0,0.0,0.6888888888888889,0.3111111111111111,16,6,0.015463917525773196,0.5360824742268041
of,2,0.0,1.0,0.0,0.6888888888888889,0.3111111111111111,16,6,0.015463917525773196,0.5360824742268041
the,3,0.0,1.0,0.0,0.6888888888888889,0.3111111111111111,16,6,0.015463917525773196,0.5360824742268041
nucleus,7,0.0,1.0,0.0,0.6888888888888889,0.3111111111111111,16,6,0.015463917525773196,0.5360824742268041
was,3,0.0,1.0,0.0,0.6888888888888889,0.3111111111111111,16,6,0.015463917525773196,0.5360824742268041
deduced,7,0.0,1.0,0.0,0.6888888888888889,0.3111111111111111,16,6,0.015463917525773196,0.5360824742268041
to,2,0.0,1.0,0.0,0.6888888888888889,0.3111111111111111,16,6,0.015463917525773196,0.5360824742268041
be,2,0.0,1.0,0.0,0.6888888888888889,0.3111111111111111,16,6,0.015463917525773196,0.5360824742268041
0.18,4,0.0,0.0,0.75,0.6888888888888889,0.3111111111111111,16,6,0.015463917525773196,0.5360824742268041
≤,1,0.0,0.0,0.0,0.6888888888888889,0.3111111111111111,16,6,0.015463917525773196,0.5360824742268041
"ApJ,",4,0.5,0.25,0.0,0.6888888888888889,0.3111111111111111,16,6,0.015463917525773196,0.5360824742268041
"896,",4,0.0,0.0,0.75,0.6888888888888889,0.3111111111111111,16,6,0.015463917525773196,0.5360824742268041
L39,3,0.3333333333333333,0.0,0.6666666666666666,0.6888888888888889,0.3111111111111111,16,6,0.015463917525773196,0.5360824742268041
Jorda,5,0.2,0.8,0.0,0.42567567567567566,0.5743243243243243,13,1,0.37628865979381443,0.23711340206185572
"L.,",3,0.3333333333333333,0.0,0.0,0.42567567567567566,0.5743243243243243,13,1,0.37628865979381443,0.23711340206185572
Crovisier,9,0.1111111111111111,0.8888888888888888,0.0,0.42567567567567566,0.5743243243243243,13,1,0.37628865979381443,0.23711340206185572
"J.,",3,0.3333333333333333,0.0,0.0,0.42567567567567566,0.5743243243243243,13,1,0.37628865979381443,0.23711340206185572
Green,5,0.2,0.8,0.0,0.42567567567567566,0.5743243243243243,13,1,0.37628865979381443,0.23711340206185572
D.,2,0.5,0.0,0.0,0.42567567567567566,0.5743243243243243,13,1,0.37628865979381443,0.23711340206185572
W.,2,0.5,0.0,0.0,0.42567567567567566,0.5743243243243243,13,1,0.37628865979381443,0.23711340206185572
"E.,",3,0.3333333333333333,0.0,0.0,0.42567567567567566,0.5743243243243243,13,1,0.37628865979381443,0.23711340206185572
"2008,",5,0.0,0.0,0.8,0.42567567567567566,0.5743243243243243,13,1,0.37628865979381443,0.23711340206185572
in,2,0.0,1.0,0.0,0.42567567567567566,0.5743243243243243,13,1,0.37628865979381443,0.23711340206185572
"Asteroids,",10,0.1,0.8,0.0,0.42567567567567566,0.5743243243243243,13,1,0.37628865979381443,0.23711340206185572
"Comets,",7,0.14285714285714285,0.7142857142857143,0.0,0.42567567567567566,0.5743243243243243,13,1,0.37628865979381443,0.23711340206185572
Meteors,7,0.14285714285714285,0.8571428571428571,0.0,0.42567567567567566,0.5743243243243243,13,1,0.37628865979381443,0.23711340206185572
r,1,0.0,1.0,0.0,0.7936507936507936,0.2063492063492064,14,1,0.0,0.6752577319587629
≤,1,0.0,0.0,0.0,0.7936507936507936,0.2063492063492064,14,1,0.0,0.6752577319587629
3.1,3,0.0,0.0,0.6666666666666666,0.7936507936507936,0.2063492063492064,14,1,0.0,0.6752577319587629
Km.,3,0.3333333333333333,0.3333333333333333,0.0,0.7936507936507936,0.2063492063492064,14,1,0.0,0.6752577319587629
This,4,0.25,0.75,0.0,0.7936507936507936,0.2063492063492064,14,1,0.0,0.6752577319587629
range,5,0.0,1.0,0.0,0.7936507936507936,0.2063492063492064,14,1,0.0,0.6752577319587629
is,2,0.0,1.0,0.0,0.7936507936507936,0.2063492063492064,14,1,0.0,0.6752577319587629
in,2,0.0,1.0,0.0,0.7936507936507936,0.2063492063492064,14,1,0.0,0.6752577319587629
very,4,0.0,1.0,0.0,0.7936507936507936,0.2063492063492064,14,1,0.0,0.6752577319587629
good,4,0.0,1.0,0.0,0.7936507936507936,0.2063492063492064,14,1,0.0,0.6752577319587629
agreement,9,0.0,1.0,0.0,0.7936507936507936,0.2063492063492064,14,1,0.0,0.6752577319587629
with,4,0.0,1.0,0.0,0.7936507936507936,0.2063492063492064,14,1,0.0,0.6752577319587629
the,3,0.0,1.0,0.0,0.7936507936507936,0.2063492063492064,14,1,0.0,0.6752577319587629
sizes,5,0.0,1.0,0.0,0.7936507936507936,0.2063492063492064,14,1,0.0,0.6752577319587629
2008.,5,0.0,0.0,0.8,0.12222222222222222,0.8777777777777778,3,1,0.39690721649484534,0.5360824742268041
p.,2,0.0,0.5,0.0,0.12222222222222222,0.8777777777777778,3,1,0.39690721649484534,0.5360824742268041
8046,4,0.0,0.0,1.0,0.12222222222222222,0.8777777777777778,3,1,0.39690721649484534,0.5360824742268041
reported,8,0.0,1.0,0.0,0.5158730158730159,0.4841269841269841,15,25,0.0,0.35051546391752575
by,2,0.0,1.0,0.0,0.5158730158730159,0.4841269841269841,15,25,0.0,0.35051546391752575
other,5,0.0,1.0,0.0,0.5158730158730159,0.4841269841269841,15,25,0.0,0.35051546391752575
groups.,7,0.0,0.8571428571428571,0.0,0.5158730158730159,0.4841269841269841,15,25,0.0,0.35051546391752575
Jordi,5,0.2,0.8,0.0,0.5158730158730159,0.4841269841269841,15,25,0.0,0.35051546391752575
"K.,",3,0.3333333333333333,0.0,0.0,0.5158730158730159,0.4841269841269841,15,25,0.0,0.35051546391752575
Grebel,6,0.16666666666666666,0.8333333333333334,0.0,0.5158730158730159,0.4841269841269841,15,25,0.0,0.35051546391752575
E.,2,0.5,0.0,0.0,0.5158730158730159,0.4841269841269841,15,25,0.0,0.35051546391752575
"K.,",3,0.3333333333333333,0.0,0.0,0.5158730158730159,0.4841269841269841,15,25,0.0,0.35051546391752575
Ammon,5,0.2,0.8,0.0,0.5158730158730159,0.4841269841269841,15,25,0.0,0.35051546391752575
"K.,",3,0.3333333333333333,0.0,0.0,0.5158730158730159,0.4841269841269841,15,25,0.0,0.35051546391752575
"2006,",5,0.0,0.0,0.8,0.5158730158730159,0.4841269841269841,15,25,0.0,0.35051546391752575
"A&A,",4,0.5,0.0,0.0,0.5158730158730159,0.4841269841269841,15,25,0.0,0.35051546391752575
"460,",4,0.0,0.0,0.75,0.5158730158730159,0.4841269841269841,15,25,0.0,0.35051546391752575
339,3,0.0,0.0,1.0,0.5158730158730159,0.4841269841269841,15,25,0.0,0.35051546391752575
(viii),6,0.0,0.6666666666666666,0.0,0.7927927927927928,0.2072072072072072,17,3,0.015463917525773196,0.4278350515463918
Considering,11,0.09090909090909091,0.9090909090909091,0.0,0.7927927927927928,0.2072072072072072,17,3,0.015463917525773196,0.4278350515463918
all,3,0.0,1.0,0.0,0.7927927927927928,0.2072072072072072,17,3,0.015463917525773196,0.4278350515463918
the,3,0.0,1.0,0.0,0.7927927927927928,0.2072072072072072,17,3,0.015463917525773196,0.4278350515463918
observational,13,0.0,1.0,0.0,0.7927927927927928,0.2072072072072072,17,3,0.015463917525773196,0.4278350515463918
"evidences,",10,0.0,0.9,0.0,0.7927927927927928,0.2072072072072072,17,3,0.015463917525773196,0.4278350515463918
we,2,0.0,1.0,0.0,0.7927927927927928,0.2072072072072072,17,3,0.015463917525773196,0.4278350515463918
infer,5,0.0,1.0,0.0,0.7927927927927928,0.2072072072072072,17,3,0.015463917525773196,0.4278350515463918
that,4,0.0,1.0,0.0,0.7927927927927928,0.2072072072072072,17,3,0.015463917525773196,0.4278350515463918
Kareta,6,0.16666666666666666,0.8333333333333334,0.0,0.7927927927927928,0.2072072072072072,17,3,0.015463917525773196,0.4278350515463918
"T.,",3,0.3333333333333333,0.0,0.0,0.7927927927927928,0.2072072072072072,17,3,0.015463917525773196,0.4278350515463918
et,2,0.0,1.0,0.0,0.7927927927927928,0.2072072072072072,17,3,0.015463917525773196,0.4278350515463918
"al.,",4,0.0,0.5,0.0,0.7927927927927928,0.2072072072072072,17,3,0.015463917525773196,0.4278350515463918
"2020,",5,0.0,0.0,0.8,0.7927927927927928,0.2072072072072072,17,3,0.015463917525773196,0.4278350515463918
"ApJ,",4,0.5,0.25,0.0,0.7927927927927928,0.2072072072072072,17,3,0.015463917525773196,0.4278350515463918
"889,",4,0.0,0.0,0.75,0.7927927927927928,0.2072072072072072,17,3,0.015463917525773196,0.4278350515463918
L38,3,0.3333333333333333,0.0,0.6666666666666666,0.7927927927927928,0.2072072072072072,17,3,0.015463917525773196,0.4278350515463918
the,3,0.0,1.0,0.0,0.7916666666666666,0.20833333333333337,23,5,0.0,0.25773195876288657
comet,5,0.0,1.0,0.0,0.7916666666666666,0.20833333333333337,23,5,0.0,0.25773195876288657
2I/Borisov,10,0.2,0.6,0.1,0.7916666666666666,0.20833333333333337,23,5,0.0,0.25773195876288657
was,3,0.0,1.0,0.0,0.7916666666666666,0.20833333333333337,23,5,0.0,0.25773195876288657
formed,6,0.0,1.0,0.0,0.7916666666666666,0.20833333333333337,23,5,0.0,0.25773195876288657
in,2,0.0,1.0,0.0,0.7916666666666666,0.20833333333333337,23,5,0.0,0.25773195876288657
a,1,0.0,1.0,0.0,0.7916666666666666,0.20833333333333337,23,5,0.0,0.25773195876288657
proto-stellar,13,0.0,0.9230769230769231,0.0,0.7916666666666666,0.20833333333333337,23,5,0.0,0.25773195876288657
system,6,0.0,1.0,0.0,0.7916666666666666,0.20833333333333337,23,5,0.0,0.25773195876288657
under-,6,0.0,0.8333333333333334,0.0,0.7916666666666666,0.20833333333333337,23,5,0.0,0.25773195876288657
Kim,3,0.3333333333333333,0.6666666666666666,0.0,0.7916666666666666,0.20833333333333337,23,5,0.0,0.25773195876288657
"Y.,",3,0.3333333333333333,0.0,0.0,0.7916666666666666,0.20833333333333337,23,5,0.0,0.25773195876288657
Jewitt,6,0.16666666666666666,0.8333333333333334,0.0,0.7916666666666666,0.20833333333333337,23,5,0.0,0.25773195876288657
"D.,",3,0.3333333333333333,0.0,0.0,0.7916666666666666,0.20833333333333337,23,5,0.0,0.25773195876288657
Mutchler,8,0.125,0.875,0.0,0.7916666666666666,0.20833333333333337,23,5,0.0,0.25773195876288657
"M.,",3,0.3333333333333333,0.0,0.0,0.7916666666666666,0.20833333333333337,23,5,0.0,0.25773195876288657
Agarwal,7,0.14285714285714285,0.8571428571428571,0.0,0.7916666666666666,0.20833333333333337,23,5,0.0,0.25773195876288657
"J.,",3,0.3333333333333333,0.0,0.0,0.7916666666666666,0.20833333333333337,23,5,0.0,0.25773195876288657
Hui,3,0.3333333333333333,0.6666666666666666,0.0,0.7916666666666666,0.20833333333333337,23,5,0.0,0.25773195876288657
"M.-T.,",6,0.3333333333333333,0.0,0.0,0.7916666666666666,0.20833333333333337,23,5,0.0,0.25773195876288657
Weaver,6,0.16666666666666666,0.8333333333333334,0.0,0.7916666666666666,0.20833333333333337,23,5,0.0,0.25773195876288657
"H.,",3,0.3333333333333333,0.0,0.0,0.7916666666666666,0.20833333333333337,23,5,0.0,0.25773195876288657
"2020,",5,0.0,0.0,0.8,0.7916666666666666,0.20833333333333337,23,5,0.0,0.25773195876288657
going,5,0.0,1.0,0.0,0.7333333333333333,0.2666666666666667,12,8,0.0,0.5360824742268041
a,1,0.0,1.0,0.0,0.7333333333333333,0.2666666666666667,12,8,0.0,0.5360824742268041
very,4,0.0,1.0,0.0,0.7333333333333333,0.2666666666666667,12,8,0.0,0.5360824742268041
inhomogeneous,13,0.0,1.0,0.0,0.7333333333333333,0.2666666666666667,12,8,0.0,0.5360824742268041
mixing,6,0.0,1.0,0.0,0.7333333333333333,0.2666666666666667,12,8,0.0,0.5360824742268041
of,2,0.0,1.0,0.0,0.7333333333333333,0.2666666666666667,12,8,0.0,0.5360824742268041
various,7,0.0,1.0,0.0,0.7333333333333333,0.2666666666666667,12,8,0.0,0.5360824742268041
volatile,8,0.0,1.0,0.0,0.7333333333333333,0.2666666666666667,12,8,0.0,0.5360824742268041
compounds,9,0.0,1.0,0.0,0.7333333333333333,0.2666666666666667,12,8,0.0,0.5360824742268041
"ApJ,",4,0.5,0.25,0.0,0.7333333333333333,0.2666666666666667,12,8,0.0,0.5360824742268041
"895,",4,0.0,0.0,0.75,0.7333333333333333,0.2666666666666667,12,8,0.0,0.5360824742268041
L34,3,0.3333333333333333,0.0,0.6666666666666666,0.7333333333333333,0.2666666666666667,12,8,0.0,0.5360824742268041
beyond,6,0.0,1.0,0.0,0.4339622641509434,0.5660377358490566,12,26,0.0,0.45360824742268047
the,3,0.0,1.0,0.0,0.4339622641509434,0.5660377358490566,12,26,0.0,0.45360824742268047
CO,2,1.0,0.0,0.0,0.4339622641509434,0.5660377358490566,12,26,0.0,0.45360824742268047
ice,3,0.0,1.0,0.0,0.4339622641509434,0.5660377358490566,12,26,0.0,0.45360824742268047
line.,5,0.0,0.8,0.0,0.4339622641509434,0.5660377358490566,12,26,0.0,0.45360824742268047
Landolt,7,0.14285714285714285,0.8571428571428571,0.0,0.4339622641509434,0.5660377358490566,12,26,0.0,0.45360824742268047
A.,2,0.5,0.0,0.0,0.4339622641509434,0.5660377358490566,12,26,0.0,0.45360824742268047
"U.,",3,0.3333333333333333,0.0,0.0,0.4339622641509434,0.5660377358490566,12,26,0.0,0.45360824742268047
"1992,",5,0.0,0.0,0.8,0.4339622641509434,0.5660377358490566,12,26,0.0,0.45360824742268047
"AJ,",3,0.6666666666666666,0.0,0.0,0.4339622641509434,0.5660377358490566,12,26,0.0,0.45360824742268047
"104,",4,0.0,0.0,0.75,0.4339622641509434,0.5660377358490566,12,26,0.0,0.45360824742268047
340,3,0.0,0.0,1.0,0.4339622641509434,0.5660377358490566,12,26,0.0,0.45360824742268047
MNRAS,5,1.0,0.0,0.0,0.8636363636363636,0.13636363636363635,4,1,0.0,0.8865979381443299
"000,",4,0.0,0.0,0.75,0.8636363636363636,0.13636363636363635,4,1,0.0,0.8865979381443299
1–10,4,0.0,0.0,0.75,0.8636363636363636,0.13636363636363635,4,1,0.0,0.8865979381443299
(2021),6,0.0,0.0,0.6666666666666666,0.8636363636363636,0.13636363636363635,4,1,0.0,0.8865979381443299
avr_spaces,10,0.0,0.9,0.0,1.0,0.0,1,1,0.10083762886597938,0.9484536082474226
Interstellar,12,0.08333333333333333,0.9166666666666666,0.0,0.1761006289308176,0.8238993710691824,4,12,0.5463917525773195,0.18041237113402064
comet,5,0.0,1.0,0.0,0.1761006289308176,0.8238993710691824,4,12,0.5463917525773195,0.18041237113402064
2I/Borisov,10,0.2,0.6,0.1,0.1761006289308176,0.8238993710691824,4,12,0.5463917525773195,0.18041237113402064
9,1,0.0,0.0,1.0,0.1761006289308176,0.8238993710691824,4,12,0.5463917525773195,0.18041237113402064
CN,2,1.0,0.0,0.0,0.02197802197802198,0.978021978021978,1,1,0.4587628865979381,0.5309278350515464
C2,2,0.5,0.0,0.5,0.017241379310344827,0.9827586206896551,1,1,0.5876288659793815,0.4020618556701031
C3,2,0.5,0.0,0.5,0.021505376344086023,0.978494623655914,1,1,0.4690721649484536,0.5206185567010309
Figure,6,0.16666666666666666,0.8333333333333334,0.0,0.3973509933774834,0.6026490066225165,13,1,0.4072164948453608,0.22164948453608246
A2.,3,0.3333333333333333,0.0,0.3333333333333333,0.3973509933774834,0.6026490066225165,13,1,0.4072164948453608,0.22164948453608246
Top,3,0.3333333333333333,0.6666666666666666,0.0,0.3973509933774834,0.6026490066225165,13,1,0.4072164948453608,0.22164948453608246
panel,5,0.0,1.0,0.0,0.3973509933774834,0.6026490066225165,13,1,0.4072164948453608,0.22164948453608246
:,1,0.0,0.0,0.0,0.3973509933774834,0.6026490066225165,13,1,0.4072164948453608,0.22164948453608246
Comet,5,0.2,0.8,0.0,0.3973509933774834,0.6026490066225165,13,1,0.4072164948453608,0.22164948453608246
spectrum,8,0.0,1.0,0.0,0.3973509933774834,0.6026490066225165,13,1,0.4072164948453608,0.22164948453608246
(blue,5,0.0,0.8,0.0,0.3973509933774834,0.6026490066225165,13,1,0.4072164948453608,0.22164948453608246
solid,5,0.0,1.0,0.0,0.3973509933774834,0.6026490066225165,13,1,0.4072164948453608,0.22164948453608246
line),5,0.0,0.8,0.0,0.3973509933774834,0.6026490066225165,13,1,0.4072164948453608,0.22164948453608246
and,3,0.0,1.0,0.0,0.3973509933774834,0.6026490066225165,13,1,0.4072164948453608,0.22164948453608246
sky,3,0.0,1.0,0.0,0.3973509933774834,0.6026490066225165,13,1,0.4072164948453608,0.22164948453608246
spectrum,8,0.0,1.0,0.0,0.3973509933774834,0.6026490066225165,13,1,0.4072164948453608,0.22164948453608246
Figure,6,0.16666666666666666,0.8333333333333334,0.0,0.85,0.15000000000000002,25,1,0.0,0.17525773195876293
A1.,3,0.3333333333333333,0.0,0.3333333333333333,0.85,0.15000000000000002,25,1,0.0,0.17525773195876293
Profile,7,0.14285714285714285,0.8571428571428571,0.0,0.85,0.15000000000000002,25,1,0.0,0.17525773195876293
along,5,0.0,1.0,0.0,0.85,0.15000000000000002,25,1,0.0,0.17525773195876293
the,3,0.0,1.0,0.0,0.85,0.15000000000000002,25,1,0.0,0.17525773195876293
slit,4,0.0,1.0,0.0,0.85,0.15000000000000002,25,1,0.0,0.17525773195876293
(spatial,8,0.0,0.875,0.0,0.85,0.15000000000000002,25,1,0.0,0.17525773195876293
direction),10,0.0,0.9,0.0,0.85,0.15000000000000002,25,1,0.0,0.17525773195876293
showing,7,0.0,1.0,0.0,0.85,0.15000000000000002,25,1,0.0,0.17525773195876293
the,3,0.0,1.0,0.0,0.85,0.15000000000000002,25,1,0.0,0.17525773195876293
locations,9,0.0,1.0,0.0,0.85,0.15000000000000002,25,1,0.0,0.17525773195876293
of,2,0.0,1.0,0.0,0.85,0.15000000000000002,25,1,0.0,0.17525773195876293
(red,4,0.0,0.75,0.0,0.85,0.15000000000000002,25,1,0.0,0.17525773195876293
dashed,6,0.0,1.0,0.0,0.85,0.15000000000000002,25,1,0.0,0.17525773195876293
"line,",5,0.0,0.8,0.0,0.85,0.15000000000000002,25,1,0.0,0.17525773195876293
with,4,0.0,1.0,0.0,0.85,0.15000000000000002,25,1,0.0,0.17525773195876293
a,1,0.0,1.0,0.0,0.85,0.15000000000000002,25,1,0.0,0.17525773195876293
constant,8,0.0,1.0,0.0,0.85,0.15000000000000002,25,1,0.0,0.17525773195876293
offset),7,0.0,0.8571428571428571,0.0,0.85,0.15000000000000002,25,1,0.0,0.17525773195876293
illustrating,12,0.0,1.0,0.0,0.85,0.15000000000000002,25,1,0.0,0.17525773195876293
the,3,0.0,1.0,0.0,0.85,0.15000000000000002,25,1,0.0,0.17525773195876293
presence,8,0.0,1.0,0.0,0.85,0.15000000000000002,25,1,0.0,0.17525773195876293
of,2,0.0,1.0,0.0,0.85,0.15000000000000002,25,1,0.0,0.17525773195876293
strong,6,0.0,1.0,0.0,0.85,0.15000000000000002,25,1,0.0,0.17525773195876293
at-,3,0.0,0.6666666666666666,0.0,0.85,0.15000000000000002,25,1,0.0,0.17525773195876293
the,3,0.0,1.0,0.0,0.8333333333333334,0.16666666666666663,25,2,0.0,0.19587628865979378
apertures,9,0.0,1.0,0.0,0.8333333333333334,0.16666666666666663,25,2,0.0,0.19587628865979378
used,4,0.0,1.0,0.0,0.8333333333333334,0.16666666666666663,25,2,0.0,0.19587628865979378
for,3,0.0,1.0,0.0,0.8333333333333334,0.16666666666666663,25,2,0.0,0.19587628865979378
extracting,10,0.0,1.0,0.0,0.8333333333333334,0.16666666666666663,25,2,0.0,0.19587628865979378
the,3,0.0,1.0,0.0,0.8333333333333334,0.16666666666666663,25,2,0.0,0.19587628865979378
flux,4,0.0,1.0,0.0,0.8333333333333334,0.16666666666666663,25,2,0.0,0.19587628865979378
from,4,0.0,1.0,0.0,0.8333333333333334,0.16666666666666663,25,2,0.0,0.19587628865979378
the,3,0.0,1.0,0.0,0.8333333333333334,0.16666666666666663,25,2,0.0,0.19587628865979378
comet,5,0.0,1.0,0.0,0.8333333333333334,0.16666666666666663,25,2,0.0,0.19587628865979378
and,3,0.0,1.0,0.0,0.8333333333333334,0.16666666666666663,25,2,0.0,0.19587628865979378
the,3,0.0,1.0,0.0,0.8333333333333334,0.16666666666666663,25,2,0.0,0.19587628865979378
background,10,0.0,1.0,0.0,0.8333333333333334,0.16666666666666663,25,2,0.0,0.19587628865979378
mospheric,9,0.0,1.0,0.0,0.8333333333333334,0.16666666666666663,25,2,0.0,0.19587628865979378
telluric,8,0.0,1.0,0.0,0.8333333333333334,0.16666666666666663,25,2,0.0,0.19587628865979378
lines,5,0.0,1.0,0.0,0.8333333333333334,0.16666666666666663,25,2,0.0,0.19587628865979378
.,1,0.0,0.0,0.0,0.8333333333333334,0.16666666666666663,25,2,0.0,0.19587628865979378
Bottom,6,0.16666666666666666,0.8333333333333334,0.0,0.8333333333333334,0.16666666666666663,25,2,0.0,0.19587628865979378
panel,5,0.0,1.0,0.0,0.8333333333333334,0.16666666666666663,25,2,0.0,0.19587628865979378
:,1,0.0,0.0,0.0,0.8333333333333334,0.16666666666666663,25,2,0.0,0.19587628865979378
Comet,5,0.2,0.8,0.0,0.8333333333333334,0.16666666666666663,25,2,0.0,0.19587628865979378
spectrum,8,0.0,1.0,0.0,0.8333333333333334,0.16666666666666663,25,2,0.0,0.19587628865979378
after,5,0.0,1.0,0.0,0.8333333333333334,0.16666666666666663,25,2,0.0,0.19587628865979378
sky,3,0.0,1.0,0.0,0.8333333333333334,0.16666666666666663,25,2,0.0,0.19587628865979378
correction,10,0.0,1.0,0.0,0.8333333333333334,0.16666666666666663,25,2,0.0,0.19587628865979378
sky.,4,0.0,0.75,0.0,0.30701754385964913,0.6929824561403508,6,38,0.0,0.41237113402061853
with,4,0.0,1.0,0.0,0.30701754385964913,0.6929824561403508,6,38,0.0,0.41237113402061853
the,3,0.0,1.0,0.0,0.30701754385964913,0.6929824561403508,6,38,0.0,0.41237113402061853
detected,8,0.0,1.0,0.0,0.30701754385964913,0.6929824561403508,6,38,0.0,0.41237113402061853
emissions,9,0.0,1.0,0.0,0.30701754385964913,0.6929824561403508,6,38,0.0,0.41237113402061853
marked.,7,0.0,0.8571428571428571,0.0,0.30701754385964913,0.6929824561403508,6,38,0.0,0.41237113402061853
Langland-Shula,14,0.14285714285714285,0.7857142857142857,0.0,0.8421052631578947,0.1578947368421053,10,1,0.0,0.7061855670103092
L.,2,0.5,0.0,0.0,0.8421052631578947,0.1578947368421053,10,1,0.0,0.7061855670103092
"E.,",3,0.3333333333333333,0.0,0.0,0.8421052631578947,0.1578947368421053,10,1,0.0,0.7061855670103092
Smith,5,0.2,0.8,0.0,0.8421052631578947,0.1578947368421053,10,1,0.0,0.7061855670103092
G.,2,0.5,0.0,0.0,0.8421052631578947,0.1578947368421053,10,1,0.0,0.7061855670103092
"H.,",3,0.3333333333333333,0.0,0.0,0.8421052631578947,0.1578947368421053,10,1,0.0,0.7061855670103092
"2011,",5,0.0,0.0,0.8,0.8421052631578947,0.1578947368421053,10,1,0.0,0.7061855670103092
"Icarus,",7,0.14285714285714285,0.7142857142857143,0.0,0.8421052631578947,0.1578947368421053,10,1,0.0,0.7061855670103092
"213,",4,0.0,0.0,0.75,0.8421052631578947,0.1578947368421053,10,1,0.0,0.7061855670103092
280,3,0.0,0.0,1.0,0.8421052631578947,0.1578947368421053,10,1,0.0,0.7061855670103092
Licandro,8,0.125,0.875,0.0,0.8194444444444444,0.18055555555555558,14,1,0.0,0.6288659793814433
"J.,",3,0.3333333333333333,0.0,0.0,0.8194444444444444,0.18055555555555558,14,1,0.0,0.6288659793814433
Popescu,7,0.14285714285714285,0.8571428571428571,0.0,0.8194444444444444,0.18055555555555558,14,1,0.0,0.6288659793814433
"M.,",3,0.3333333333333333,0.0,0.0,0.8194444444444444,0.18055555555555558,14,1,0.0,0.6288659793814433
de,2,0.0,1.0,0.0,0.8194444444444444,0.18055555555555558,14,1,0.0,0.6288659793814433
León,4,0.25,0.75,0.0,0.8194444444444444,0.18055555555555558,14,1,0.0,0.6288659793814433
"J.,",3,0.3333333333333333,0.0,0.0,0.8194444444444444,0.18055555555555558,14,1,0.0,0.6288659793814433
Morate,6,0.16666666666666666,0.8333333333333334,0.0,0.8194444444444444,0.18055555555555558,14,1,0.0,0.6288659793814433
"D.,",3,0.3333333333333333,0.0,0.0,0.8194444444444444,0.18055555555555558,14,1,0.0,0.6288659793814433
Vaduvescu,9,0.1111111111111111,0.8888888888888888,0.0,0.8194444444444444,0.18055555555555558,14,1,0.0,0.6288659793814433
"O.,",3,0.3333333333333333,0.0,0.0,0.8194444444444444,0.18055555555555558,14,1,0.0,0.6288659793814433
De,2,0.5,0.5,0.0,0.8194444444444444,0.18055555555555558,14,1,0.0,0.6288659793814433
Prá,3,0.3333333333333333,0.6666666666666666,0.0,0.8194444444444444,0.18055555555555558,14,1,0.0,0.6288659793814433
"M.,",3,0.3333333333333333,0.0,0.0,0.8194444444444444,0.18055555555555558,14,1,0.0,0.6288659793814433
Ali-Laoga,9,0.2222222222222222,0.6666666666666666,0.0,0.7435897435897436,0.2564102564102564,6,1,0.02577319587628866,0.7989690721649485
"V.,",3,0.3333333333333333,0.0,0.0,0.7435897435897436,0.2564102564102564,6,1,0.02577319587628866,0.7989690721649485
"2018,",5,0.0,0.0,0.8,0.7435897435897436,0.2564102564102564,6,1,0.02577319587628866,0.7989690721649485
"A&A,",4,0.5,0.0,0.0,0.7435897435897436,0.2564102564102564,6,1,0.02577319587628866,0.7989690721649485
"618,",4,0.0,0.0,0.75,0.7435897435897436,0.2564102564102564,6,1,0.02577319587628866,0.7989690721649485
A170,4,0.25,0.0,0.75,0.7435897435897436,0.2564102564102564,6,1,0.02577319587628866,0.7989690721649485
Lin,3,0.3333333333333333,0.6666666666666666,0.0,0.8,0.19999999999999996,15,1,0.0,0.6391752577319587
H.,2,0.5,0.0,0.0,0.8,0.19999999999999996,15,1,0.0,0.6391752577319587
"W.,",3,0.3333333333333333,0.0,0.0,0.8,0.19999999999999996,15,1,0.0,0.6391752577319587
Lee,3,0.3333333333333333,0.6666666666666666,0.0,0.8,0.19999999999999996,15,1,0.0,0.6391752577319587
"C.-H.,",6,0.3333333333333333,0.0,0.0,0.8,0.19999999999999996,15,1,0.0,0.6391752577319587
Gerdes,6,0.16666666666666666,0.8333333333333334,0.0,0.8,0.19999999999999996,15,1,0.0,0.6391752577319587
D.,2,0.5,0.0,0.0,0.8,0.19999999999999996,15,1,0.0,0.6391752577319587
"W.,",3,0.3333333333333333,0.0,0.0,0.8,0.19999999999999996,15,1,0.0,0.6391752577319587
Adams,5,0.2,0.8,0.0,0.8,0.19999999999999996,15,1,0.0,0.6391752577319587
F.,2,0.5,0.0,0.0,0.8,0.19999999999999996,15,1,0.0,0.6391752577319587
"C.,",3,0.3333333333333333,0.0,0.0,0.8,0.19999999999999996,15,1,0.0,0.6391752577319587
Becker,6,0.16666666666666666,0.8333333333333334,0.0,0.8,0.19999999999999996,15,1,0.0,0.6391752577319587
"J.,",3,0.3333333333333333,0.0,0.0,0.8,0.19999999999999996,15,1,0.0,0.6391752577319587
Napier,6,0.16666666666666666,0.8333333333333334,0.0,0.8,0.19999999999999996,15,1,0.0,0.6391752577319587
"K.,",3,0.3333333333333333,0.0,0.0,0.8,0.19999999999999996,15,1,0.0,0.6391752577319587
Markwardt,9,0.1111111111111111,0.8888888888888888,0.0,0.7368421052631579,0.26315789473684215,6,1,0.02577319587628866,0.8041237113402062
"L.,",3,0.3333333333333333,0.0,0.0,0.7368421052631579,0.26315789473684215,6,1,0.02577319587628866,0.8041237113402062
"2020,",5,0.0,0.0,0.8,0.7368421052631579,0.26315789473684215,6,1,0.02577319587628866,0.8041237113402062
"ApJ,",4,0.5,0.25,0.0,0.7368421052631579,0.26315789473684215,6,1,0.02577319587628866,0.8041237113402062
"889,",4,0.0,0.0,0.75,0.7368421052631579,0.26315789473684215,6,1,0.02577319587628866,0.8041237113402062
L30,3,0.3333333333333333,0.0,0.6666666666666666,0.7368421052631579,0.26315789473684215,6,1,0.02577319587628866,0.8041237113402062
Meech,5,0.2,0.8,0.0,0.813953488372093,0.18604651162790697,9,1,0.0,0.7783505154639175
K.,2,0.5,0.0,0.0,0.813953488372093,0.18604651162790697,9,1,0.0,0.7783505154639175
"J.,",3,0.3333333333333333,0.0,0.0,0.813953488372093,0.18604651162790697,9,1,0.0,0.7783505154639175
et,2,0.0,1.0,0.0,0.813953488372093,0.18604651162790697,9,1,0.0,0.7783505154639175
"al.,",4,0.0,0.5,0.0,0.813953488372093,0.18604651162790697,9,1,0.0,0.7783505154639175
"2017,",5,0.0,0.0,0.8,0.813953488372093,0.18604651162790697,9,1,0.0,0.7783505154639175
"Nature,",7,0.14285714285714285,0.7142857142857143,0.0,0.813953488372093,0.18604651162790697,9,1,0.0,0.7783505154639175
"552,",4,0.0,0.0,0.75,0.813953488372093,0.18604651162790697,9,1,0.0,0.7783505154639175
378,3,0.0,0.0,1.0,0.813953488372093,0.18604651162790697,9,1,0.0,0.7783505154639175
Micheli,7,0.14285714285714285,0.8571428571428571,0.0,0.8333333333333334,0.16666666666666663,8,1,0.0,0.7835051546391752
"M.,",3,0.3333333333333333,0.0,0.0,0.8333333333333334,0.16666666666666663,8,1,0.0,0.7835051546391752
et,2,0.0,1.0,0.0,0.8333333333333334,0.16666666666666663,8,1,0.0,0.7835051546391752
"al.,",4,0.0,0.5,0.0,0.8333333333333334,0.16666666666666663,8,1,0.0,0.7835051546391752
"2018,",5,0.0,0.0,0.8,0.8333333333333334,0.16666666666666663,8,1,0.0,0.7835051546391752
"Nature,",7,0.14285714285714285,0.7142857142857143,0.0,0.8333333333333334,0.16666666666666663,8,1,0.0,0.7835051546391752
"559,",4,0.0,0.0,0.75,0.8333333333333334,0.16666666666666663,8,1,0.0,0.7835051546391752
223,3,0.0,0.0,1.0,0.8333333333333334,0.16666666666666663,8,1,0.0,0.7835051546391752
Opitom,6,0.16666666666666666,0.8333333333333334,0.0,0.8421052631578947,0.1578947368421053,13,1,0.0,0.6082474226804124
"C.,",3,0.3333333333333333,0.0,0.0,0.8421052631578947,0.1578947368421053,13,1,0.0,0.6082474226804124
Snodgrass,9,0.1111111111111111,0.8888888888888888,0.0,0.8421052631578947,0.1578947368421053,13,1,0.0,0.6082474226804124
"C.,",3,0.3333333333333333,0.0,0.0,0.8421052631578947,0.1578947368421053,13,1,0.0,0.6082474226804124
Fitzsimmons,11,0.09090909090909091,0.9090909090909091,0.0,0.8421052631578947,0.1578947368421053,13,1,0.0,0.6082474226804124
"A.,",3,0.3333333333333333,0.0,0.0,0.8421052631578947,0.1578947368421053,13,1,0.0,0.6082474226804124
Jehin,5,0.2,0.8,0.0,0.8421052631578947,0.1578947368421053,13,1,0.0,0.6082474226804124
"E.,",3,0.3333333333333333,0.0,0.0,0.8421052631578947,0.1578947368421053,13,1,0.0,0.6082474226804124
Manfroid,8,0.125,0.875,0.0,0.8421052631578947,0.1578947368421053,13,1,0.0,0.6082474226804124
"J.,",3,0.3333333333333333,0.0,0.0,0.8421052631578947,0.1578947368421053,13,1,0.0,0.6082474226804124
Tozzi,5,0.2,0.8,0.0,0.8421052631578947,0.1578947368421053,13,1,0.0,0.6082474226804124
G.,2,0.5,0.0,0.0,0.8421052631578947,0.1578947368421053,13,1,0.0,0.6082474226804124
"P.,",3,0.3333333333333333,0.0,0.0,0.8421052631578947,0.1578947368421053,13,1,0.0,0.6082474226804124
CN,2,1.0,0.0,0.0,0.02197802197802198,0.978021978021978,1,1,0.4587628865979381,0.5309278350515464
Faggi,5,0.2,0.8,0.0,0.75,0.25,8,1,0.02577319587628866,0.7525773195876289
"S.,",3,0.3333333333333333,0.0,0.0,0.75,0.25,8,1,0.02577319587628866,0.7525773195876289
Gillon,6,0.16666666666666666,0.8333333333333334,0.0,0.75,0.25,8,1,0.02577319587628866,0.7525773195876289
"M.,",3,0.3333333333333333,0.0,0.0,0.75,0.25,8,1,0.02577319587628866,0.7525773195876289
"2017,",5,0.0,0.0,0.8,0.75,0.25,8,1,0.02577319587628866,0.7525773195876289
"MNRAS,",6,0.8333333333333334,0.0,0.0,0.75,0.25,8,1,0.02577319587628866,0.7525773195876289
"469,",4,0.0,0.0,0.75,0.75,0.25,8,1,0.02577319587628866,0.7525773195876289
S222,4,0.25,0.0,0.75,0.75,0.25,8,1,0.02577319587628866,0.7525773195876289
Opitom,6,0.16666666666666666,0.8333333333333334,0.0,0.8108108108108109,0.18918918918918914,8,1,0.0,0.8092783505154639
"C.,",3,0.3333333333333333,0.0,0.0,0.8108108108108109,0.18918918918918914,8,1,0.0,0.8092783505154639
et,2,0.0,1.0,0.0,0.8108108108108109,0.18918918918918914,8,1,0.0,0.8092783505154639
"al.,",4,0.0,0.5,0.0,0.8108108108108109,0.18918918918918914,8,1,0.0,0.8092783505154639
"2019,",5,0.0,0.0,0.8,0.8108108108108109,0.18918918918918914,8,1,0.0,0.8092783505154639
"A&A,",4,0.5,0.0,0.0,0.8108108108108109,0.18918918918918914,8,1,0.0,0.8092783505154639
"631,",4,0.0,0.0,0.75,0.8108108108108109,0.18918918918918914,8,1,0.0,0.8092783505154639
L8,2,0.5,0.0,0.5,0.8108108108108109,0.18918918918918914,8,1,0.0,0.8092783505154639
Schleicher,10,0.1,0.9,0.0,0.29310344827586204,0.7068965517241379,9,38,0.0,0.4020618556701031
D.,2,0.5,0.0,0.0,0.29310344827586204,0.7068965517241379,9,38,0.0,0.4020618556701031
"G.,",3,0.3333333333333333,0.0,0.0,0.29310344827586204,0.7068965517241379,9,38,0.0,0.4020618556701031
"2010,",5,0.0,0.0,0.8,0.29310344827586204,0.7068965517241379,9,38,0.0,0.4020618556701031
"AJ,",3,0.6666666666666666,0.0,0.0,0.29310344827586204,0.7068965517241379,9,38,0.0,0.4020618556701031
"140,",4,0.0,0.0,0.75,0.29310344827586204,0.7068965517241379,9,38,0.0,0.4020618556701031
973,3,0.0,0.0,1.0,0.29310344827586204,0.7068965517241379,9,38,0.0,0.4020618556701031
C3,2,0.5,0.0,0.5,0.29310344827586204,0.7068965517241379,9,38,0.0,0.4020618556701031
C2,2,0.5,0.0,0.5,0.29310344827586204,0.7068965517241379,9,38,0.0,0.4020618556701031
Schleicher,10,0.1,0.9,0.0,0.8125,0.1875,10,1,0.0,0.7525773195876289
D.,2,0.5,0.0,0.0,0.8125,0.1875,10,1,0.0,0.7525773195876289
"G.,",3,0.3333333333333333,0.0,0.0,0.8125,0.1875,10,1,0.0,0.7525773195876289
Bair,4,0.25,0.75,0.0,0.8125,0.1875,10,1,0.0,0.7525773195876289
A.,2,0.5,0.0,0.0,0.8125,0.1875,10,1,0.0,0.7525773195876289
"N.,",3,0.3333333333333333,0.0,0.0,0.8125,0.1875,10,1,0.0,0.7525773195876289
"2011,",5,0.0,0.0,0.8,0.8125,0.1875,10,1,0.0,0.7525773195876289
"AJ,",3,0.6666666666666666,0.0,0.0,0.8125,0.1875,10,1,0.0,0.7525773195876289
"141,",4,0.0,0.0,0.75,0.8125,0.1875,10,1,0.0,0.7525773195876289
177,3,0.0,0.0,1.0,0.8125,0.1875,10,1,0.0,0.7525773195876289
Sen,3,0.3333333333333333,0.6666666666666666,0.0,0.7857142857142857,0.2142857142857143,10,1,0.0,0.7835051546391752
A.,2,0.5,0.0,0.0,0.7857142857142857,0.2142857142857143,10,1,0.0,0.7835051546391752
"K.,",3,0.3333333333333333,0.0,0.0,0.7857142857142857,0.2142857142857143,10,1,0.0,0.7835051546391752
Rana,4,0.25,0.75,0.0,0.7857142857142857,0.2142857142857143,10,1,0.0,0.7835051546391752
N.,2,0.5,0.0,0.0,0.7857142857142857,0.2142857142857143,10,1,0.0,0.7835051546391752
"C.,",3,0.3333333333333333,0.0,0.0,0.7857142857142857,0.2142857142857143,10,1,0.0,0.7835051546391752
"1993,",5,0.0,0.0,0.8,0.7857142857142857,0.2142857142857143,10,1,0.0,0.7835051546391752
"A&A,",4,0.5,0.0,0.0,0.7857142857142857,0.2142857142857143,10,1,0.0,0.7835051546391752
"275,",4,0.0,0.0,0.75,0.7857142857142857,0.2142857142857143,10,1,0.0,0.7835051546391752
298,3,0.0,0.0,1.0,0.7857142857142857,0.2142857142857143,10,1,0.0,0.7835051546391752
Stalin,6,0.16666666666666666,0.8333333333333334,0.0,0.8028169014084507,0.19718309859154926,15,1,0.0,0.634020618556701
C.,2,0.5,0.0,0.0,0.8028169014084507,0.19718309859154926,15,1,0.0,0.634020618556701
"S.,",3,0.3333333333333333,0.0,0.0,0.8028169014084507,0.19718309859154926,15,1,0.0,0.634020618556701
Hegde,5,0.2,0.8,0.0,0.8028169014084507,0.19718309859154926,15,1,0.0,0.634020618556701
"M.,",3,0.3333333333333333,0.0,0.0,0.8028169014084507,0.19718309859154926,15,1,0.0,0.634020618556701
Sahu,4,0.25,0.75,0.0,0.8028169014084507,0.19718309859154926,15,1,0.0,0.634020618556701
D.,2,0.5,0.0,0.0,0.8028169014084507,0.19718309859154926,15,1,0.0,0.634020618556701
"K.,",3,0.3333333333333333,0.0,0.0,0.8028169014084507,0.19718309859154926,15,1,0.0,0.634020618556701
Parihar,7,0.14285714285714285,0.8571428571428571,0.0,0.8028169014084507,0.19718309859154926,15,1,0.0,0.634020618556701
P.,2,0.5,0.0,0.0,0.8028169014084507,0.19718309859154926,15,1,0.0,0.634020618556701
"S.,",3,0.3333333333333333,0.0,0.0,0.8028169014084507,0.19718309859154926,15,1,0.0,0.634020618556701
Anupama,7,0.14285714285714285,0.8571428571428571,0.0,0.8028169014084507,0.19718309859154926,15,1,0.0,0.634020618556701
G.,2,0.5,0.0,0.0,0.8028169014084507,0.19718309859154926,15,1,0.0,0.634020618556701
"C.,",3,0.3333333333333333,0.0,0.0,0.8028169014084507,0.19718309859154926,15,1,0.0,0.634020618556701
Bhatt,5,0.2,0.8,0.0,0.8028169014084507,0.19718309859154926,15,1,0.0,0.634020618556701
B.,2,0.5,0.0,0.0,0.782051282051282,0.21794871794871795,13,1,0.02577319587628866,0.5979381443298969
"C.,",3,0.3333333333333333,0.0,0.0,0.782051282051282,0.21794871794871795,13,1,0.02577319587628866,0.5979381443298969
Prabhu,6,0.16666666666666666,0.8333333333333334,0.0,0.782051282051282,0.21794871794871795,13,1,0.02577319587628866,0.5979381443298969
T.,2,0.5,0.0,0.0,0.782051282051282,0.21794871794871795,13,1,0.02577319587628866,0.5979381443298969
"P.,",3,0.3333333333333333,0.0,0.0,0.782051282051282,0.21794871794871795,13,1,0.02577319587628866,0.5979381443298969
"2008,",5,0.0,0.0,0.8,0.782051282051282,0.21794871794871795,13,1,0.02577319587628866,0.5979381443298969
Bulletin,8,0.125,0.875,0.0,0.782051282051282,0.21794871794871795,13,1,0.02577319587628866,0.5979381443298969
of,2,0.0,1.0,0.0,0.782051282051282,0.21794871794871795,13,1,0.02577319587628866,0.5979381443298969
the,3,0.0,1.0,0.0,0.782051282051282,0.21794871794871795,13,1,0.02577319587628866,0.5979381443298969
Astronomical,12,0.08333333333333333,0.9166666666666666,0.0,0.782051282051282,0.21794871794871795,13,1,0.02577319587628866,0.5979381443298969
Society,7,0.14285714285714285,0.8571428571428571,0.0,0.782051282051282,0.21794871794871795,13,1,0.02577319587628866,0.5979381443298969
of,2,0.0,1.0,0.0,0.782051282051282,0.21794871794871795,13,1,0.02577319587628866,0.5979381443298969
"India,",6,0.16666666666666666,0.6666666666666666,0.0,0.782051282051282,0.21794871794871795,13,1,0.02577319587628866,0.5979381443298969
"36,",3,0.0,0.0,0.6666666666666666,0.44370860927152317,0.5562913907284768,14,34,0.02577319587628866,0.22164948453608246
111,3,0.0,0.0,1.0,0.44370860927152317,0.5562913907284768,14,34,0.02577319587628866,0.22164948453608246
Figure,6,0.16666666666666666,0.8333333333333334,0.0,0.44370860927152317,0.5562913907284768,14,34,0.02577319587628866,0.22164948453608246
B1.,3,0.3333333333333333,0.0,0.3333333333333333,0.44370860927152317,0.5562913907284768,14,34,0.02577319587628866,0.22164948453608246
Top,3,0.3333333333333333,0.6666666666666666,0.0,0.44370860927152317,0.5562913907284768,14,34,0.02577319587628866,0.22164948453608246
panel,5,0.0,1.0,0.0,0.44370860927152317,0.5562913907284768,14,34,0.02577319587628866,0.22164948453608246
:,1,0.0,0.0,0.0,0.44370860927152317,0.5562913907284768,14,34,0.02577319587628866,0.22164948453608246
Comet,5,0.2,0.8,0.0,0.44370860927152317,0.5562913907284768,14,34,0.02577319587628866,0.22164948453608246
spectrum,8,0.0,1.0,0.0,0.44370860927152317,0.5562913907284768,14,34,0.02577319587628866,0.22164948453608246
(blue,5,0.0,0.8,0.0,0.44370860927152317,0.5562913907284768,14,34,0.02577319587628866,0.22164948453608246
solid,5,0.0,1.0,0.0,0.44370860927152317,0.5562913907284768,14,34,0.02577319587628866,0.22164948453608246
line),5,0.0,0.8,0.0,0.44370860927152317,0.5562913907284768,14,34,0.02577319587628866,0.22164948453608246
overplotted,11,0.0,1.0,0.0,0.44370860927152317,0.5562913907284768,14,34,0.02577319587628866,0.22164948453608246
with,4,0.0,1.0,0.0,0.44370860927152317,0.5562913907284768,14,34,0.02577319587628866,0.22164948453608246
Willmer,7,0.14285714285714285,0.8571428571428571,0.0,0.6078431372549019,0.3921568627450981,20,22,0.0,0.21134020618556704
C.,2,0.5,0.0,0.0,0.6078431372549019,0.3921568627450981,20,22,0.0,0.21134020618556704
N.,2,0.5,0.0,0.0,0.6078431372549019,0.3921568627450981,20,22,0.0,0.21134020618556704
"A.,",3,0.3333333333333333,0.0,0.0,0.6078431372549019,0.3921568627450981,20,22,0.0,0.21134020618556704
"2018,",5,0.0,0.0,0.8,0.6078431372549019,0.3921568627450981,20,22,0.0,0.21134020618556704
"ApJS,",5,0.6,0.2,0.0,0.6078431372549019,0.3921568627450981,20,22,0.0,0.21134020618556704
"236,",4,0.0,0.0,0.75,0.6078431372549019,0.3921568627450981,20,22,0.0,0.21134020618556704
47,2,0.0,0.0,1.0,0.6078431372549019,0.3921568627450981,20,22,0.0,0.21134020618556704
a,1,0.0,1.0,0.0,0.6078431372549019,0.3921568627450981,20,22,0.0,0.21134020618556704
standard,8,0.0,1.0,0.0,0.6078431372549019,0.3921568627450981,20,22,0.0,0.21134020618556704
solar,5,0.0,1.0,0.0,0.6078431372549019,0.3921568627450981,20,22,0.0,0.21134020618556704
spectrum,8,0.0,1.0,0.0,0.6078431372549019,0.3921568627450981,20,22,0.0,0.21134020618556704
(red,4,0.0,0.75,0.0,0.6078431372549019,0.3921568627450981,20,22,0.0,0.21134020618556704
dashed,6,0.0,1.0,0.0,0.6078431372549019,0.3921568627450981,20,22,0.0,0.21134020618556704
line),5,0.0,0.8,0.0,0.6078431372549019,0.3921568627450981,20,22,0.0,0.21134020618556704
scaled,6,0.0,1.0,0.0,0.6078431372549019,0.3921568627450981,20,22,0.0,0.21134020618556704
to,2,0.0,1.0,0.0,0.6078431372549019,0.3921568627450981,20,22,0.0,0.21134020618556704
the,3,0.0,1.0,0.0,0.6078431372549019,0.3921568627450981,20,22,0.0,0.21134020618556704
continuum,9,0.0,1.0,0.0,0.6078431372549019,0.3921568627450981,20,22,0.0,0.21134020618556704
level.,6,0.0,0.8333333333333334,0.0,0.6078431372549019,0.3921568627450981,20,22,0.0,0.21134020618556704
Xing,4,0.25,0.75,0.0,0.7908496732026143,0.20915032679738566,24,6,0.0,0.21134020618556704
"Z.,",3,0.3333333333333333,0.0,0.0,0.7908496732026143,0.20915032679738566,24,6,0.0,0.21134020618556704
Bodewits,8,0.125,0.875,0.0,0.7908496732026143,0.20915032679738566,24,6,0.0,0.21134020618556704
"D.,",3,0.3333333333333333,0.0,0.0,0.7908496732026143,0.20915032679738566,24,6,0.0,0.21134020618556704
Noonan,6,0.16666666666666666,0.8333333333333334,0.0,0.7908496732026143,0.20915032679738566,24,6,0.0,0.21134020618556704
"J.,",3,0.3333333333333333,0.0,0.0,0.7908496732026143,0.20915032679738566,24,6,0.0,0.21134020618556704
Bannister,9,0.1111111111111111,0.8888888888888888,0.0,0.7908496732026143,0.20915032679738566,24,6,0.0,0.21134020618556704
M.,2,0.5,0.0,0.0,0.7908496732026143,0.20915032679738566,24,6,0.0,0.21134020618556704
"T.,",3,0.3333333333333333,0.0,0.0,0.7908496732026143,0.20915032679738566,24,6,0.0,0.21134020618556704
"2020,",5,0.0,0.0,0.8,0.7908496732026143,0.20915032679738566,24,6,0.0,0.21134020618556704
"ApJ,",4,0.5,0.25,0.0,0.7908496732026143,0.20915032679738566,24,6,0.0,0.21134020618556704
"893,",4,0.0,0.0,0.75,0.7908496732026143,0.20915032679738566,24,6,0.0,0.21134020618556704
L48,3,0.3333333333333333,0.0,0.6666666666666666,0.7908496732026143,0.20915032679738566,24,6,0.0,0.21134020618556704
Bottom,6,0.16666666666666666,0.8333333333333334,0.0,0.7908496732026143,0.20915032679738566,24,6,0.0,0.21134020618556704
panel,5,0.0,1.0,0.0,0.7908496732026143,0.20915032679738566,24,6,0.0,0.21134020618556704
:,1,0.0,0.0,0.0,0.7908496732026143,0.20915032679738566,24,6,0.0,0.21134020618556704
Comet,5,0.2,0.8,0.0,0.7908496732026143,0.20915032679738566,24,6,0.0,0.21134020618556704
spectrum,8,0.0,1.0,0.0,0.7908496732026143,0.20915032679738566,24,6,0.0,0.21134020618556704
after,5,0.0,1.0,0.0,0.7908496732026143,0.20915032679738566,24,6,0.0,0.21134020618556704
continuum,9,0.0,1.0,0.0,0.7908496732026143,0.20915032679738566,24,6,0.0,0.21134020618556704
correction,10,0.0,1.0,0.0,0.7908496732026143,0.20915032679738566,24,6,0.0,0.21134020618556704
with,4,0.0,1.0,0.0,0.7908496732026143,0.20915032679738566,24,6,0.0,0.21134020618556704
the,3,0.0,1.0,0.0,0.7908496732026143,0.20915032679738566,24,6,0.0,0.21134020618556704
detected,8,0.0,1.0,0.0,0.7908496732026143,0.20915032679738566,24,6,0.0,0.21134020618556704
Yamamoto,8,0.125,0.875,0.0,0.5520833333333334,0.44791666666666663,10,18,0.0,0.5051546391752577
"T.,",3,0.3333333333333333,0.0,0.0,0.5520833333333334,0.44791666666666663,10,18,0.0,0.5051546391752577
"1981,",5,0.0,0.0,0.8,0.5520833333333334,0.44791666666666663,10,18,0.0,0.5051546391752577
Moon,4,0.25,0.75,0.0,0.5520833333333334,0.44791666666666663,10,18,0.0,0.5051546391752577
and,3,0.0,1.0,0.0,0.5520833333333334,0.44791666666666663,10,18,0.0,0.5051546391752577
"Planets,",8,0.125,0.75,0.0,0.5520833333333334,0.44791666666666663,10,18,0.0,0.5051546391752577
"24,",3,0.0,0.0,0.6666666666666666,0.5520833333333334,0.44791666666666663,10,18,0.0,0.5051546391752577
453,3,0.0,0.0,1.0,0.5520833333333334,0.44791666666666663,10,18,0.0,0.5051546391752577
emissions,9,0.0,1.0,0.0,0.5520833333333334,0.44791666666666663,10,18,0.0,0.5051546391752577
marked.,7,0.0,0.8571428571428571,0.0,0.5520833333333334,0.44791666666666663,10,18,0.0,0.5051546391752577
Zubko,5,0.2,0.8,0.0,0.8378378378378378,0.16216216216216217,13,1,0.0,0.6185567010309279
"E.,",3,0.3333333333333333,0.0,0.0,0.8378378378378378,0.16216216216216217,13,1,0.0,0.6185567010309279
Videen,6,0.16666666666666666,0.8333333333333334,0.0,0.8378378378378378,0.16216216216216217,13,1,0.0,0.6185567010309279
"G.,",3,0.3333333333333333,0.0,0.0,0.8378378378378378,0.16216216216216217,13,1,0.0,0.6185567010309279
Shkuratov,9,0.1111111111111111,0.8888888888888888,0.0,0.8378378378378378,0.16216216216216217,13,1,0.0,0.6185567010309279
"Y.,",3,0.3333333333333333,0.0,0.0,0.8378378378378378,0.16216216216216217,13,1,0.0,0.6185567010309279
Hines,5,0.2,0.8,0.0,0.8378378378378378,0.16216216216216217,13,1,0.0,0.6185567010309279
D.,2,0.5,0.0,0.0,0.8378378378378378,0.16216216216216217,13,1,0.0,0.6185567010309279
"C.,",3,0.3333333333333333,0.0,0.0,0.8378378378378378,0.16216216216216217,13,1,0.0,0.6185567010309279
"2017,",5,0.0,0.0,0.8,0.8378378378378378,0.16216216216216217,13,1,0.0,0.6185567010309279
J.,2,0.5,0.0,0.0,0.8378378378378378,0.16216216216216217,13,1,0.0,0.6185567010309279
Quant.,6,0.16666666666666666,0.6666666666666666,0.0,0.8378378378378378,0.16216216216216217,13,1,0.0,0.6185567010309279
Spectrosc.,10,0.1,0.8,0.0,0.8378378378378378,0.16216216216216217,13,1,0.0,0.6185567010309279
Radiative,9,0.1111111111111111,0.8888888888888888,0.0,0.7575757575757576,0.24242424242424243,4,1,0.02577319587628866,0.8298969072164948
"Transfer,",9,0.1111111111111111,0.7777777777777778,0.0,0.7575757575757576,0.24242424242424243,4,1,0.02577319587628866,0.8298969072164948
"202,",4,0.0,0.0,0.75,0.7575757575757576,0.24242424242424243,4,1,0.02577319587628866,0.8298969072164948
104,3,0.0,0.0,1.0,0.7575757575757576,0.24242424242424243,4,1,0.02577319587628866,0.8298969072164948
tion,4,0.0,1.0,0.0,0.38095238095238093,0.6190476190476191,13,1,0.4072164948453608,0.24226804123711343
from,4,0.0,1.0,0.0,0.38095238095238093,0.6190476190476191,13,1,0.4072164948453608,0.24226804123711343
the,3,0.0,1.0,0.0,0.38095238095238093,0.6190476190476191,13,1,0.4072164948453608,0.24226804123711343
continuum.,10,0.0,0.9,0.0,0.38095238095238093,0.6190476190476191,13,1,0.4072164948453608,0.24226804123711343
For,3,0.3333333333333333,0.6666666666666666,0.0,0.38095238095238093,0.6190476190476191,13,1,0.4072164948453608,0.24226804123711343
"this,",5,0.0,0.8,0.0,0.38095238095238093,0.6190476190476191,13,1,0.4072164948453608,0.24226804123711343
either,6,0.0,1.0,0.0,0.38095238095238093,0.6190476190476191,13,1,0.4072164948453608,0.24226804123711343
a,1,0.0,1.0,0.0,0.38095238095238093,0.6190476190476191,13,1,0.4072164948453608,0.24226804123711343
solar,5,0.0,1.0,0.0,0.38095238095238093,0.6190476190476191,13,1,0.4072164948453608,0.24226804123711343
analog,6,0.0,1.0,0.0,0.38095238095238093,0.6190476190476191,13,1,0.4072164948453608,0.24226804123711343
star,4,0.0,1.0,0.0,0.38095238095238093,0.6190476190476191,13,1,0.4072164948453608,0.24226804123711343
is,2,0.0,1.0,0.0,0.38095238095238093,0.6190476190476191,13,1,0.4072164948453608,0.24226804123711343
ob-,3,0.0,0.6666666666666666,0.0,0.38095238095238093,0.6190476190476191,13,1,0.4072164948453608,0.24226804123711343
de,2,0.0,1.0,0.0,0.8533333333333334,0.1466666666666666,12,1,0.0,0.6134020618556701
León,4,0.25,0.75,0.0,0.8533333333333334,0.1466666666666666,12,1,0.0,0.6134020618556701
"J.,",3,0.3333333333333333,0.0,0.0,0.8533333333333334,0.1466666666666666,12,1,0.0,0.6134020618556701
Licandro,8,0.125,0.875,0.0,0.8533333333333334,0.1466666666666666,12,1,0.0,0.6134020618556701
"J.,",3,0.3333333333333333,0.0,0.0,0.8533333333333334,0.1466666666666666,12,1,0.0,0.6134020618556701
Serra-Ricart,12,0.16666666666666666,0.75,0.0,0.8533333333333334,0.1466666666666666,12,1,0.0,0.6134020618556701
"M.,",3,0.3333333333333333,0.0,0.0,0.8533333333333334,0.1466666666666666,12,1,0.0,0.6134020618556701
Cabrera-Lavers,14,0.14285714285714285,0.7857142857142857,0.0,0.8533333333333334,0.1466666666666666,12,1,0.0,0.6134020618556701
"A.,",3,0.3333333333333333,0.0,0.0,0.8533333333333334,0.1466666666666666,12,1,0.0,0.6134020618556701
Font,4,0.25,0.75,0.0,0.8533333333333334,0.1466666666666666,12,1,0.0,0.6134020618556701
Serra,5,0.2,0.8,0.0,0.8533333333333334,0.1466666666666666,12,1,0.0,0.6134020618556701
"J.,",3,0.3333333333333333,0.0,0.0,0.8533333333333334,0.1466666666666666,12,1,0.0,0.6134020618556701
Scarpa,6,0.16666666666666666,0.8333333333333334,0.0,0.7534246575342466,0.2465753424657534,14,1,0.02577319587628866,0.6237113402061856
"R.,",3,0.3333333333333333,0.0,0.0,0.7534246575342466,0.2465753424657534,14,1,0.02577319587628866,0.6237113402061856
de,2,0.0,1.0,0.0,0.7534246575342466,0.2465753424657534,14,1,0.02577319587628866,0.6237113402061856
la,2,0.0,1.0,0.0,0.7534246575342466,0.2465753424657534,14,1,0.02577319587628866,0.6237113402061856
Fuente,6,0.16666666666666666,0.8333333333333334,0.0,0.7534246575342466,0.2465753424657534,14,1,0.02577319587628866,0.6237113402061856
Marcos,6,0.16666666666666666,0.8333333333333334,0.0,0.7534246575342466,0.2465753424657534,14,1,0.02577319587628866,0.6237113402061856
"C.,",3,0.3333333333333333,0.0,0.0,0.7534246575342466,0.2465753424657534,14,1,0.02577319587628866,0.6237113402061856
de,2,0.0,1.0,0.0,0.7534246575342466,0.2465753424657534,14,1,0.02577319587628866,0.6237113402061856
la,2,0.0,1.0,0.0,0.7534246575342466,0.2465753424657534,14,1,0.02577319587628866,0.6237113402061856
Fuente,6,0.16666666666666666,0.8333333333333334,0.0,0.7534246575342466,0.2465753424657534,14,1,0.02577319587628866,0.6237113402061856
Marcos,6,0.16666666666666666,0.8333333333333334,0.0,0.7534246575342466,0.2465753424657534,14,1,0.02577319587628866,0.6237113402061856
"R.,",3,0.3333333333333333,0.0,0.0,0.7534246575342466,0.2465753424657534,14,1,0.02577319587628866,0.6237113402061856
"2019,",5,0.0,0.0,0.8,0.7534246575342466,0.2465753424657534,14,1,0.02577319587628866,0.6237113402061856
Re-,3,0.3333333333333333,0.3333333333333333,0.0,0.7534246575342466,0.2465753424657534,14,1,0.02577319587628866,0.6237113402061856
served,6,0.0,1.0,0.0,0.38620689655172413,0.6137931034482759,11,1,0.4072164948453608,0.25257731958762886
along,5,0.0,1.0,0.0,0.38620689655172413,0.6137931034482759,11,1,0.4072164948453608,0.25257731958762886
with,4,0.0,1.0,0.0,0.38620689655172413,0.6137931034482759,11,1,0.4072164948453608,0.25257731958762886
the,3,0.0,1.0,0.0,0.38620689655172413,0.6137931034482759,11,1,0.4072164948453608,0.25257731958762886
comet,5,0.0,1.0,0.0,0.38620689655172413,0.6137931034482759,11,1,0.4072164948453608,0.25257731958762886
observations,12,0.0,1.0,0.0,0.38620689655172413,0.6137931034482759,11,1,0.4072164948453608,0.25257731958762886
or,2,0.0,1.0,0.0,0.38620689655172413,0.6137931034482759,11,1,0.4072164948453608,0.25257731958762886
a,1,0.0,1.0,0.0,0.38620689655172413,0.6137931034482759,11,1,0.4072164948453608,0.25257731958762886
standard,8,0.0,1.0,0.0,0.38620689655172413,0.6137931034482759,11,1,0.4072164948453608,0.25257731958762886
solar,5,0.0,1.0,0.0,0.38620689655172413,0.6137931034482759,11,1,0.4072164948453608,0.25257731958762886
spec-,5,0.0,0.8,0.0,0.38620689655172413,0.6137931034482759,11,1,0.4072164948453608,0.25257731958762886
search,6,0.0,1.0,0.0,0.7114093959731543,0.28859060402684567,23,9,0.02577319587628866,0.2319587628865979
Notes,5,0.2,0.8,0.0,0.7114093959731543,0.28859060402684567,23,9,0.02577319587628866,0.2319587628865979
of,2,0.0,1.0,0.0,0.7114093959731543,0.28859060402684567,23,9,0.02577319587628866,0.2319587628865979
the,3,0.0,1.0,0.0,0.7114093959731543,0.28859060402684567,23,9,0.02577319587628866,0.2319587628865979
American,8,0.125,0.875,0.0,0.7114093959731543,0.28859060402684567,23,9,0.02577319587628866,0.2319587628865979
Astronomical,12,0.08333333333333333,0.9166666666666666,0.0,0.7114093959731543,0.28859060402684567,23,9,0.02577319587628866,0.2319587628865979
"Society,",8,0.125,0.75,0.0,0.7114093959731543,0.28859060402684567,23,9,0.02577319587628866,0.2319587628865979
"3,",2,0.0,0.0,0.5,0.7114093959731543,0.28859060402684567,23,9,0.02577319587628866,0.2319587628865979
131,3,0.0,0.0,1.0,0.7114093959731543,0.28859060402684567,23,9,0.02577319587628866,0.2319587628865979
trum,4,0.0,1.0,0.0,0.7114093959731543,0.28859060402684567,23,9,0.02577319587628866,0.2319587628865979
is,2,0.0,1.0,0.0,0.7114093959731543,0.28859060402684567,23,9,0.02577319587628866,0.2319587628865979
used.,5,0.0,0.8,0.0,0.7114093959731543,0.28859060402684567,23,9,0.02577319587628866,0.2319587628865979
In,2,0.5,0.5,0.0,0.7114093959731543,0.28859060402684567,23,9,0.02577319587628866,0.2319587628865979
the,3,0.0,1.0,0.0,0.7114093959731543,0.28859060402684567,23,9,0.02577319587628866,0.2319587628865979
present,7,0.0,1.0,0.0,0.7114093959731543,0.28859060402684567,23,9,0.02577319587628866,0.2319587628865979
"case,",5,0.0,0.8,0.0,0.7114093959731543,0.28859060402684567,23,9,0.02577319587628866,0.2319587628865979
we,2,0.0,1.0,0.0,0.7114093959731543,0.28859060402684567,23,9,0.02577319587628866,0.2319587628865979
have,4,0.0,1.0,0.0,0.7114093959731543,0.28859060402684567,23,9,0.02577319587628866,0.2319587628865979
used,4,0.0,1.0,0.0,0.7114093959731543,0.28859060402684567,23,9,0.02577319587628866,0.2319587628865979
a,1,0.0,1.0,0.0,0.7114093959731543,0.28859060402684567,23,9,0.02577319587628866,0.2319587628865979
standard,8,0.0,1.0,0.0,0.7114093959731543,0.28859060402684567,23,9,0.02577319587628866,0.2319587628865979
solar,5,0.0,1.0,0.0,0.7114093959731543,0.28859060402684567,23,9,0.02577319587628866,0.2319587628865979
spec-,5,0.0,0.8,0.0,0.7114093959731543,0.28859060402684567,23,9,0.02577319587628866,0.2319587628865979
de,2,0.0,1.0,0.0,0.6275862068965518,0.37241379310344824,19,19,0.0,0.25257731958762886
León,4,0.25,0.75,0.0,0.6275862068965518,0.37241379310344824,19,19,0.0,0.25257731958762886
"J.,",3,0.3333333333333333,0.0,0.0,0.6275862068965518,0.37241379310344824,19,19,0.0,0.25257731958762886
et,2,0.0,1.0,0.0,0.6275862068965518,0.37241379310344824,19,19,0.0,0.25257731958762886
"al.,",4,0.0,0.5,0.0,0.6275862068965518,0.37241379310344824,19,19,0.0,0.25257731958762886
"2020,",5,0.0,0.0,0.8,0.6275862068965518,0.37241379310344824,19,19,0.0,0.25257731958762886
"MNRAS,",6,0.8333333333333334,0.0,0.0,0.6275862068965518,0.37241379310344824,19,19,0.0,0.25257731958762886
"495,",4,0.0,0.0,0.75,0.6275862068965518,0.37241379310344824,19,19,0.0,0.25257731958762886
2053,4,0.0,0.0,1.0,0.6275862068965518,0.37241379310344824,19,19,0.0,0.25257731958762886
"trum,",5,0.0,0.8,0.0,0.6275862068965518,0.37241379310344824,19,19,0.0,0.25257731958762886
"scaled,",7,0.0,0.8571428571428571,0.0,0.6275862068965518,0.37241379310344824,19,19,0.0,0.25257731958762886
re-sampled,10,0.0,0.9,0.0,0.6275862068965518,0.37241379310344824,19,19,0.0,0.25257731958762886
to,2,0.0,1.0,0.0,0.6275862068965518,0.37241379310344824,19,19,0.0,0.25257731958762886
match,5,0.0,1.0,0.0,0.6275862068965518,0.37241379310344824,19,19,0.0,0.25257731958762886
the,3,0.0,1.0,0.0,0.6275862068965518,0.37241379310344824,19,19,0.0,0.25257731958762886
resolution,10,0.0,1.0,0.0,0.6275862068965518,0.37241379310344824,19,19,0.0,0.25257731958762886
of,2,0.0,1.0,0.0,0.6275862068965518,0.37241379310344824,19,19,0.0,0.25257731958762886
the,3,0.0,1.0,0.0,0.6275862068965518,0.37241379310344824,19,19,0.0,0.25257731958762886
instrument,10,0.0,1.0,0.0,0.6275862068965518,0.37241379310344824,19,19,0.0,0.25257731958762886
van,3,0.0,1.0,0.0,0.6013513513513513,0.3986486486486487,21,21,0.0,0.23711340206185572
Dokkum,6,0.16666666666666666,0.8333333333333334,0.0,0.6013513513513513,0.3986486486486487,21,21,0.0,0.23711340206185572
P.,2,0.5,0.0,0.0,0.6013513513513513,0.3986486486486487,21,21,0.0,0.23711340206185572
"G.,",3,0.3333333333333333,0.0,0.0,0.6013513513513513,0.3986486486486487,21,21,0.0,0.23711340206185572
"2001,",5,0.0,0.0,0.8,0.6013513513513513,0.3986486486486487,21,21,0.0,0.23711340206185572
"PASP,",5,0.8,0.0,0.0,0.6013513513513513,0.3986486486486487,21,21,0.0,0.23711340206185572
"113,",4,0.0,0.0,0.75,0.6013513513513513,0.3986486486486487,21,21,0.0,0.23711340206185572
1420,4,0.0,0.0,1.0,0.6013513513513513,0.3986486486486487,21,21,0.0,0.23711340206185572
and,3,0.0,1.0,0.0,0.6013513513513513,0.3986486486486487,21,21,0.0,0.23711340206185572
corrected,9,0.0,1.0,0.0,0.6013513513513513,0.3986486486486487,21,21,0.0,0.23711340206185572
for,3,0.0,1.0,0.0,0.6013513513513513,0.3986486486486487,21,21,0.0,0.23711340206185572
slope,5,0.0,1.0,0.0,0.6013513513513513,0.3986486486486487,21,21,0.0,0.23711340206185572
to,2,0.0,1.0,0.0,0.6013513513513513,0.3986486486486487,21,21,0.0,0.23711340206185572
take,4,0.0,1.0,0.0,0.6013513513513513,0.3986486486486487,21,21,0.0,0.23711340206185572
into,4,0.0,1.0,0.0,0.6013513513513513,0.3986486486486487,21,21,0.0,0.23711340206185572
account,7,0.0,1.0,0.0,0.6013513513513513,0.3986486486486487,21,21,0.0,0.23711340206185572
the,3,0.0,1.0,0.0,0.6013513513513513,0.3986486486486487,21,21,0.0,0.23711340206185572
redder,6,0.0,1.0,0.0,0.6013513513513513,0.3986486486486487,21,21,0.0,0.23711340206185572
nature,6,0.0,1.0,0.0,0.6013513513513513,0.3986486486486487,21,21,0.0,0.23711340206185572
of,2,0.0,1.0,0.0,0.6013513513513513,0.3986486486486487,21,21,0.0,0.23711340206185572
the,3,0.0,1.0,0.0,0.6013513513513513,0.3986486486486487,21,21,0.0,0.23711340206185572
comet,5,0.0,1.0,0.0,0.2169811320754717,0.7830188679245282,5,1,0.4072164948453608,0.45360824742268047
dust,4,0.0,1.0,0.0,0.2169811320754717,0.7830188679245282,5,1,0.4072164948453608,0.45360824742268047
(see,4,0.0,0.75,0.0,0.2169811320754717,0.7830188679245282,5,1,0.4072164948453608,0.45360824742268047
Figure,6,0.16666666666666666,0.8333333333333334,0.0,0.2169811320754717,0.7830188679245282,5,1,0.4072164948453608,0.45360824742268047
B1).,4,0.25,0.0,0.25,0.2169811320754717,0.7830188679245282,5,1,0.4072164948453608,0.45360824742268047
APPENDIX,8,1.0,0.0,0.0,0.8888888888888888,0.11111111111111116,4,1,0.0,0.8608247422680413
A:,2,0.5,0.0,0.0,0.8888888888888888,0.11111111111111116,4,1,0.0,0.8608247422680413
SKY,3,1.0,0.0,0.0,0.8888888888888888,0.11111111111111116,4,1,0.0,0.8608247422680413
SUBTRACTION,11,1.0,0.0,0.0,0.8888888888888888,0.11111111111111116,4,1,0.0,0.8608247422680413
APPENDIX,8,1.0,0.0,0.0,0.20388349514563106,0.7961165048543689,4,1,0.4072164948453608,0.4690721649484536
C:,2,0.5,0.0,0.0,0.20388349514563106,0.7961165048543689,4,1,0.4072164948453608,0.4690721649484536
HASER,5,1.0,0.0,0.0,0.20388349514563106,0.7961165048543689,4,1,0.4072164948453608,0.4690721649484536
FACTOR,6,1.0,0.0,0.0,0.20388349514563106,0.7961165048543689,4,1,0.4072164948453608,0.4690721649484536
During,6,0.16666666666666666,0.8333333333333334,0.0,0.835820895522388,0.16417910447761197,12,1,0.0,0.654639175257732
the,3,0.0,1.0,0.0,0.835820895522388,0.16417910447761197,12,1,0.0,0.654639175257732
observations,12,0.0,1.0,0.0,0.835820895522388,0.16417910447761197,12,1,0.0,0.654639175257732
for,3,0.0,1.0,0.0,0.835820895522388,0.16417910447761197,12,1,0.0,0.654639175257732
this,4,0.0,1.0,0.0,0.835820895522388,0.16417910447761197,12,1,0.0,0.654639175257732
"work,",5,0.0,0.8,0.0,0.835820895522388,0.16417910447761197,12,1,0.0,0.654639175257732
a,1,0.0,1.0,0.0,0.835820895522388,0.16417910447761197,12,1,0.0,0.654639175257732
separate,8,0.0,1.0,0.0,0.835820895522388,0.16417910447761197,12,1,0.0,0.654639175257732
sky,3,0.0,1.0,0.0,0.835820895522388,0.16417910447761197,12,1,0.0,0.654639175257732
frame,5,0.0,1.0,0.0,0.835820895522388,0.16417910447761197,12,1,0.0,0.654639175257732
was,3,0.0,1.0,0.0,0.835820895522388,0.16417910447761197,12,1,0.0,0.654639175257732
not,3,0.0,1.0,0.0,0.835820895522388,0.16417910447761197,12,1,0.0,0.654639175257732
obtained,8,0.0,1.0,0.0,0.7916666666666666,0.20833333333333337,21,6,0.0,0.25773195876288657
due,3,0.0,1.0,0.0,0.7916666666666666,0.20833333333333337,21,6,0.0,0.25773195876288657
to,2,0.0,1.0,0.0,0.7916666666666666,0.20833333333333337,21,6,0.0,0.25773195876288657
time,4,0.0,1.0,0.0,0.7916666666666666,0.20833333333333337,21,6,0.0,0.25773195876288657
constraints.,12,0.0,0.9166666666666666,0.0,0.7916666666666666,0.20833333333333337,21,6,0.0,0.25773195876288657
On,2,0.5,0.5,0.0,0.7916666666666666,0.20833333333333337,21,6,0.0,0.25773195876288657
analysing,9,0.0,1.0,0.0,0.7916666666666666,0.20833333333333337,21,6,0.0,0.25773195876288657
the,3,0.0,1.0,0.0,0.7916666666666666,0.20833333333333337,21,6,0.0,0.25773195876288657
profile,7,0.0,1.0,0.0,0.7916666666666666,0.20833333333333337,21,6,0.0,0.25773195876288657
along,5,0.0,1.0,0.0,0.7916666666666666,0.20833333333333337,21,6,0.0,0.25773195876288657
the,3,0.0,1.0,0.0,0.7916666666666666,0.20833333333333337,21,6,0.0,0.25773195876288657
During,6,0.16666666666666666,0.8333333333333334,0.0,0.7916666666666666,0.20833333333333337,21,6,0.0,0.25773195876288657
long,4,0.0,1.0,0.0,0.7916666666666666,0.20833333333333337,21,6,0.0,0.25773195876288657
slit,4,0.0,1.0,0.0,0.7916666666666666,0.20833333333333337,21,6,0.0,0.25773195876288657
spectroscopic,13,0.0,1.0,0.0,0.7916666666666666,0.20833333333333337,21,6,0.0,0.25773195876288657
observations,12,0.0,1.0,0.0,0.7916666666666666,0.20833333333333337,21,6,0.0,0.25773195876288657
of,2,0.0,1.0,0.0,0.7916666666666666,0.20833333333333337,21,6,0.0,0.25773195876288657
comets,6,0.0,1.0,0.0,0.7916666666666666,0.20833333333333337,21,6,0.0,0.25773195876288657
only,4,0.0,1.0,0.0,0.7916666666666666,0.20833333333333337,21,6,0.0,0.25773195876288657
a,1,0.0,1.0,0.0,0.7916666666666666,0.20833333333333337,21,6,0.0,0.25773195876288657
part,4,0.0,1.0,0.0,0.7916666666666666,0.20833333333333337,21,6,0.0,0.25773195876288657
"slit,",5,0.0,0.8,0.0,0.7762237762237763,0.22377622377622375,25,5,0.0,0.2628865979381443
in,2,0.0,1.0,0.0,0.7762237762237763,0.22377622377622375,25,5,0.0,0.2628865979381443
the,3,0.0,1.0,0.0,0.7762237762237763,0.22377622377622375,25,5,0.0,0.2628865979381443
spatial,7,0.0,1.0,0.0,0.7762237762237763,0.22377622377622375,25,5,0.0,0.2628865979381443
"axis,",5,0.0,0.8,0.0,0.7762237762237763,0.22377622377622375,25,5,0.0,0.2628865979381443
it,2,0.0,1.0,0.0,0.7762237762237763,0.22377622377622375,25,5,0.0,0.2628865979381443
appears,7,0.0,1.0,0.0,0.7762237762237763,0.22377622377622375,25,5,0.0,0.2628865979381443
that,4,0.0,1.0,0.0,0.7762237762237763,0.22377622377622375,25,5,0.0,0.2628865979381443
2I/Borisov,10,0.2,0.6,0.1,0.7762237762237763,0.22377622377622375,25,5,0.0,0.2628865979381443
has,3,0.0,1.0,0.0,0.7762237762237763,0.22377622377622375,25,5,0.0,0.2628865979381443
an,2,0.0,1.0,0.0,0.7762237762237763,0.22377622377622375,25,5,0.0,0.2628865979381443
extent,6,0.0,1.0,0.0,0.7762237762237763,0.22377622377622375,25,5,0.0,0.2628865979381443
of,2,0.0,1.0,0.0,0.7762237762237763,0.22377622377622375,25,5,0.0,0.2628865979381443
of,2,0.0,1.0,0.0,0.7762237762237763,0.22377622377622375,25,5,0.0,0.2628865979381443
the,3,0.0,1.0,0.0,0.7762237762237763,0.22377622377622375,25,5,0.0,0.2628865979381443
total,5,0.0,1.0,0.0,0.7762237762237763,0.22377622377622375,25,5,0.0,0.2628865979381443
coma,4,0.0,1.0,0.0,0.7762237762237763,0.22377622377622375,25,5,0.0,0.2628865979381443
is,2,0.0,1.0,0.0,0.7762237762237763,0.22377622377622375,25,5,0.0,0.2628865979381443
being,5,0.0,1.0,0.0,0.7762237762237763,0.22377622377622375,25,5,0.0,0.2628865979381443
observed.,9,0.0,0.8888888888888888,0.0,0.7762237762237763,0.22377622377622375,25,5,0.0,0.2628865979381443
"Hence,",6,0.16666666666666666,0.6666666666666666,0.0,0.7762237762237763,0.22377622377622375,25,5,0.0,0.2628865979381443
the,3,0.0,1.0,0.0,0.7762237762237763,0.22377622377622375,25,5,0.0,0.2628865979381443
observed,8,0.0,1.0,0.0,0.7762237762237763,0.22377622377622375,25,5,0.0,0.2628865979381443
flux,4,0.0,1.0,0.0,0.7762237762237763,0.22377622377622375,25,5,0.0,0.2628865979381443
of,2,0.0,1.0,0.0,0.7762237762237763,0.22377622377622375,25,5,0.0,0.2628865979381443
about,5,0.0,1.0,0.0,0.7837837837837838,0.21621621621621623,25,5,0.0,0.23711340206185572
2000,4,0.0,0.0,1.0,0.7837837837837838,0.21621621621621623,25,5,0.0,0.23711340206185572
.,1,0.0,0.0,0.0,0.7837837837837838,0.21621621621621623,25,5,0.0,0.23711340206185572
Taking,6,0.16666666666666666,0.8333333333333334,0.0,0.7837837837837838,0.21621621621621623,25,5,0.0,0.23711340206185572
this,4,0.0,1.0,0.0,0.7837837837837838,0.21621621621621623,25,5,0.0,0.23711340206185572
into,4,0.0,1.0,0.0,0.7837837837837838,0.21621621621621623,25,5,0.0,0.23711340206185572
"account,",8,0.0,0.875,0.0,0.7837837837837838,0.21621621621621623,25,5,0.0,0.23711340206185572
we,2,0.0,1.0,0.0,0.7837837837837838,0.21621621621621623,25,5,0.0,0.23711340206185572
used,4,0.0,1.0,0.0,0.7837837837837838,0.21621621621621623,25,5,0.0,0.23711340206185572
an,2,0.0,1.0,0.0,0.7837837837837838,0.21621621621621623,25,5,0.0,0.23711340206185572
equal,5,0.0,1.0,0.0,0.7837837837837838,0.21621621621621623,25,5,0.0,0.23711340206185572
sized,5,0.0,1.0,0.0,0.7837837837837838,0.21621621621621623,25,5,0.0,0.23711340206185572
aperture,8,0.0,1.0,0.0,0.7837837837837838,0.21621621621621623,25,5,0.0,0.23711340206185572
each,4,0.0,1.0,0.0,0.7837837837837838,0.21621621621621623,25,5,0.0,0.23711340206185572
molecular,9,0.0,1.0,0.0,0.7837837837837838,0.21621621621621623,25,5,0.0,0.23711340206185572
species,7,0.0,1.0,0.0,0.7837837837837838,0.21621621621621623,25,5,0.0,0.23711340206185572
is,2,0.0,1.0,0.0,0.7837837837837838,0.21621621621621623,25,5,0.0,0.23711340206185572
to,2,0.0,1.0,0.0,0.7837837837837838,0.21621621621621623,25,5,0.0,0.23711340206185572
be,2,0.0,1.0,0.0,0.7837837837837838,0.21621621621621623,25,5,0.0,0.23711340206185572
extrapolated,12,0.0,1.0,0.0,0.7837837837837838,0.21621621621621623,25,5,0.0,0.23711340206185572
to,2,0.0,1.0,0.0,0.7837837837837838,0.21621621621621623,25,5,0.0,0.23711340206185572
obtain,6,0.0,1.0,0.0,0.7837837837837838,0.21621621621621623,25,5,0.0,0.23711340206185572
the,3,0.0,1.0,0.0,0.7837837837837838,0.21621621621621623,25,5,0.0,0.23711340206185572
total,5,0.0,1.0,0.0,0.7837837837837838,0.21621621621621623,25,5,0.0,0.23711340206185572
flux,4,0.0,1.0,0.0,0.7837837837837838,0.21621621621621623,25,5,0.0,0.23711340206185572
for,3,0.0,1.0,0.0,0.7323943661971831,0.2676056338028169,26,8,0.0,0.2680412371134021
the,3,0.0,1.0,0.0,0.7323943661971831,0.2676056338028169,26,8,0.0,0.2680412371134021
comet,5,0.0,1.0,0.0,0.7323943661971831,0.2676056338028169,26,8,0.0,0.2680412371134021
and,3,0.0,1.0,0.0,0.7323943661971831,0.2676056338028169,26,8,0.0,0.2680412371134021
the,3,0.0,1.0,0.0,0.7323943661971831,0.2676056338028169,26,8,0.0,0.2680412371134021
sky,3,0.0,1.0,0.0,0.7323943661971831,0.2676056338028169,26,8,0.0,0.2680412371134021
about,5,0.0,1.0,0.0,0.7323943661971831,0.2676056338028169,26,8,0.0,0.2680412371134021
6000,4,0.0,0.0,1.0,0.7323943661971831,0.2676056338028169,26,8,0.0,0.2680412371134021
apart.,6,0.0,0.8333333333333334,0.0,0.7323943661971831,0.2676056338028169,26,8,0.0,0.2680412371134021
Figure,6,0.16666666666666666,0.8333333333333334,0.0,0.7323943661971831,0.2676056338028169,26,8,0.0,0.2680412371134021
A1,2,0.5,0.0,0.5,0.7323943661971831,0.2676056338028169,26,8,0.0,0.2680412371134021
depicts,7,0.0,1.0,0.0,0.7323943661971831,0.2676056338028169,26,8,0.0,0.2680412371134021
the,3,0.0,1.0,0.0,0.7323943661971831,0.2676056338028169,26,8,0.0,0.2680412371134021
of,2,0.0,1.0,0.0,0.7323943661971831,0.2676056338028169,26,8,0.0,0.2680412371134021
the,3,0.0,1.0,0.0,0.7323943661971831,0.2676056338028169,26,8,0.0,0.2680412371134021
same,4,0.0,1.0,0.0,0.7323943661971831,0.2676056338028169,26,8,0.0,0.2680412371134021
in,2,0.0,1.0,0.0,0.7323943661971831,0.2676056338028169,26,8,0.0,0.2680412371134021
the,3,0.0,1.0,0.0,0.7323943661971831,0.2676056338028169,26,8,0.0,0.2680412371134021
entire,6,0.0,1.0,0.0,0.7323943661971831,0.2676056338028169,26,8,0.0,0.2680412371134021
coma,4,0.0,1.0,0.0,0.7323943661971831,0.2676056338028169,26,8,0.0,0.2680412371134021
of,2,0.0,1.0,0.0,0.7323943661971831,0.2676056338028169,26,8,0.0,0.2680412371134021
the,3,0.0,1.0,0.0,0.7323943661971831,0.2676056338028169,26,8,0.0,0.2680412371134021
comet.,6,0.0,0.8333333333333334,0.0,0.7323943661971831,0.2676056338028169,26,8,0.0,0.2680412371134021
Haser,5,0.2,0.8,0.0,0.7323943661971831,0.2676056338028169,26,8,0.0,0.2680412371134021
model,5,0.0,1.0,0.0,0.7323943661971831,0.2676056338028169,26,8,0.0,0.2680412371134021
(Haser,6,0.16666666666666666,0.6666666666666666,0.0,0.7323943661971831,0.2676056338028169,26,8,0.0,0.2680412371134021
positions,9,0.0,1.0,0.0,0.8013698630136986,0.1986301369863014,23,5,0.0,0.24742268041237114
of,2,0.0,1.0,0.0,0.8013698630136986,0.1986301369863014,23,5,0.0,0.24742268041237114
both,4,0.0,1.0,0.0,0.8013698630136986,0.1986301369863014,23,5,0.0,0.24742268041237114
these,5,0.0,1.0,0.0,0.8013698630136986,0.1986301369863014,23,5,0.0,0.24742268041237114
apertures,9,0.0,1.0,0.0,0.8013698630136986,0.1986301369863014,23,5,0.0,0.24742268041237114
over-plotted,12,0.0,0.9166666666666666,0.0,0.8013698630136986,0.1986301369863014,23,5,0.0,0.24742268041237114
on,2,0.0,1.0,0.0,0.8013698630136986,0.1986301369863014,23,5,0.0,0.24742268041237114
the,3,0.0,1.0,0.0,0.8013698630136986,0.1986301369863014,23,5,0.0,0.24742268041237114
profile,7,0.0,1.0,0.0,0.8013698630136986,0.1986301369863014,23,5,0.0,0.24742268041237114
along,5,0.0,1.0,0.0,0.8013698630136986,0.1986301369863014,23,5,0.0,0.24742268041237114
the,3,0.0,1.0,0.0,0.8013698630136986,0.1986301369863014,23,5,0.0,0.24742268041237114
"1957),",6,0.0,0.0,0.6666666666666666,0.8013698630136986,0.1986301369863014,23,5,0.0,0.24742268041237114
provides,8,0.0,1.0,0.0,0.8013698630136986,0.1986301369863014,23,5,0.0,0.24742268041237114
a,1,0.0,1.0,0.0,0.8013698630136986,0.1986301369863014,23,5,0.0,0.24742268041237114
factor,6,0.0,1.0,0.0,0.8013698630136986,0.1986301369863014,23,5,0.0,0.24742268041237114
called,6,0.0,1.0,0.0,0.8013698630136986,0.1986301369863014,23,5,0.0,0.24742268041237114
the,3,0.0,1.0,0.0,0.8013698630136986,0.1986301369863014,23,5,0.0,0.24742268041237114
Haser,5,0.2,0.8,0.0,0.8013698630136986,0.1986301369863014,23,5,0.0,0.24742268041237114
factor,6,0.0,1.0,0.0,0.8013698630136986,0.1986301369863014,23,5,0.0,0.24742268041237114
which,5,0.0,1.0,0.0,0.8013698630136986,0.1986301369863014,23,5,0.0,0.24742268041237114
is,2,0.0,1.0,0.0,0.8013698630136986,0.1986301369863014,23,5,0.0,0.24742268041237114
the,3,0.0,1.0,0.0,0.8013698630136986,0.1986301369863014,23,5,0.0,0.24742268041237114
ratio,5,0.0,1.0,0.0,0.8013698630136986,0.1986301369863014,23,5,0.0,0.24742268041237114
"slit,",5,0.0,0.8,0.0,0.8041958041958042,0.19580419580419584,22,5,0.0,0.2628865979381443
in,2,0.0,1.0,0.0,0.8041958041958042,0.19580419580419584,22,5,0.0,0.2628865979381443
the,3,0.0,1.0,0.0,0.8041958041958042,0.19580419580419584,22,5,0.0,0.2628865979381443
spatial,7,0.0,1.0,0.0,0.8041958041958042,0.19580419580419584,22,5,0.0,0.2628865979381443
axis.,5,0.0,0.8,0.0,0.8041958041958042,0.19580419580419584,22,5,0.0,0.2628865979381443
The,3,0.3333333333333333,0.6666666666666666,0.0,0.8041958041958042,0.19580419580419584,22,5,0.0,0.2628865979381443
normalised,10,0.0,1.0,0.0,0.8041958041958042,0.19580419580419584,22,5,0.0,0.2628865979381443
wavelength,10,0.0,1.0,0.0,0.8041958041958042,0.19580419580419584,22,5,0.0,0.2628865979381443
calibrated,10,0.0,1.0,0.0,0.8041958041958042,0.19580419580419584,22,5,0.0,0.2628865979381443
spectra,7,0.0,1.0,0.0,0.8041958041958042,0.19580419580419584,22,5,0.0,0.2628865979381443
of,2,0.0,1.0,0.0,0.8041958041958042,0.19580419580419584,22,5,0.0,0.2628865979381443
total,5,0.0,1.0,0.0,0.8041958041958042,0.19580419580419584,22,5,0.0,0.2628865979381443
number,6,0.0,1.0,0.0,0.8041958041958042,0.19580419580419584,22,5,0.0,0.2628865979381443
of,2,0.0,1.0,0.0,0.8041958041958042,0.19580419580419584,22,5,0.0,0.2628865979381443
molecules,9,0.0,1.0,0.0,0.8041958041958042,0.19580419580419584,22,5,0.0,0.2628865979381443
present,7,0.0,1.0,0.0,0.8041958041958042,0.19580419580419584,22,5,0.0,0.2628865979381443
in,2,0.0,1.0,0.0,0.8041958041958042,0.19580419580419584,22,5,0.0,0.2628865979381443
the,3,0.0,1.0,0.0,0.8041958041958042,0.19580419580419584,22,5,0.0,0.2628865979381443
aperture,8,0.0,1.0,0.0,0.8041958041958042,0.19580419580419584,22,5,0.0,0.2628865979381443
used,4,0.0,1.0,0.0,0.8041958041958042,0.19580419580419584,22,5,0.0,0.2628865979381443
to,2,0.0,1.0,0.0,0.8041958041958042,0.19580419580419584,22,5,0.0,0.2628865979381443
the,3,0.0,1.0,0.0,0.8041958041958042,0.19580419580419584,22,5,0.0,0.2628865979381443
of,2,0.0,1.0,0.0,0.7605633802816901,0.23943661971830987,25,6,0.0,0.2680412371134021
both,4,0.0,1.0,0.0,0.7605633802816901,0.23943661971830987,25,6,0.0,0.2680412371134021
comet,5,0.0,1.0,0.0,0.7605633802816901,0.23943661971830987,25,6,0.0,0.2680412371134021
and,3,0.0,1.0,0.0,0.7605633802816901,0.23943661971830987,25,6,0.0,0.2680412371134021
"sky,",4,0.0,0.75,0.0,0.7605633802816901,0.23943661971830987,25,6,0.0,0.2680412371134021
with,4,0.0,1.0,0.0,0.7605633802816901,0.23943661971830987,25,6,0.0,0.2680412371134021
a,1,0.0,1.0,0.0,0.7605633802816901,0.23943661971830987,25,6,0.0,0.2680412371134021
constant,8,0.0,1.0,0.0,0.7605633802816901,0.23943661971830987,25,6,0.0,0.2680412371134021
offset,6,0.0,1.0,0.0,0.7605633802816901,0.23943661971830987,25,6,0.0,0.2680412371134021
in,2,0.0,1.0,0.0,0.7605633802816901,0.23943661971830987,25,6,0.0,0.2680412371134021
the,3,0.0,1.0,0.0,0.7605633802816901,0.23943661971830987,25,6,0.0,0.2680412371134021
sky,3,0.0,1.0,0.0,0.7605633802816901,0.23943661971830987,25,6,0.0,0.2680412371134021
spectrum,8,0.0,1.0,0.0,0.7605633802816901,0.23943661971830987,25,6,0.0,0.2680412371134021
is,2,0.0,1.0,0.0,0.7605633802816901,0.23943661971830987,25,6,0.0,0.2680412371134021
total,5,0.0,1.0,0.0,0.7605633802816901,0.23943661971830987,25,6,0.0,0.2680412371134021
number,6,0.0,1.0,0.0,0.7605633802816901,0.23943661971830987,25,6,0.0,0.2680412371134021
of,2,0.0,1.0,0.0,0.7605633802816901,0.23943661971830987,25,6,0.0,0.2680412371134021
molecules,9,0.0,1.0,0.0,0.7605633802816901,0.23943661971830987,25,6,0.0,0.2680412371134021
present,7,0.0,1.0,0.0,0.7605633802816901,0.23943661971830987,25,6,0.0,0.2680412371134021
in,2,0.0,1.0,0.0,0.7605633802816901,0.23943661971830987,25,6,0.0,0.2680412371134021
the,3,0.0,1.0,0.0,0.7605633802816901,0.23943661971830987,25,6,0.0,0.2680412371134021
whole,5,0.0,1.0,0.0,0.7605633802816901,0.23943661971830987,25,6,0.0,0.2680412371134021
coma.,5,0.0,0.8,0.0,0.7605633802816901,0.23943661971830987,25,6,0.0,0.2680412371134021
The,3,0.3333333333333333,0.6666666666666666,0.0,0.7605633802816901,0.23943661971830987,25,6,0.0,0.2680412371134021
recip-,6,0.0,0.8333333333333334,0.0,0.7605633802816901,0.23943661971830987,25,6,0.0,0.2680412371134021
shown,5,0.0,1.0,0.0,0.7465753424657534,0.2534246575342466,25,8,0.0,0.24742268041237114
in,2,0.0,1.0,0.0,0.7465753424657534,0.2534246575342466,25,8,0.0,0.24742268041237114
the,3,0.0,1.0,0.0,0.7465753424657534,0.2534246575342466,25,8,0.0,0.24742268041237114
top,3,0.0,1.0,0.0,0.7465753424657534,0.2534246575342466,25,8,0.0,0.24742268041237114
panel,5,0.0,1.0,0.0,0.7465753424657534,0.2534246575342466,25,8,0.0,0.24742268041237114
of,2,0.0,1.0,0.0,0.7465753424657534,0.2534246575342466,25,8,0.0,0.24742268041237114
Figure,6,0.16666666666666666,0.8333333333333334,0.0,0.7465753424657534,0.2534246575342466,25,8,0.0,0.24742268041237114
A2.,3,0.3333333333333333,0.0,0.3333333333333333,0.7465753424657534,0.2534246575342466,25,8,0.0,0.24742268041237114
The,3,0.3333333333333333,0.6666666666666666,0.0,0.7465753424657534,0.2534246575342466,25,8,0.0,0.24742268041237114
bottom,6,0.0,1.0,0.0,0.7465753424657534,0.2534246575342466,25,8,0.0,0.24742268041237114
panel,5,0.0,1.0,0.0,0.7465753424657534,0.2534246575342466,25,8,0.0,0.24742268041237114
depicts,7,0.0,1.0,0.0,0.7465753424657534,0.2534246575342466,25,8,0.0,0.24742268041237114
the,3,0.0,1.0,0.0,0.7465753424657534,0.2534246575342466,25,8,0.0,0.24742268041237114
rocal,5,0.0,1.0,0.0,0.7465753424657534,0.2534246575342466,25,8,0.0,0.24742268041237114
of,2,0.0,1.0,0.0,0.7465753424657534,0.2534246575342466,25,8,0.0,0.24742268041237114
this,4,0.0,1.0,0.0,0.7465753424657534,0.2534246575342466,25,8,0.0,0.24742268041237114
"factor,",7,0.0,0.8571428571428571,0.0,0.7465753424657534,0.2534246575342466,25,8,0.0,0.24742268041237114
the,3,0.0,1.0,0.0,0.7465753424657534,0.2534246575342466,25,8,0.0,0.24742268041237114
Haser,5,0.2,0.8,0.0,0.7465753424657534,0.2534246575342466,25,8,0.0,0.24742268041237114
"correction,",11,0.0,0.9090909090909091,0.0,0.7465753424657534,0.2534246575342466,25,8,0.0,0.24742268041237114
can,3,0.0,1.0,0.0,0.7465753424657534,0.2534246575342466,25,8,0.0,0.24742268041237114
be,2,0.0,1.0,0.0,0.7465753424657534,0.2534246575342466,25,8,0.0,0.24742268041237114
used,4,0.0,1.0,0.0,0.7465753424657534,0.2534246575342466,25,8,0.0,0.24742268041237114
to,2,0.0,1.0,0.0,0.7465753424657534,0.2534246575342466,25,8,0.0,0.24742268041237114
extrapo-,8,0.0,0.875,0.0,0.7465753424657534,0.2534246575342466,25,8,0.0,0.24742268041237114
corresponding,13,0.0,1.0,0.0,0.7808219178082192,0.2191780821917808,20,8,0.0,0.24742268041237114
sky,3,0.0,1.0,0.0,0.7808219178082192,0.2191780821917808,20,8,0.0,0.24742268041237114
corrected,9,0.0,1.0,0.0,0.7808219178082192,0.2191780821917808,20,8,0.0,0.24742268041237114
"spectrum,",9,0.0,0.8888888888888888,0.0,0.7808219178082192,0.2191780821917808,20,8,0.0,0.24742268041237114
with,4,0.0,1.0,0.0,0.7808219178082192,0.2191780821917808,20,8,0.0,0.24742268041237114
the,3,0.0,1.0,0.0,0.7808219178082192,0.2191780821917808,20,8,0.0,0.24742268041237114
detected,8,0.0,1.0,0.0,0.7808219178082192,0.2191780821917808,20,8,0.0,0.24742268041237114
emissions,9,0.0,1.0,0.0,0.7808219178082192,0.2191780821917808,20,8,0.0,0.24742268041237114
late,4,0.0,1.0,0.0,0.7808219178082192,0.2191780821917808,20,8,0.0,0.24742268041237114
the,3,0.0,1.0,0.0,0.7808219178082192,0.2191780821917808,20,8,0.0,0.24742268041237114
observed,8,0.0,1.0,0.0,0.7808219178082192,0.2191780821917808,20,8,0.0,0.24742268041237114
flux,4,0.0,1.0,0.0,0.7808219178082192,0.2191780821917808,20,8,0.0,0.24742268041237114
so,2,0.0,1.0,0.0,0.7808219178082192,0.2191780821917808,20,8,0.0,0.24742268041237114
as,2,0.0,1.0,0.0,0.7808219178082192,0.2191780821917808,20,8,0.0,0.24742268041237114
to,2,0.0,1.0,0.0,0.7808219178082192,0.2191780821917808,20,8,0.0,0.24742268041237114
estimate,8,0.0,1.0,0.0,0.7808219178082192,0.2191780821917808,20,8,0.0,0.24742268041237114
the,3,0.0,1.0,0.0,0.7808219178082192,0.2191780821917808,20,8,0.0,0.24742268041237114
molecular,9,0.0,1.0,0.0,0.7808219178082192,0.2191780821917808,20,8,0.0,0.24742268041237114
abundance,9,0.0,1.0,0.0,0.7808219178082192,0.2191780821917808,20,8,0.0,0.24742268041237114
in,2,0.0,1.0,0.0,0.7808219178082192,0.2191780821917808,20,8,0.0,0.24742268041237114
marked.,7,0.0,0.8571428571428571,0.0,0.4305555555555556,0.5694444444444444,12,37,0.0,0.25773195876288657
the,3,0.0,1.0,0.0,0.4305555555555556,0.5694444444444444,12,37,0.0,0.25773195876288657
entire,6,0.0,1.0,0.0,0.4305555555555556,0.5694444444444444,12,37,0.0,0.25773195876288657
coma.,5,0.0,0.8,0.0,0.4305555555555556,0.5694444444444444,12,37,0.0,0.25773195876288657
Since,5,0.2,0.8,0.0,0.4305555555555556,0.5694444444444444,12,37,0.0,0.25773195876288657
the,3,0.0,1.0,0.0,0.4305555555555556,0.5694444444444444,12,37,0.0,0.25773195876288657
Haser,5,0.2,0.8,0.0,0.4305555555555556,0.5694444444444444,12,37,0.0,0.25773195876288657
model,5,0.0,1.0,0.0,0.4305555555555556,0.5694444444444444,12,37,0.0,0.25773195876288657
assumes,7,0.0,1.0,0.0,0.4305555555555556,0.5694444444444444,12,37,0.0,0.25773195876288657
a,1,0.0,1.0,0.0,0.4305555555555556,0.5694444444444444,12,37,0.0,0.25773195876288657
spherically,11,0.0,1.0,0.0,0.4305555555555556,0.5694444444444444,12,37,0.0,0.25773195876288657
sym-,4,0.0,0.75,0.0,0.4305555555555556,0.5694444444444444,12,37,0.0,0.25773195876288657
metric,6,0.0,1.0,0.0,0.36428571428571427,0.6357142857142857,11,1,0.4072164948453608,0.27835051546391754
coma,4,0.0,1.0,0.0,0.36428571428571427,0.6357142857142857,11,1,0.4072164948453608,0.27835051546391754
with,4,0.0,1.0,0.0,0.36428571428571427,0.6357142857142857,11,1,0.4072164948453608,0.27835051546391754
uniform,7,0.0,1.0,0.0,0.36428571428571427,0.6357142857142857,11,1,0.4072164948453608,0.27835051546391754
outflow,7,0.0,1.0,0.0,0.36428571428571427,0.6357142857142857,11,1,0.4072164948453608,0.27835051546391754
of,2,0.0,1.0,0.0,0.36428571428571427,0.6357142857142857,11,1,0.4072164948453608,0.27835051546391754
"gas,",4,0.0,0.75,0.0,0.36428571428571427,0.6357142857142857,11,1,0.4072164948453608,0.27835051546391754
we,2,0.0,1.0,0.0,0.36428571428571427,0.6357142857142857,11,1,0.4072164948453608,0.27835051546391754
compute,7,0.0,1.0,0.0,0.36428571428571427,0.6357142857142857,11,1,0.4072164948453608,0.27835051546391754
the,3,0.0,1.0,0.0,0.36428571428571427,0.6357142857142857,11,1,0.4072164948453608,0.27835051546391754
Haser,5,0.2,0.8,0.0,0.36428571428571427,0.6357142857142857,11,1,0.4072164948453608,0.27835051546391754
factor,6,0.0,1.0,0.0,0.3680555555555556,0.6319444444444444,13,1,0.4072164948453608,0.25773195876288657
for,3,0.0,1.0,0.0,0.3680555555555556,0.6319444444444444,13,1,0.4072164948453608,0.25773195876288657
a,1,0.0,1.0,0.0,0.3680555555555556,0.6319444444444444,13,1,0.4072164948453608,0.25773195876288657
circular,8,0.0,1.0,0.0,0.3680555555555556,0.6319444444444444,13,1,0.4072164948453608,0.25773195876288657
aperture,8,0.0,1.0,0.0,0.3680555555555556,0.6319444444444444,13,1,0.4072164948453608,0.25773195876288657
by,2,0.0,1.0,0.0,0.3680555555555556,0.6319444444444444,13,1,0.4072164948453608,0.25773195876288657
making,6,0.0,1.0,0.0,0.3680555555555556,0.6319444444444444,13,1,0.4072164948453608,0.25773195876288657
use,3,0.0,1.0,0.0,0.3680555555555556,0.6319444444444444,13,1,0.4072164948453608,0.25773195876288657
of,2,0.0,1.0,0.0,0.3680555555555556,0.6319444444444444,13,1,0.4072164948453608,0.25773195876288657
the,3,0.0,1.0,0.0,0.3680555555555556,0.6319444444444444,13,1,0.4072164948453608,0.25773195876288657
radius,6,0.0,1.0,0.0,0.3680555555555556,0.6319444444444444,13,1,0.4072164948453608,0.25773195876288657
of,2,0.0,1.0,0.0,0.3680555555555556,0.6319444444444444,13,1,0.4072164948453608,0.25773195876288657
the,3,0.0,1.0,0.0,0.3680555555555556,0.6319444444444444,13,1,0.4072164948453608,0.25773195876288657
aperture,8,0.0,1.0,0.0,0.3904109589041096,0.6095890410958904,11,1,0.4072164948453608,0.24742268041237114
(in,3,0.0,0.6666666666666666,0.0,0.3904109589041096,0.6095890410958904,11,1,0.4072164948453608,0.24742268041237114
arcseconds).,12,0.0,0.8333333333333334,0.0,0.3904109589041096,0.6095890410958904,11,1,0.4072164948453608,0.24742268041237114
This,4,0.25,0.75,0.0,0.3904109589041096,0.6095890410958904,11,1,0.4072164948453608,0.24742268041237114
factor,6,0.0,1.0,0.0,0.3904109589041096,0.6095890410958904,11,1,0.4072164948453608,0.24742268041237114
can,3,0.0,1.0,0.0,0.3904109589041096,0.6095890410958904,11,1,0.4072164948453608,0.24742268041237114
be,2,0.0,1.0,0.0,0.3904109589041096,0.6095890410958904,11,1,0.4072164948453608,0.24742268041237114
computed,8,0.0,1.0,0.0,0.3904109589041096,0.6095890410958904,11,1,0.4072164948453608,0.24742268041237114
using,5,0.0,1.0,0.0,0.3904109589041096,0.6095890410958904,11,1,0.4072164948453608,0.24742268041237114
the,3,0.0,1.0,0.0,0.3904109589041096,0.6095890410958904,11,1,0.4072164948453608,0.24742268041237114
web,3,0.0,1.0,0.0,0.3904109589041096,0.6095890410958904,11,1,0.4072164948453608,0.24742268041237114
APPENDIX,8,1.0,0.0,0.0,0.90625,0.09375,4,1,0.0,0.8350515463917526
B:,2,0.5,0.0,0.0,0.90625,0.09375,4,1,0.0,0.8350515463917526
CONTINUUM,9,1.0,0.0,0.0,0.90625,0.09375,4,1,0.0,0.8350515463917526
CORRECTION,10,1.0,0.0,0.0,0.90625,0.09375,4,1,0.0,0.8350515463917526
calculator,10,0.0,1.0,0.0,0.3986013986013986,0.6013986013986015,8,1,0.4072164948453608,0.2628865979381443
implemented,11,0.0,1.0,0.0,0.3986013986013986,0.6013986013986015,8,1,0.4072164948453608,0.2628865979381443
by,2,0.0,1.0,0.0,0.3986013986013986,0.6013986013986015,8,1,0.4072164948453608,0.2628865979381443
Prof.,5,0.2,0.6,0.0,0.3986013986013986,0.6013986013986015,8,1,0.4072164948453608,0.2628865979381443
Schleicher,10,0.1,0.9,0.0,0.3986013986013986,0.6013986013986015,8,1,0.4072164948453608,0.2628865979381443
on,2,0.0,1.0,0.0,0.3986013986013986,0.6013986013986015,8,1,0.4072164948453608,0.2628865979381443
his,3,0.0,1.0,0.0,0.3986013986013986,0.6013986013986015,8,1,0.4072164948453608,0.2628865979381443
website(https:,14,0.0,0.8571428571428571,0.0,0.3986013986013986,0.6013986013986015,8,1,0.4072164948453608,0.2628865979381443
In,2,0.5,0.5,0.0,0.7898550724637681,0.21014492753623193,20,6,0.0,0.28865979381443296
order,5,0.0,1.0,0.0,0.7898550724637681,0.21014492753623193,20,6,0.0,0.28865979381443296
to,2,0.0,1.0,0.0,0.7898550724637681,0.21014492753623193,20,6,0.0,0.28865979381443296
extract,7,0.0,1.0,0.0,0.7898550724637681,0.21014492753623193,20,6,0.0,0.28865979381443296
the,3,0.0,1.0,0.0,0.7898550724637681,0.21014492753623193,20,6,0.0,0.28865979381443296
total,5,0.0,1.0,0.0,0.7898550724637681,0.21014492753623193,20,6,0.0,0.28865979381443296
flux,4,0.0,1.0,0.0,0.7898550724637681,0.21014492753623193,20,6,0.0,0.28865979381443296
of,2,0.0,1.0,0.0,0.7898550724637681,0.21014492753623193,20,6,0.0,0.28865979381443296
the,3,0.0,1.0,0.0,0.7898550724637681,0.21014492753623193,20,6,0.0,0.28865979381443296
various,7,0.0,1.0,0.0,0.7898550724637681,0.21014492753623193,20,6,0.0,0.28865979381443296
molecules,9,0.0,1.0,0.0,0.7898550724637681,0.21014492753623193,20,6,0.0,0.28865979381443296
from,4,0.0,1.0,0.0,0.7898550724637681,0.21014492753623193,20,6,0.0,0.28865979381443296
the,3,0.0,1.0,0.0,0.7898550724637681,0.21014492753623193,20,6,0.0,0.28865979381443296
//asteroid.lowell.edu/comet/).,30,0.0,0.7333333333333333,0.0,0.7898550724637681,0.21014492753623193,20,6,0.0,0.28865979381443296
In,2,0.5,0.5,0.0,0.7898550724637681,0.21014492753623193,20,6,0.0,0.28865979381443296
the,3,0.0,1.0,0.0,0.7898550724637681,0.21014492753623193,20,6,0.0,0.28865979381443296
current,7,0.0,1.0,0.0,0.7898550724637681,0.21014492753623193,20,6,0.0,0.28865979381443296
"work,",5,0.0,0.8,0.0,0.7898550724637681,0.21014492753623193,20,6,0.0,0.28865979381443296
we,2,0.0,1.0,0.0,0.7898550724637681,0.21014492753623193,20,6,0.0,0.28865979381443296
have,4,0.0,1.0,0.0,0.7898550724637681,0.21014492753623193,20,6,0.0,0.28865979381443296
cometary,8,0.0,1.0,0.0,0.7682119205298014,0.23178807947019864,24,7,0.0,0.22164948453608246
emission,8,0.0,1.0,0.0,0.7682119205298014,0.23178807947019864,24,7,0.0,0.22164948453608246
spectrum,8,0.0,1.0,0.0,0.7682119205298014,0.23178807947019864,24,7,0.0,0.22164948453608246
it,2,0.0,1.0,0.0,0.7682119205298014,0.23178807947019864,24,7,0.0,0.22164948453608246
is,2,0.0,1.0,0.0,0.7682119205298014,0.23178807947019864,24,7,0.0,0.22164948453608246
necessary,9,0.0,1.0,0.0,0.7682119205298014,0.23178807947019864,24,7,0.0,0.22164948453608246
to,2,0.0,1.0,0.0,0.7682119205298014,0.23178807947019864,24,7,0.0,0.22164948453608246
remove,6,0.0,1.0,0.0,0.7682119205298014,0.23178807947019864,24,7,0.0,0.22164948453608246
the,3,0.0,1.0,0.0,0.7682119205298014,0.23178807947019864,24,7,0.0,0.22164948453608246
contribu-,9,0.0,0.8888888888888888,0.0,0.7682119205298014,0.23178807947019864,24,7,0.0,0.22164948453608246
used,4,0.0,1.0,0.0,0.7682119205298014,0.23178807947019864,24,7,0.0,0.22164948453608246
a,1,0.0,1.0,0.0,0.7682119205298014,0.23178807947019864,24,7,0.0,0.22164948453608246
rectangular,11,0.0,1.0,0.0,0.7682119205298014,0.23178807947019864,24,7,0.0,0.22164948453608246
slit,4,0.0,1.0,0.0,0.7682119205298014,0.23178807947019864,24,7,0.0,0.22164948453608246
(1.9200,7,0.0,0.0,0.7142857142857143,0.7682119205298014,0.23178807947019864,24,7,0.0,0.22164948453608246
×,1,0.0,0.0,0.0,0.7682119205298014,0.23178807947019864,24,7,0.0,0.22164948453608246
17.7600,7,0.0,0.0,0.8571428571428571,0.7682119205298014,0.23178807947019864,24,7,0.0,0.22164948453608246
",",1,0.0,0.0,0.0,0.7682119205298014,0.23178807947019864,24,7,0.0,0.22164948453608246
60,2,0.0,0.0,1.0,0.7682119205298014,0.23178807947019864,24,7,0.0,0.22164948453608246
pixel,5,0.0,1.0,0.0,0.7682119205298014,0.23178807947019864,24,7,0.0,0.22164948453608246
along,5,0.0,1.0,0.0,0.7682119205298014,0.23178807947019864,24,7,0.0,0.22164948453608246
the,3,0.0,1.0,0.0,0.7682119205298014,0.23178807947019864,24,7,0.0,0.22164948453608246
slit,4,0.0,1.0,0.0,0.7682119205298014,0.23178807947019864,24,7,0.0,0.22164948453608246
with,4,0.0,1.0,0.0,0.7682119205298014,0.23178807947019864,24,7,0.0,0.22164948453608246
MNRAS,5,1.0,0.0,0.0,0.12337662337662338,0.8766233766233766,4,1,0.6804123711340206,0.20618556701030932
"000,",4,0.0,0.0,0.75,0.12337662337662338,0.8766233766233766,4,1,0.6804123711340206,0.20618556701030932
1–10,4,0.0,0.0,0.75,0.12337662337662338,0.8766233766233766,4,1,0.6804123711340206,0.20618556701030932
(2021),6,0.0,0.0,0.6666666666666666,0.12337662337662338,0.8766233766233766,4,1,0.6804123711340206,0.20618556701030932
avr_spaces,10,0.0,0.9,0.0,1.0,0.0,1,1,0.11786941580756014,0.9484536082474226
10,2,0.0,0.0,1.0,0.6296296296296297,0.37037037037037035,5,4,0.0,0.8608247422680413
Aravind,7,0.14285714285714285,0.8571428571428571,0.0,0.6296296296296297,0.37037037037037035,5,4,0.0,0.8608247422680413
K.,2,0.5,0.0,0.0,0.6296296296296297,0.37037037037037035,5,4,0.0,0.8608247422680413
et,2,0.0,1.0,0.0,0.6296296296296297,0.37037037037037035,5,4,0.0,0.8608247422680413
"al.,",4,0.0,0.5,0.0,0.6296296296296297,0.37037037037037035,5,4,0.0,0.8608247422680413
comet,5,0.0,1.0,0.0,0.8307692307692308,0.16923076923076918,12,1,0.0,0.6649484536082475
at,2,0.0,1.0,0.0,0.8307692307692308,0.16923076923076918,12,1,0.0,0.6649484536082475
the,3,0.0,1.0,0.0,0.8307692307692308,0.16923076923076918,12,1,0.0,0.6649484536082475
centre).,8,0.0,0.75,0.0,0.8307692307692308,0.16923076923076918,12,1,0.0,0.6649484536082475
"Hence,",6,0.16666666666666666,0.6666666666666666,0.0,0.8307692307692308,0.16923076923076918,12,1,0.0,0.6649484536082475
we,2,0.0,1.0,0.0,0.8307692307692308,0.16923076923076918,12,1,0.0,0.6649484536082475
have,4,0.0,1.0,0.0,0.8307692307692308,0.16923076923076918,12,1,0.0,0.6649484536082475
chosen,6,0.0,1.0,0.0,0.8307692307692308,0.16923076923076918,12,1,0.0,0.6649484536082475
an,2,0.0,1.0,0.0,0.8307692307692308,0.16923076923076918,12,1,0.0,0.6649484536082475
aperture,8,0.0,1.0,0.0,0.8307692307692308,0.16923076923076918,12,1,0.0,0.6649484536082475
radius,6,0.0,1.0,0.0,0.8307692307692308,0.16923076923076918,12,1,0.0,0.6649484536082475
of,2,0.0,1.0,0.0,0.8307692307692308,0.16923076923076918,12,1,0.0,0.6649484536082475
8.8800,6,0.0,0.0,0.8333333333333334,0.8405797101449275,0.1594202898550725,12,1,0.0,0.6443298969072164
(corresponding,14,0.0,0.9285714285714286,0.0,0.8405797101449275,0.1594202898550725,12,1,0.0,0.6443298969072164
to,2,0.0,1.0,0.0,0.8405797101449275,0.1594202898550725,12,1,0.0,0.6443298969072164
30,2,0.0,0.0,1.0,0.8405797101449275,0.1594202898550725,12,1,0.0,0.6443298969072164
pixel),6,0.0,0.8333333333333334,0.0,0.8405797101449275,0.1594202898550725,12,1,0.0,0.6443298969072164
in,2,0.0,1.0,0.0,0.8405797101449275,0.1594202898550725,12,1,0.0,0.6443298969072164
order,5,0.0,1.0,0.0,0.8405797101449275,0.1594202898550725,12,1,0.0,0.6443298969072164
to,2,0.0,1.0,0.0,0.8405797101449275,0.1594202898550725,12,1,0.0,0.6443298969072164
compute,7,0.0,1.0,0.0,0.8405797101449275,0.1594202898550725,12,1,0.0,0.6443298969072164
the,3,0.0,1.0,0.0,0.8405797101449275,0.1594202898550725,12,1,0.0,0.6443298969072164
Haser,5,0.2,0.8,0.0,0.8405797101449275,0.1594202898550725,12,1,0.0,0.6443298969072164
fac-,4,0.0,0.75,0.0,0.8405797101449275,0.1594202898550725,12,1,0.0,0.6443298969072164
tor.,4,0.0,0.75,0.0,0.8382352941176471,0.16176470588235292,12,1,0.0,0.6494845360824743
Since,5,0.2,0.8,0.0,0.8382352941176471,0.16176470588235292,12,1,0.0,0.6494845360824743
the,3,0.0,1.0,0.0,0.8382352941176471,0.16176470588235292,12,1,0.0,0.6494845360824743
computed,8,0.0,1.0,0.0,0.8382352941176471,0.16176470588235292,12,1,0.0,0.6494845360824743
Haser,5,0.2,0.8,0.0,0.8382352941176471,0.16176470588235292,12,1,0.0,0.6494845360824743
factor,6,0.0,1.0,0.0,0.8382352941176471,0.16176470588235292,12,1,0.0,0.6494845360824743
is,2,0.0,1.0,0.0,0.8382352941176471,0.16176470588235292,12,1,0.0,0.6494845360824743
for,3,0.0,1.0,0.0,0.8382352941176471,0.16176470588235292,12,1,0.0,0.6494845360824743
a,1,0.0,1.0,0.0,0.8382352941176471,0.16176470588235292,12,1,0.0,0.6494845360824743
circular,8,0.0,1.0,0.0,0.8382352941176471,0.16176470588235292,12,1,0.0,0.6494845360824743
"aperture,",9,0.0,0.8888888888888888,0.0,0.8382352941176471,0.16176470588235292,12,1,0.0,0.6494845360824743
the,3,0.0,1.0,0.0,0.8382352941176471,0.16176470588235292,12,1,0.0,0.6494845360824743
factor,6,0.0,1.0,0.0,0.8260869565217391,0.17391304347826086,13,1,0.0,0.6443298969072164
was,3,0.0,1.0,0.0,0.8260869565217391,0.17391304347826086,13,1,0.0,0.6443298969072164
normalised,10,0.0,1.0,0.0,0.8260869565217391,0.17391304347826086,13,1,0.0,0.6443298969072164
to,2,0.0,1.0,0.0,0.8260869565217391,0.17391304347826086,13,1,0.0,0.6443298969072164
unit,4,0.0,1.0,0.0,0.8260869565217391,0.17391304347826086,13,1,0.0,0.6443298969072164
area,4,0.0,1.0,0.0,0.8260869565217391,0.17391304347826086,13,1,0.0,0.6443298969072164
and,3,0.0,1.0,0.0,0.8260869565217391,0.17391304347826086,13,1,0.0,0.6443298969072164
then,4,0.0,1.0,0.0,0.8260869565217391,0.17391304347826086,13,1,0.0,0.6443298969072164
multiplied,10,0.0,1.0,0.0,0.8260869565217391,0.17391304347826086,13,1,0.0,0.6443298969072164
by,2,0.0,1.0,0.0,0.8260869565217391,0.17391304347826086,13,1,0.0,0.6443298969072164
the,3,0.0,1.0,0.0,0.8260869565217391,0.17391304347826086,13,1,0.0,0.6443298969072164
area,4,0.0,1.0,0.0,0.8260869565217391,0.17391304347826086,13,1,0.0,0.6443298969072164
of,2,0.0,1.0,0.0,0.8260869565217391,0.17391304347826086,13,1,0.0,0.6443298969072164
the,3,0.0,1.0,0.0,0.8428571428571429,0.15714285714285714,12,1,0.0,0.6391752577319587
rectangular,11,0.0,1.0,0.0,0.8428571428571429,0.15714285714285714,12,1,0.0,0.6391752577319587
aperture,8,0.0,1.0,0.0,0.8428571428571429,0.15714285714285714,12,1,0.0,0.6391752577319587
"used,",5,0.0,0.8,0.0,0.8428571428571429,0.15714285714285714,12,1,0.0,0.6391752577319587
so,2,0.0,1.0,0.0,0.8428571428571429,0.15714285714285714,12,1,0.0,0.6391752577319587
as,2,0.0,1.0,0.0,0.8428571428571429,0.15714285714285714,12,1,0.0,0.6391752577319587
to,2,0.0,1.0,0.0,0.8428571428571429,0.15714285714285714,12,1,0.0,0.6391752577319587
obtain,6,0.0,1.0,0.0,0.8428571428571429,0.15714285714285714,12,1,0.0,0.6391752577319587
the,3,0.0,1.0,0.0,0.8428571428571429,0.15714285714285714,12,1,0.0,0.6391752577319587
factor,6,0.0,1.0,0.0,0.8428571428571429,0.15714285714285714,12,1,0.0,0.6391752577319587
required,8,0.0,1.0,0.0,0.8428571428571429,0.15714285714285714,12,1,0.0,0.6391752577319587
for,3,0.0,1.0,0.0,0.8428571428571429,0.15714285714285714,12,1,0.0,0.6391752577319587
this,4,0.0,1.0,0.0,0.9,0.09999999999999998,2,1,0.0,0.9484536082474226
work.,5,0.0,0.8,0.0,0.9,0.09999999999999998,2,1,0.0,0.9484536082474226
This,4,0.25,0.75,0.0,0.8356164383561644,0.1643835616438356,13,1,0.0,0.6237113402061856
paper,5,0.0,1.0,0.0,0.8356164383561644,0.1643835616438356,13,1,0.0,0.6237113402061856
has,3,0.0,1.0,0.0,0.8356164383561644,0.1643835616438356,13,1,0.0,0.6237113402061856
been,4,0.0,1.0,0.0,0.8356164383561644,0.1643835616438356,13,1,0.0,0.6237113402061856
typeset,7,0.0,1.0,0.0,0.8356164383561644,0.1643835616438356,13,1,0.0,0.6237113402061856
from,4,0.0,1.0,0.0,0.8356164383561644,0.1643835616438356,13,1,0.0,0.6237113402061856
a,1,0.0,1.0,0.0,0.8356164383561644,0.1643835616438356,13,1,0.0,0.6237113402061856
TEX/LATEX,9,0.8888888888888888,0.0,0.0,0.8356164383561644,0.1643835616438356,13,1,0.0,0.6237113402061856
file,4,0.0,1.0,0.0,0.8356164383561644,0.1643835616438356,13,1,0.0,0.6237113402061856
prepared,8,0.0,1.0,0.0,0.8356164383561644,0.1643835616438356,13,1,0.0,0.6237113402061856
by,2,0.0,1.0,0.0,0.8356164383561644,0.1643835616438356,13,1,0.0,0.6237113402061856
the,3,0.0,1.0,0.0,0.8356164383561644,0.1643835616438356,13,1,0.0,0.6237113402061856
author.,7,0.0,0.8571428571428571,0.0,0.8356164383561644,0.1643835616438356,13,1,0.0,0.6237113402061856
MNRAS,5,1.0,0.0,0.0,0.8636363636363636,0.13636363636363635,4,1,0.0,0.8865979381443299
"000,",4,0.0,0.0,0.75,0.8636363636363636,0.13636363636363635,4,1,0.0,0.8865979381443299
1–10,4,0.0,0.0,0.75,0.8636363636363636,0.13636363636363635,4,1,0.0,0.8865979381443299
(2021),6,0.0,0.0,0.6666666666666666,0.8636363636363636,0.13636363636363635,4,1,0.0,0.8865979381443299
avr_spaces,10,0.0,0.9,0.0,1.0,0.0,1,1,0.0,0.9484536082474226
